"SCAN INDEX",      WAVENUMBER,"SCIENCE DIRECT ABSORPTION","SCIENCE HARMONIC ABSORPTION SPECTRA"
           0, 3058.4135858421,                          1,                                    0
           1,3058.41269123684,                          1,                                    0
           2,3058.41179663158,                          1,                                    0
           3,3058.41090202631,                          1,                                    0
           4,3058.41000742105,                          1,                                    0
           5,3058.40911281578,                          1,                                    0
           6,3058.40821821052,                          1,                                    0
           7,3058.40732360526,                          1,                                    0
           8,     3058.406429,                          1,                                    0
           9,3058.40553439473,                          1,                                    0
          10,3058.40463978946,                          1,                                    0
          11, 3058.4037451842,                          1,                                    0
          12,3058.40285057895,                          1,                                    0
          13,3058.40195597368,                          1,                                    0
          14,3058.40106136841,                          1,                                    0
          15,3058.40016676315,                          1,                                    0
          16,3058.39927215789,                          1,                                    0
          17,3058.39837755263,                          1,                                    0
          18,3058.39748294736,                          1,                                    0
          19, 3058.3965883421,                          1,                                    0
          20,3058.39569373683,                          1,                                    0
          21,3058.39479913157,                          1,                                    0
          22,3058.39390452631,                          1,                                    0
          23,3058.39300992105,                          1,                                    0
          24,3058.39211531579,                          1,                                    0
          25,3058.39122071052,                          1,                                    0
          26,3058.39032610526,                          1,                                    0
          27,3058.38943149999,                          1,                                    0
          28,3058.38853689474,                          1,                                    0
          29,3058.38764228947,                          1,                                    0
          30,3058.38674768421,                          1,                                    0
          31,3058.38585307894,                          1,                                    0
          32,3058.38495847368,                          1,                                    0
          33,3058.38406386842,                          1,                                    0
          34,3058.38316926315,                          1,                                    0
          35,3058.38227465789,                          1,                                    0
          36,3058.38138005263,                          1,                                    0
          37,3058.38048544736,                          1,                                    0
          38, 3058.3795908421,                          1,                                    0
          39,3058.37869623684,                          1,                                    0
          40,3058.37780163157,                          1,                                    0
          41,3058.37690702632,                          1,                                    0
          42,3058.37601242105,                          1,                                    0
          43,3058.37511781578,                          1,                                    0
          44,3058.37422321052,                          1,                                    0
          45,3058.37332860526,                          1,                                    0
          46,     3058.372434,                          1,                                    0
          47,3058.37153939473,                          1,                                    0
          48,3058.37064478947,                          1,                                    0
          49, 3058.3697501842,                          1,                                    0
          50,3058.36885557895,                          1,                                    0
          51,3058.36796097368,                          1,                                    0
          52,3058.36706636842,                          1,                                    0
          53,3058.36617176315,                          1,                                    0
          54,3058.36527715789,                          1,                                    0
          55,3058.36438255263,                          1,                                    0
          56,3058.36348794736,                          1,                                    0
          57,3058.36259334211,                          1,                                    0
          58,3058.36169873684,                          1,                                    0
          59,3058.36080413157,                          1,                                    0
          60,3058.35990952631,                          1,                                    0
          61,3058.35901492105,                          1,                                    0
          62,3058.35812031579,                          1,                                    0
          63,3058.35722571053,                          1,                                    0
          64,3058.35633110526,                          1,                                    0
          65,3058.35543649999,                          1,                                    0
          66,3058.35454189473,                          1,                                    0
          67,3058.35364728947,                          1,                                    0
          68,3058.35275268421,                          1,                                    0
          69,3058.35185807894,                          1,                                    0
          70,3058.35096347368,                          1,                                    0
          71,3058.35006886841,                          1,                                    0
          72,3058.34917426315,                          1,                                    0
          73,3058.34827965789,                          1,                                    0
          74,3058.34738505263,                          1,                                    0
          75,3058.34649044737,          0.985916908756446,                  -0.0010052170766277
          76, 3058.3455958421,            0.9897966154823,                 -0.00060279940041553
          77,3058.34470123683,           0.99367406366101,                -0.000200823375840948
          78,3058.34380663157,          0.996340995899427,                                    0
          79,3058.34291202632,           0.99860580346844,                 0.000802415269962587
          80,3058.34201742105,          0.998861193981971,                  0.00120296410355115
          81,3058.34112281579,          0.998715536398813,                  0.00180345903442803
          82,3058.34022821052,          0.997971212445901,                  0.00360495320570464
          83,3058.33933360526,          0.997025537144756,                  0.00460381195629982
          84,     3058.338439,          0.996280951228246,                  0.00520146681364145
          85,3058.33754439473,          0.995539168737791,                  0.00619837602548132
          86,3058.33664978947,          0.994796204666629,                  0.00619499444448885
          87,3058.33575518421,          0.993856306273918,                  0.00599189895261606
          88,3058.33486057894,          0.993514309839924,                  0.00618825469259346
          89,3058.33396597368,          0.993372198347239,                  0.00618488414315413
          90,3058.33307136841,          0.993631030480923,                  0.00578272122896784
          91,3058.33217676316,          0.993688305528263,                  0.00518168791490871
          92,3058.33128215789,           0.99394668541687,                  0.00358537882515103
          93,3058.33038755263,          0.994003726767427,                  0.00119447673955629
          94,3058.32949294736,          0.994060706149208,                                    0
          95, 3058.3285983421,          0.994119600602159,                 -0.00178977323573103
          96,3058.32770373684,          0.994176455389263,                 -0.00218631367638582
          97,3058.32680913158,          0.994433871935352,                 -0.00238378075573796
          98,3058.32591452631,          0.994490494862759,                 -0.00178686653099717
          99,3058.32501992105,          0.994150190098979,                -0.000992165858382214
         100,3058.32412531578,          0.994208877077466,                 0.000198326127484035
         101,3058.32323071052,          0.993869092336266,                 0.000594656417432948
         102,3058.32233610526,          0.993729755430745,                 0.000792447970837915
         103,3058.32144149999,           0.99398461105897,                  0.00138603431820972
         104,3058.32054689473,          0.993845362252874,                  0.00197898319843265
         105,3058.31965228947,          0.993902089271198,                  0.00276908044772075
         106,3058.31875768421,          0.993960719969161,                  0.00395370214784869
         107,3058.31786307894,          0.994017323680966,                  0.00474188347611671
         108,3058.31696847369,          0.994073866362823,                  0.00592415891753768
         109,3058.31607386842,          0.994132310188228,                  0.00631571052730262
         110,3058.31517926315,          0.994385989829291,                  0.00591779006047981
         111,3058.31428465789,          0.994049895705594,                  0.00492884716236411
         112,3058.31339005263,          0.994106299422059,                   0.0039409565883927
         113,3058.31249544737,          0.994164600413973,                  0.00275719183949992
         114, 3058.3116008421,          0.994417718429403,                  0.00196836444661402
         115,3058.31070623684,          0.994672521384672,                 0.000786924463120785
         116,3058.30981163157,          0.994533799992135,                 0.000196625899563491
         117,3058.30891702631,          0.994589793122965,                 0.000393040819254284
         118,3058.30802242105,          0.994647679842868,                 0.000785661674441444
         119,3058.30712781578,          0.994703552035933,                 0.000981550771695217
         120,3058.30623321052,          0.994565110757941,                  0.00156964310239959
         121,3058.30533860526,          0.994817067789929,                  0.00117660209082192
         122,3058.30444399999,          0.995070705486903,                  0.00117597483413855
         123,3058.30354939473,          0.994932290146468,                 0.000979456871575574
         124,3058.30265478946,          0.995379434568095,                 0.000587360012530347
         125,3058.30176018421,          0.995045320058235,                 0.000782729848620047
         126,3058.30086557895,           0.99529829612129,                 0.000782313457356093
         127,3058.29997097368,          0.995353583136067,                  0.00136831796581942
         128,3058.29907636841,          0.995410755906527,                   0.0023444414270615
         129,3058.29818176314,          0.995467867945271,                  0.00273372894296465
         130,3058.29728715789,          0.995720082046398,                  0.00273227776335742
         131,3058.29639255263,          0.995579968244432,                  0.00234070525449318
         132,3058.29549794736,          0.995636899586305,                  0.00214450869305842
         133, 3058.2946033421,          0.995888622591142,                  0.00194852009898482
         134,3058.29370873684,           0.99594533011868,                  0.00155799034824979
         135,3058.29281413159,          0.996001977600174,                  0.00214110255102637
         136,3058.29191952631,          0.996058565130947,                  0.00213996957352352
         137,3058.29102492105,          0.996503972405104,                  0.00194439799493679
         138,3058.29013031578,          0.996363961435837,                   0.0015546931327261
         139,3058.28923571053,          0.996420267926339,                   0.0017481057332041
         140,3058.28834110526,          0.996476514952972,                  0.00174718266794793
         141,    3058.2874465,          0.996532702609883,                   0.0017462605770033
         142,3058.28655189474,          0.996588830991023,                  0.00232711927843788
         143,3058.28565728946,          0.996644900190142,                   0.0025197167838335
         144,3058.28476268421,          0.997090286360766,                  0.00348700702438193
         145,3058.28386807894,          0.996758791342836,                  0.00425965295445657
         146,3058.28297347368,          0.997008201321345,                  0.00522500416065146
         147,3058.28207886841,          0.997257348873734,                  0.00483542159073765
         148,3058.28118426315,          0.997312919252257,                  0.00444624871928705
         149,3058.28028965789,          0.997368431221767,                  0.00425069846704356
         150,3058.27939505263,          0.997618923475329,                  0.00366913657491894
         151,3058.27850044736,          0.997674216616323,                  0.00231613283021781
         152, 3058.2776058421,          0.997729451731076,                                    0
         153,3058.27671123685,          0.997786552729404,                 -0.00192808995696503
         154,3058.27581663158,          0.998034379095044,                 -0.00327603484159408
         155,3058.27492202631,          0.997898653867267,                  -0.0038521468977698
         156,3058.27402742104,          0.998531175463892,                 -0.00385012984562904
         157,3058.27313281578,          0.998202926881828,                 -0.00346331007784751
         158,3058.27223821053,          0.998450017884409,                 -0.00307688757437414
         159,3058.27134360526,          0.998506564772227,                 -0.00326749020233453
         160,     3058.270449,          0.998755158025773,                 -0.00307368388698064
         161,3058.26955439473,          0.998425559694328,                 -0.00326408356053915
         162,3058.26865978947,          0.998673936030367,                 -0.00345429109311042
         163, 3058.2677651842,          0.998538443538271,                   -0.002877079649073
         164,3058.26687057895,          0.998786503154517,                 -0.00306729060469717
         165,3058.26597597368,           0.99903430515957,                 -0.00306569790612833
         166,3058.26508136842,          0.998896923642603,                 -0.00268108836867263
         167,3058.26418676315,          0.999144410820619,                 -0.00287110462879488
         168,3058.26329215789,          0.999009025899242,                 -0.00344353934626319
         169,3058.26239755263,          0.999449318148791,                 -0.00420659747451184
         170,3058.26150294736,          0.999505025236069,                 -0.00554218847645239
         171, 3058.2606083421,          0.999560674650927,                 -0.00611235268274979
         172,3058.25971373684,          0.999425354285311,                 -0.00668192691499253
         173,3058.25881913157,          0.999290173869239,                 -0.00686928513639347
         174,3058.25792452631,          0.999347753946851,                 -0.00591217182678481
         175,3058.25702992105,          0.999593986424278,                 -0.00457480085320036
         176,3058.25613531579,          0.999458928067916,                  -0.0038103657189017
         177,3058.25524071052,          0.999897173019724,                 -0.00228504400613915
         178,3058.25434610526,          0.999571775229576,                 -0.00152257696150735
         179,    3058.2534515,          0.999629062479194,                 -0.00038044873928799
         180,3058.25255689473,          0.999686290912894,                 0.000380253438917038
         181,3058.25166228948,           1.00012161843736,                 0.000760115233469394
         182,3058.25076768421,          0.999798672759665,                 0.000569794076420781
         183,3058.24987307894,          0.999855726153052,                 0.000759336036569624
         184,3058.24897847368,           1.00010245784998,                 0.000569210277660773
         185,3058.24808386841,          0.999780018053691,                 0.000189639608887271
         186,3058.24718926316,           1.00002653595812,                -0.000947712789952728
         187,3058.24629465789,           1.00008335606681,                 -0.00113667363826498
         188,3058.24540005263,           1.00014011807788,                 -0.00208283629285436
         189,3058.24450544736,           1.00000757008002,                 -0.00208177200433009
         190, 3058.2436108421,           1.00025536019975,                  -0.0026481798492429
         191,3058.24271623684,           1.00012288844565,                 -0.00321400550162118
         192,3058.24182163157,           1.00036847724417,                 -0.00415717916497388
         193,3058.24092702632,           1.00023797202507,                 -0.00566600059681873
         194,3058.24003242105,            1.0004832522879,                 -0.00660696487359932
         195,3058.23913781578,           1.00035282153457,                  -0.0067922862269416
         196,3058.23824321052,           1.00059779400811,                 -0.00641167074939231
         197,3058.23734860526,           1.00009047181049,                 -0.00565448815573214
         198,     3058.236454,          0.999960438641275,                 -0.00508646040755735
         199,3058.23555939473,           1.00001882920032,                 -0.00414242407124969
         200,3058.23466478947,           1.00007716063904,                  -0.0039521302923259
         201, 3058.2337701842,           1.00032353450157,                 -0.00319772472480757
         202,3058.23287557894,           1.00019364651427,                  -0.0026320885434586
         203,3058.23198097368,           1.00025180112972,                 -0.00225493549005386
         204,3058.23108636842,           1.00030989698273,                 -0.00150253082535896
         205,3058.23019176316,           1.00018209020786,                 -0.00112633118266651
         206,3058.22929715789,           1.00005253559286,                -0.000375254234744039
         207,3058.22840255262,          0.999924986872703,                -0.000562598454729578
         208,3058.22750794737,          0.999983130556373,                 -0.00112462957513369
         209, 3058.2266133421,          0.999855745002126,                 -0.00243547399007451
         210,3058.22571873684,           1.00047748785215,                 -0.00337050248574558
         211,3058.22482413158,           1.00016095404575,                 -0.00374311734298559
         212,3058.22392952631,           1.00003367116738,                 -0.00374124081993034
         213,3058.22303492105,          0.999906515845564,                 -0.00317846125081799
         214,3058.22214031578,          0.999966362559286,                  -0.0026162453888675
         215,3058.22124571053,           1.00002614935766,                 -0.00224137351368919
         216,3058.22035110526,          0.999901055347398,                 -0.00186688023776587
         217,    3058.2194565,          0.999774220454134,                 -0.00130616266203414
         218,3058.21856189473,          0.999834013752613,                  -0.0011190084093482
         219,3058.21766728947,          0.999895611196445,                 -0.00149126862221692
         220,3058.21677268421,          0.999955284280189,                 -0.00279473248820623
         221,3058.21587807895,          0.999830537197085,                 -0.00279334290518836
         222,3058.21498347368,          0.999892044418138,                 -0.00316421533043715
         223,3058.21408886842,           0.99976745267662,                 -0.00353471931538068
         224,3058.21319426315,          0.999641125860694,                 -0.00334701269819429
         225,3058.21229965789,          0.999704493373403,                 -0.00278779836411992
         226,3058.21140505263,          0.999394418995181,                 -0.00204337148865186
         227,3058.21051044737,          0.999455989959023,                 -0.00148535164771915
         228, 3058.2096158421,          0.999517499907212,                  -0.0011134617525888
         229,3058.20872123684,          0.999766288400114,                -0.000556456190204145
         230,3058.20782663157,          0.999642190388084,                -0.000370787162606856
         231,3058.20693202631,          0.999890671701945,                 0.000555906600279065
         232,3058.20603742105,          0.999211002989299,                  0.00129647396124654
         233,3058.20514281579,          0.999274332089331,                  0.00203631301463183
         234,3058.20424821052,          0.999337598851345,                  0.00277542380721536
         235,3058.20335360526,          0.999215866135034,                  0.00406861911067384
         236,3058.20245899999,          0.999279099428825,                  0.00462115750753249
         237,3058.20156439474,          0.999342270570673,                  0.00424937552655305
         238,3058.20066978947,          0.999036050243573,                    0.004062623494521
         239,3058.19977518421,          0.999101122765958,                  0.00276861571060214
         240,3058.19888057894,          0.999533255973124,                  0.00239828946615921
         241,3058.19798597367,          0.999229234508167,                  0.00221272389999963
         242,3058.19709136842,          0.999294117213403,                  0.00239594679523686
         243,3058.19619676315,          0.998988669040562,                  0.00294741263224212
         244, 3058.1953021579,          0.999237729095549,                  0.00349834473057222
         245,3058.19440755263,          0.999302512610903,                  0.00386470584987642
         246,3058.19351294737,          0.999369071247123,                   0.0045986060705279
         247, 3058.1926183421,          0.999249873140311,                  0.00533178405171463
         248,3058.19172373684,          0.999314556216497,                  0.00532918759291622
         249,3058.19082913158,          0.999197335963573,                  0.00514292746451839
         250,3058.18993452632,          0.999078395159188,                  0.00550759865027116
         251,3058.18903992105,          0.999328398468895,                  0.00587192595501371
         252,3058.18814531578,          0.999394750839095,                  0.00641930928232122
         253,3058.18725071052,          0.998911078765303,                  0.00696616278089218
         254,3058.18635610526,          0.998977568812551,                  0.00714602442840966
         255,    3058.1854615,          0.999043994564322,                  0.00714256934702265
         256,3058.18456689474,          0.999293410411396,                  0.00713911760506401
         257,3058.18367228947,          0.999176653554112,                  0.00731863507455859
         258,3058.18277768421,          0.999244714372189,                  0.00768087079129428
         259,3058.18188307895,          0.998945303860334,                  0.00767716427486442
         260,3058.18098847368,          0.999013410311689,                  0.00803887894179121
         261,3058.18009386842,          0.999264065390438,                  0.00785240402262223
         262,3058.17919926316,          0.999514479818058,                  0.00748358175174221
         263,3058.17830465789,          0.999399776330025,                  0.00711511341308342
         264,3058.17741005263,          0.999285182861894,                   0.0067469984974252
         265,3058.17651544736,          0.999354784618357,                  0.00619698389148717
         266,3058.17562084211,          0.999422499212085,                  0.00619401475997282
         267,3058.17472623684,          0.999674058913396,                  0.00564478976799914
         268,3058.17383163158,          0.999559553146647,                  0.00509607929499383
         269,3058.17293702631,          0.999628891185074,                  0.00472981822944712
         270,3058.17204242104,          0.999516333736995,                  0.00418207671019663
         271,3058.17114781579,          0.999585626322179,                   0.0041800853464382
         272,3058.17025321052,          0.999656668888933,                  0.00399644679548547
         273,3058.16935860526,           1.00008896942538,                  0.00417611588540012
         274,3058.16846399999,          0.999976407090214,                  0.00435561411436754
         275,3058.16756939474,          0.999865765481412,                  0.00435355195420063
         276,3058.16667478947,          0.999936540745374,                  0.00398886743361709
         277,3058.16578018421,           1.00000724905581,                  0.00308084871945429
         278,3058.16488557895,          0.999896749792141,                  0.00235482930204671
         279,3058.16399097368,          0.999786354962177,                 0.000905275583993279
         280,3058.16309636841,           1.00021897321469,                                    0
         281,3058.16220176315,           1.00047210851622,                -0.000723537955896744
         282,3058.16130715789,           1.00018079913216,                 -0.00126559392514916
         283,3058.16041255263,           1.00043371403788,                -0.000722856729796154
         284,3058.15951794737,           1.00032513276254,                                    0
         285, 3058.1586233421,           1.00039719794901,                  0.00090272261139597
         286,3058.15772873684,           1.00046919551016,                  0.00144367849279965
         287,3058.15683413158,           1.00054112554113,                  0.00252525252525253
         288,3058.15593952632,           1.00061479215157,                  0.00306494621019401
         289,3058.15504492105,           1.00086679317162,                  0.00306351016995273
         290,3058.15415031579,           1.00112036139761,                  0.00288195857905032
         291,3058.15325571052,           1.00047350104512,                  0.00198042262218757
         292,3058.15236110525,            1.0007270162103,                 0.000719818030002016
         293,    3058.1514665,           1.00080042449479,                -0.000179870672986123
         294,3058.15057189473,           1.00105355133096,                -0.000719147666186036
         295,3058.14967728948,           1.00076733282657,                -0.000539109714217941
         296,3058.14878268421,           1.00120165753299,                 -0.00035923992017689
         297,3058.14788807894,           1.00127650635829,                 0.000359073518507547
         298,3058.14699347368,           1.00117183223956,                 0.000717814541845896
         299,3058.14609886842,            1.0012466255908,                  0.00107622353162752
         300,3058.14520426316,           1.00132134974891,                  0.00107572571145809
         301,3058.14430965789,           1.00139600480985,                 0.000537614175810588
         302,3058.14341505263,           1.00165150695532,                 0.000716488917707665
         303,3058.14252044736,           1.00136786169558,                 0.000537118466849048
         304, 3058.1416258421,           1.00126522701609,                 -0.00035791429026491
         305,3058.14073123684,            1.0015204364547,                 -0.00107324926214113
         306,3058.13983663157,           1.00177541135727,                 -0.00196671952970372
         307,3058.13894202631,           1.00167273091192,                 -0.00285936908021245
         308,3058.13804742105,           1.00175056268086,                 -0.00285806151977421
         309,3058.13715281578,           1.00182653456578,                 -0.00232110941888347
         310,3058.13625821052,           1.00172575950372,                 -0.00178465305452294
         311,3058.13536360526,           1.00162507648206,                 -0.00124868664922073
         312,     3058.134469,           1.00170278775776,                 -0.00106981429806809
         313,3058.13357439473,           1.00178042812257,                 -0.00106932619973944
         314,3058.13267978947,           1.00185799767349,                  -0.0012469783043589
         315,3058.13178518421,           1.00193728054244,                -0.000890294366929482
         316,3058.13089057894,            1.0020147080809,                -0.000889888728313412
         317,3058.12999597369,           1.00209384778776,                -0.000711588033224045
         318,3058.12910136842,           1.00181728303739,                 -0.00142253075333672
         319,3058.12820676315,           1.00171870473293,                 -0.00195509328461004
         320,3058.12731215789,           1.00197730627995,                  -0.0031977999136594
         321,3058.12641755262,           1.00187874461504,                 -0.00443937763477063
         322,3058.12552294737,           1.00213704037657,                 -0.00532485143664492
         323, 3058.1246283421,           1.00221768828174,                  -0.0054998669387031
         324,3058.12373373684,           1.00212092838497,                 -0.00549738962660311
         325,3058.12283913157,           1.00220151092424,                 -0.00496314862148547
         326,3058.12194452632,            1.0024591964735,                 -0.00407503738403861
         327,3058.12104992105,           1.00201004135195,                 -0.00247934616099811
         328,3058.12015531578,           1.00226758172411,                 -0.00194718180836545
         329,3058.11926071053,           1.00217278987636,                 -0.00123856100443759
         330,3058.11836610526,           1.00207808285803,                -0.000707432462307114
         331,    3058.1174715,           1.00216023957092,                -0.000707116062494918
         332,3058.11657689473,           1.00224409379252,                -0.000883501493117523
         333,3058.11568228947,           1.00197286036493,                -0.000883106698717552
         334,3058.11478768421,            1.0018801804267,                -0.000882713815353924
         335,3058.11389307894,           1.00196404717242,                -0.000529392768847706
         336,3058.11299847368,           1.00204783936191,                -0.000529157457857018
         337,3058.11210386842,           1.00177894219055,                -0.000176307451987073
         338,3058.11120926315,           1.00186450773824,                -0.000704917859446428
         339,3058.11031465789,           1.00177208143824,                -0.000880756182027642
         340,3058.10942005263,           1.00220972101172,                -0.000704293549551453
         341,3058.10852544737,           1.00194299150293,                -0.000527986821448937
         342, 3058.1076308421,           1.00185241544067,                 0.000175917895599766
         343,3058.10673623684,           1.00176191933153,                                    0
         344,3058.10584163158,           1.00167326363745,                 0.000527288961381356
         345,3058.10494702631,           1.00140724070141,                 0.000175685480824808
         346,3058.10405242105,            1.0016700354202,                -0.000351216702461502
         347,3058.10315781579,           1.00175706820619,                -0.000702125157319918
         348,3058.10226321053,           1.00201947893583,                 0.000175454295033415
         349,3058.10136860526,           1.00193266198759,                  0.00105226605494933
         350,     3058.100474,           1.00149356295403,                   0.0021036097944072
         351,3058.09957939473,           1.00158227570848,                  0.00367971094994367
         352,3058.09868478947,           1.00132061525959,                  0.00472899363512486
         353,3058.09779018421,           1.00175946918303,                  0.00507707525451028
         354,3058.09689557895,           1.00167295483022,                    0.004899867703572
         355,3058.09600097368,           1.00158826780854,                  0.00437298405435094
         356,3058.09510636842,           1.00115221674963,                  0.00332202097768826
         357,3058.09421176315,           1.00106782898658,                  0.00262151142367295
         358,3058.09331715789,           1.00133289776866,                  0.00174691712799836
         359,3058.09242255263,           1.00159773697582,                  0.00104769637758977
         360,3058.09152794737,           1.00134047321497,                 0.000349081566398805
         361, 3058.0906333421,           1.00125614990055,                -0.000697861055863778
         362,3058.08973873684,           1.00134803558256,                 -0.00191829125590529
         363,3058.08884413158,           1.00143984214031,                 -0.00209178034911814
         364,3058.08794952631,           1.00118308965868,                 -0.00243936012099226
         365,3058.08705492105,           1.00144905323877,                 -0.00226414568558331
         366,3058.08616031579,           1.00119426058557,                 -0.00208908557242686
         367,3058.08526571052,           1.00128597555776,                 -0.00208818764454174
         368,3058.08437110526,           1.00103147117708,                 -0.00226123529544779
         369,    3058.0834765,           1.00129878484508,                  -0.0022602681373478
         370,3058.08258189473,           1.00122002509567,                 -0.00243309848139896
         371,3058.08168728947,           1.00079215626325,                 -0.00260577718173038
         372,3058.08079268421,           1.00106096834633,                  -0.0020837348864104
         373,3058.07989807895,           1.00080710250202,                -0.000867852152707265
         374,3058.07900347368,           1.00090218258788,                 0.000520489954543877
         375,3058.07810886842,           1.00099891783901,                   0.0015608091234496
         376,3058.07721426315,           1.00092048628025,                  0.00277359331147973
         377,3058.07631965789,           1.00084385553609,                  0.00329224952478977
         378,3058.07542505263,           1.00093875896757,                  0.00311764970780694
         379,3058.07453044737,           1.00103531497467,                  0.00242381432197257
         380, 3058.0736358421,           1.00113178943871,                  0.00173056489099172
         381,3058.07274123684,           1.00105693068022,                  0.00121088621302256
         382,3058.07184663158,           1.00098040402329,                  0.00172910762484589
         383,3058.07095202631,           1.00090567185642,                  0.00276541024861038
         384,3058.07005742105,           1.00117653359686,                  0.00397360833006518
         385,3058.06916281579,            1.0007563956882,                  0.00518079238492597
         386,3058.06826821053,           1.00102709280949,                  0.00552386048799855
         387,3058.06737360526,           1.00095419353392,                  0.00621174814122064
         388,     3058.066479,           1.00105383165255,                  0.00569172578300037
         389,3058.06558439474,           1.00098098205096,                  0.00499973277290352
         390,3058.06468978947,           1.00073586053461,                  0.00379131891368373
         391,3058.06379518421,           1.00100772589856,                  0.00241165172303903
         392,3058.06290057895,           1.00093498657786,                 0.000860945283483454
         393,3058.06200597368,           1.00103614814509,                 0.000172117632074465
         394,3058.06111136842,           1.00096517955609,                                    0
         395,3058.06021676316,           1.00089426979432,                 0.000515924881337277
         396,3058.05932215789,           1.00133912992655,                    0.001547133419629
         397,3058.05842755263,           1.00092617890202,                   0.0024056594857731
         398,3058.05753294737,           1.00120061628201,                  0.00309171574765416
         399, 3058.0566383421,           1.00095803530652,                   0.0032621273877914
         400,3058.05574373684,           1.00106233084655,                  0.00343240984346495
         401,3058.05484913157,           1.00116482336371,                  0.00274479732245021
         402,3058.05395452632,           1.00109575228796,                  0.00274366770068643
         403,3058.05305992105,           1.00102845389098,                  0.00274254370929037
         404,3058.05216531578,           1.00113254940126,                  0.00291275942834526
         405,3058.05127071052,           1.00123655969226,                  0.00325410445332758
         406,3058.05037610526,           1.00151168344698,                  0.00393756730244112
         407,    3058.0494815,           1.00161716764638,                  0.00427822128671783
         408,3058.04858689474,           1.00137873464319,                  0.00427647221832588
         409,3058.04769228947,           1.00131319763624,                   0.0041037426132633
         410,3058.04679768421,           1.00141863366777,                  0.00307655494214368
         411,3058.04590307895,           1.00152569506259,                  0.00222105664206989
         412,3058.04500847368,           1.00163095919186,                  0.00102468640326533
         413,3058.04411386842,           1.00173784786832,                                    0
         414,3058.04321926316,           1.00167400715676,                 -0.00136514345098026
         415,3058.04232465789,           1.00178079200895,                 -0.00255860920826397
         416,3058.04143005263,           1.00171698553947,                 -0.00375111041393503
         417,3058.04053544737,           1.00182537423581,                 -0.00392003804141265
         418, 3058.0396408421,           1.00193367577283,                 -0.00391846191851303
         419,3058.03874623684,           1.00187159081814,                 -0.00408718650002299
         420,3058.03785163158,           1.00180955574811,                 -0.00357485143087684
         421,3058.03695702631,           1.00208789581961,                 -0.00289276519424918
         422,3058.03606242105,            1.0021976227573,                 -0.00238132496921287
         423,3058.03516781579,           1.00213553143448,                 -0.00187029026904976
         424,3058.03427321052,           1.00207519303034,                   -0.001869543270579
         425,3058.03337860526,            1.0018467142248,                 -0.00152901821740261
         426,     3058.032484,           1.00195636225308,                -0.000679292448985137
         427,3058.03158939473,           1.00223737951592,                -0.000679022614848188
         428,3058.03069478947,           1.00217709653718,                -0.000339375921617737
         429,3058.02980018421,           1.00212026121618,                -0.000848104486472733
         430,3058.02890557895,           1.00223132536657,                 -0.00101732159570283
         431,3058.02801097368,           1.00217281506666,                 -0.00152537719188228
         432,3058.02711636842,           1.00228546838548,                 -0.00118593615258593
         433,3058.02622176315,           1.00222868020133,                -0.000169352598884982
         434,3058.02532715789,           1.00234122261591,                 0.000677143200551195
         435,3058.02443255263,           1.00245367628395,                  0.00118453337845841
         436,3058.02353794737,           1.00222943188392,                  0.00202983176077756
         437,3058.02264334211,           1.00217275517192,                   0.0025362900839512
         438,3058.02174873684,           1.00245585627917,                  0.00219725613414756
         439,3058.02085413158,           1.00240082854773,                   0.0016895345163454
         440,3058.01995952631,           1.00234753677526,                  0.00101332522673152
         441,3058.01906492105,           1.00246141587124,                 0.000675285561381769
         442,3058.01817031579,           1.00257689769868,                 0.000168755579481347
         443,3058.01727571052,           1.00269228952571,                -0.000337379639813497
         444,3058.01638110526,           1.00230171912282,                 -0.00101174466937027
         445,    3058.0154865,           1.00275593537458,                 -0.00151702864655761
         446,3058.01459189473,           1.00270262984081,                 -0.00151643818997938
         447,3058.01369728947,           1.00248262666617,                 -0.00168427860662999
         448,3058.01280268421,           1.00276788179596,                 -0.00134690111725448
         449,3058.01190807895,           1.00238141319623,                 -0.00117808426668462
         450,3058.01101347368,           1.00266648721853,                 -0.00100939579250187
         451,3058.01011886842,           1.00261669166762,                -0.000672671379850802
         452,3058.00922426315,           1.00256693445492,                -0.000504309323166457
         453,3058.00832965789,           1.00268525395646,                -0.000840192101522092
         454,3058.00743505263,           1.00280348243246,                 -0.00100784269591202
         455,3058.00654044737,           1.00275539451171,                 -0.00100745685985771
         456,3058.00564584211,           1.00287518861607,                 -0.00100707131911237
         457,3058.00475123684,           1.00299489106818,                 -0.00134224809778277
         458,3058.00385663157,           1.00261135141209,                 -0.00234803595178476
         459,3058.00296202632,           1.00273106320341,                 -0.00285009665180705
         460,3058.00206742105,           1.00285236417752,                 -0.00402213515044461
         461,3058.00117281579,           1.00297357289442,                 -0.00452318130418394
         462,3058.00027821052,           1.00292722790847,                  -0.0050238465248379
         463,3057.99938360526,           1.00271352022753,                 -0.00451974374726932
         464,     3057.998489,           1.00266898703993,                 -0.00418336526635487
         465,3057.99759439474,           1.00279008149447,                  -0.0035126925290048
         466,3057.99669978947,           1.00274555310689,                 -0.00300974153008571
         467,3057.99580518421,           1.00270105836024,                 -0.00267431520816201
         468,3057.99491057895,           1.00282535433887,                 -0.00284039170672454
         469,3057.99401597368,           1.00278086298613,                 -0.00334037595931422
         470,3057.99312136842,           1.00257112328035,                 -0.00367303325764659
         471,3057.99222676316,           1.00286222118377,                 -0.00500680090456203
         472,3057.99133215789,           1.00315310054887,                 -0.00633956724112043
         473,3057.99043755263,           1.00277836146716,                 -0.00633719902473842
         474,3057.98954294737,           1.00290234871862,                 -0.00666823370158654
         475, 3057.9886483421,           1.00286127085753,                 -0.00599917011480079
         476,3057.98775373684,           1.00315338651723,                 -0.00516402440751149
         477,3057.98685913158,           1.00294739646645,                 -0.00366343063627129
         478,3057.98596452632,           1.00290634768974,                 -0.00266331976149972
         479,3057.98506992105,           1.00286699823787,                 -0.00216314434662225
         480,3057.98417531579,           1.00282767797738,                 -0.00232867598137059
         481,3057.98328071052,           1.00295465919993,                 -0.00282662951034463
         482,3057.98238610526,           1.00241670351004,                 -0.00332421390651646
         483,    3057.9814915,           1.00287770740428,                 -0.00398758531771086
         484,3057.98059689473,           1.00283844136518,                 -0.00398610841218354
         485,3057.97970228947,           1.00280086931546,                 -0.00448271911780088
         486,3057.97880768421,            1.0030969206717,                 -0.00464704066492513
         487,3057.97791307895,           1.00289337642429,                 -0.00481123373305284
         488,3057.97701847368,           1.00269164495495,                 -0.00514115795461518
         489,3057.97612386842,           1.00265584434962,                 -0.00513927433446397
         490,3057.97522926316,           1.00262006996797,                 -0.00513739209405073
         491,3057.97433465789,           1.00291564508648,                  -0.0053011728845007
         492,3057.97344005263,           1.00304540283277,                 -0.00513363174637872
         493,3057.97254544737,           1.00284564487213,                 -0.00529730284514825
         494, 3057.9716508421,            1.0028115128057,                  -0.0046334525344158
         495,3057.97075623684,           1.00244656513173,                 -0.00413550563173157
         496,3057.96986163158,           1.00257796312802,                 -0.00347256098065122
         497,3057.96896702631,            1.0025456228511,                 -0.00281010314731552
         498,3057.96807242105,           1.00267854634744,                 -0.00247860550349566
         499,3057.96717781579,           1.00248101249096,                 -0.00148662532747052
         500,3057.96628321052,           1.00228362149675,                -0.000330241720427267
         501,3057.96538860526,           1.00258155672492,                 0.000330122343340442
         502,     3057.964494,           1.00238592600659,                 0.000825008992598019
         503,3057.96359939473,             1.002355378444,                  0.00131953974453711
         504,3057.96270478947,           1.00232485284176,                  0.00197859816320137
         505,3057.96181018421,           1.00212952524114,                  0.00214271115594322
         506,3057.96091557895,           1.00209910269127,                  0.00247147098657826
         507,3057.96002097369,           1.00223505829763,                  0.00230588181038075
         508,3057.95912636842,            1.0020416227608,                  0.00263435194942044
         509,3057.95823176316,           1.00201291358955,                  0.00263341107382274
         510, 3057.9573371579,           1.00181969548893,                  0.00312605915820163
         511,3057.95644255263,           1.00179273367214,                  0.00328941958191477
         512,3057.95554794737,           1.00176579100532,                  0.00345266397687702
         513,3057.95465334211,           1.00190322167109,                  0.00345143826363072
         514,3057.95375873684,           1.00204055479432,                  0.00377880517466295
         515,3057.95286413158,           1.00168507770081,                   0.0034489894460923
         516,3057.95196952632,           1.00182403556787,                   0.0037761312386203
         517,3057.95107492105,           1.00179877368276,                  0.00377479878681249
         518,3057.95018031579,           1.00160946582469,                  0.00328127589131758
         519,3057.94928571052,           1.00158429741494,                  0.00295210698435711
         520,3057.94839110526,            1.0017230948817,                  0.00245922200052791
         521,    3057.9474965,           1.00169954585906,                  0.00262225012004989
         522,3057.94660189474,           1.00167601334913,                  0.00311283026719552
         523,3057.94570728947,           1.00148872158286,                  0.00327551503379513
         524,3057.94481268421,           1.00179271616964,                  0.00327436743314151
         525,3057.94391807894,           1.00160715396273,                  0.00261858079467381
         526,3057.94302347368,           1.00191089471755,                  0.00196324799748704
         527,3057.94212886842,           1.00172542092911,                  0.00130837605998904
         528,3057.94123426316,           1.00170356637206,                 0.000980940329399763
         529,3057.94033965789,           1.00151993070423,                 0.000490300227172439
         530,3057.93944505263,           1.00149816283086,                 0.000163376535535213
         531,3057.93855044736,           1.00164136568158,                                    0
         532, 3057.9376558421,           1.00178446940198,                -0.000653053761018241
         533,3057.93676123684,           1.00143785324105,                 -0.00114244865917329
         534,3057.93586663158,           1.00158256244596,                  -0.0021209599791167
         535,3057.93497202632,           1.00156244393631,                 -0.00309879277557238
         536,3057.93407742105,           1.00154397223133,                 -0.00374987975929033
         537,3057.93318281579,           1.00152551323089,                 -0.00407455456969444
         538,3057.93228821052,           1.00150706692192,                 -0.00391022768929983
         539,3057.93139360526,           1.00149026442014,                 -0.00309453814018258
         540,     3057.930499,           1.00147184286449,                 -0.00227940266624986
         541,3057.92960439474,           1.00145506391539,                 -0.00130207061779996
         542,3057.92870978947,           1.00160099964856,                 -0.00113892251422026
         543,3057.92781518421,           1.00142316919449,                -0.000650591631765136
         544,3057.92692057895,           1.00124383165186,                -0.000812961863958962
         545,3057.92602597368,           1.00139131791614,                -0.000487611419209289
         546,3057.92513136842,           1.00137622206732,                -0.000324963888387903
         547,3057.92423676316,           1.00136113646774,                -0.000162426786126154
         548,3057.92334215789,           1.00134606110695,                 0.000162371665494884
         549,3057.92244755263,           1.00149493814917,                 0.000324633691458401
         550,3057.92155294737,           1.00147982761306,                 0.000324523599356145
         551, 3057.9206583421,           1.00130414471465,                 0.000648828216241468
         552,3057.91976373684,           1.00129073266916,                  0.00048645703611457
         553,3057.91886913158,           1.00111685478132,                  0.00064839174532469
         554,3057.91797452631,           1.00126555818246,                  0.00016204330121095
         555,3057.91707992105,           1.00125379459151,                -0.000323977930623366
         556,3057.91618531579,           1.00108010422115,                -0.000971607995038322
         557,3057.91529071053,           1.00139217146372,                  -0.0019425648331013
         558,3057.91439610526,           1.00138199777974,                  -0.0022655701307234
         559,    3057.9135015,           1.00120843868751,                 -0.00258835595718212
         560,3057.91260689474,           1.00136005136175,                 -0.00242577531822129
         561,3057.91171228947,           1.00118823405786,                 -0.00193997397201588
         562,3057.91081768421,           1.00133975250941,                -0.000969664059886452
         563,3057.90992307895,            1.0011696737838,                -0.000323114304916507
         564,3057.90902847368,           1.00115959443265,                -0.000161503402876699
         565,3057.90813386842,           1.00098968819171,                                    0
         566,3057.90723926316,           1.00098129091402,                -0.000161396531911322
         567,3057.90634465789,           1.00129558549009,                 0.000484029448351638
         568,3057.90545005263,           1.00112741753642,                 0.000967740374612299
         569,3057.90455544737,           1.00112059722189,                 0.000806185051716771
         570, 3057.9036608421,           1.00111216776003,                 0.000805918666688158
         571,3057.90276623684,           1.00126648770411,                 0.000483392253478007
         572,3057.90187163158,           1.00110016317208,                -0.000161078063261799
         573,3057.90097702631,           1.00109336077202,                -0.000805125752591297
         574,3057.90008242105,           1.00108817431394,                -0.000965835189883198
         575,3057.89918781579,           1.00108299124435,                -0.000643679788615557
         576,3057.89829321052,           1.00107781155993,                -0.000160867397004649
         577,3057.89739860526,           1.00107263525738,                   0.0011257041681609
         578,     3057.896504,           1.00090669993377,                   0.0017683863956427
         579,3057.89560939474,           1.00106390159392,                  0.00241065315843777
         580,3057.89471478947,             1.001221001221,                  0.00208855472013367
         581,3057.89382018421,            1.0008961811121,                  0.00224848307695273
         582,3057.89292557894,           1.00089267938681,                  0.00128443077239244
         583,3057.89203097368,           1.00121018351775,                                    0
         584,3057.89113636842,            1.0010477386975,                 -0.00128360024195865
         585,3057.89024176316,           1.00104579692292,                 -0.00192477961273434
         586,3057.88934715789,           1.00088350979477,                 -0.00208450586788402
         587,3057.88845255263,           1.00072132724213,                  -0.0019235393123347
         588,3057.88755794737,           1.00104158320647,                -0.000801217851133723
         589, 3057.8866633421,           1.00071926196354,                 0.000480575922185147
         590,3057.88576873684,           1.00071903159736,                 0.000960844005374321
         591,3057.88487413158,           1.00103898016652,                 0.000800446969587818
         592,3057.88397952631,            1.0008786094605,                 0.000160038153095698
         593,3057.88308492105,           1.00071994240461,                -0.000319974402047836
         594,3057.88219031579,           1.00071971211515,                 -0.00175929628148741
         595,3057.88129571052,           1.00088096711323,                  -0.0015988513851649
         596,3057.88040110526,           1.00088228524666,                 -0.00191801140577449
         597,    3057.8795065,           1.00072381908038,                 -0.00127826769162431
         598,3057.87861189474,           1.00104465167096,                -0.000479198014203429
         599,3057.87771728948,           1.00088783285748,                 0.000159682168611595
         600,3057.87682268421,           1.00073111317568,                 0.000638526790987833
         601,3057.87592807894,           1.00089365504915,                 0.000319162517553938
         602,3057.87503347368,           1.00073703253472,                                    0
         603,3057.87413886842,            1.0008994698869,                -0.000318960952800158
         604,3057.87324426316,           1.00074294441947,                -0.000956580797597069
         605, 3057.8723496579,           1.00058811247771,                 -0.00143442067733344
         606,3057.87145505263,           1.00059270778232,                 -0.00223062068613892
         607,3057.87056044737,           1.00091586031139,                 -0.00222992075817306
         608, 3057.8696658421,           1.00076111983338,                 -0.00222922126931859
         609,3057.86877123684,           1.00076724958534,                 -0.00238770617842851
         610,3057.86787663158,           1.00061265246692,                 -0.00222782715243907
         611,3057.86698202631,           1.00077790557276,                 -0.00206805162493179
         612,3057.86608742105,           1.00078402435087,                 -0.00222643831891184
         613,3057.86519281579,           1.00047217580838,                 -0.00190778104396958
         614,3057.86429821052,           1.00063890857886,                 -0.00206612226993729
         615,3057.86340360526,           1.00048618194644,                 -0.00222436184647455
         616,     3057.862509,           1.00049397305226,                 -0.00206483912520708
         617,3057.86161439474,           1.00081932853169,                 -0.00206419978913405
         618,3057.86071978947,           1.00050954079422,                 -0.00222229629876551
         619,3057.85982518421,           1.00067600377039,                 -0.00158686331076814
         620,3057.85893057895,           1.00036803898675,                 -0.00142773744860145
         621,3057.85803597368,           1.00037585459343,                -0.000792942180242101
         622,3057.85714136842,           1.00038525137256,                                    0
         623,3057.85624676316,           1.00023615146026,                 0.000158490912923508
         624,3057.85535215789,            1.0002455854043,                 0.000792210981628627
         625,3057.85445755263,           1.00041499165265,                  0.00110875632387089
         626,3057.85356294737,           1.00026601977414,                  0.00158345103652705
         627, 3057.8526683421,           1.00011872254541,                  0.00205785745379714
         628,3057.85177373684,          0.999971515291541,                  0.00284847084590089
         629,3057.85087913158,           1.00014079805604,                  0.00332220132223613
         630,3057.84998452631,           1.00030997747919,                  0.00347933905210152
         631,3057.84908992105,            1.0001628466222,                  0.00442689846750261
         632,3057.84819531579,           1.00001738610913,                  0.00474166612664358
         633,3057.84730071053,           1.00003002144163,                  0.00505624280077929
         634,3057.84640610526,          0.999884689443398,                  0.00473878999736207
         635,    3057.8455115,           1.00005526912114,                  0.00426361791666996
         636,3057.84461689474,           1.00006788148209,                  0.00363086997223174
         637,3057.84372228947,           1.00008206449006,                  0.00252506123273489
         638,3057.84282768421,           1.00009466111321,                  0.00157768522024486
         639,3057.84193307895,           1.00010882748635,                  0.00110404696300339
         640,3057.84103847368,          0.999965311830873,                 0.000788367480156791
         641,3057.84014386842,          0.999979508616627,                  0.00110338218163877
         642,3057.83924926316,          0.999837693802267,                  0.00126063066200443
         643,3057.83835465789,           1.00016698330482,                  0.00204790845534142
         644,3057.83746005263,          0.999710228919154,                  0.00204729567989115
         645,3057.83656544737,           1.00035580801481,                  0.00188924609634525
         646, 3057.8356708421,          0.999899270339522,                   0.0012591207559761
         647,3057.83477623684,          0.999915034757078,                 0.000944058254688036
         648,3057.83388163158,           0.99993078975185,                 0.000629184074092717
         649,3057.83298702631,           0.99979085847094,                 0.000471747809910793
         650,3057.83209242105,          0.999806641168453,                 0.000786011510352558
         651,3057.83119781579,          0.999823985717698,                  0.00172871170117804
         652,3057.83030321053,          0.999841319966504,                  0.00235663416082614
         653,3057.82940860526,          0.999701581617428,                  0.00376949535880884
         654,     3057.828514,           0.99972051162075,                  0.00486749424536567
         655,3057.82761939474,          0.999580891805728,                   0.0054939276402639
         656,3057.82672478947,          0.999756769268189,                  0.00580615295289955
         657,3057.82583018421,          0.999932542988157,                  0.00627507086908163
         658,3057.82493557895,          0.999637721503503,                  0.00595955968263776
         659,3057.82404097368,          0.999813426693153,                  0.00533066590992115
         660,3057.82314636842,           0.99983229024133,                  0.00407519039759752
         661,3057.82225176316,          0.999696017198532,                  0.00344722764551218
         662,3057.82135715789,          0.999871550263009,                  0.00297627439370158
         663,3057.82046255263,          0.999735345749637,                   0.0031320029628748
         664,3057.81956794737,          0.999755775288216,                  0.00328764035093212
         665,3057.81867334211,          0.999932701352077,                  0.00375620360501641
         666,3057.81777873684,           0.99995462574848,                  0.00328572166182414
         667,3057.81688413158,          0.999974973252664,                   0.0029719262461756
         668,3057.81598952632,          0.999996872566466,                  0.00125097341368753
         669,3057.81509492105,           1.00001719585611,                -0.000312651929296893
         670,3057.81420031579,          0.999882789607345,                -0.000937683141238523
         671,3057.81330571053,           1.00021716680129,                 -0.00187482130609426
         672,3057.81241110526,           1.00008434258082,                 -0.00249903943171843
         673,    3057.8115165,           1.00010617832963,                 -0.00249831363829415
         674,3057.81062189474,           1.00012956259356,                 -0.00234149265473754
         675,3057.80972728947,           1.00015137257472,                 -0.00202870460968504
         676,3057.80883268421,           1.00033073942102,                 -0.00156009160857926
         677,3057.80793807895,           1.00019807446664,                -0.000467892440885689
         678,3057.80704347368,           1.00022296474506,                 0.000311838804285289
         679,3057.80614886842,           1.00040215605525,                  0.00124699552016859
         680,3057.80525426316,           1.00011375553779,                  0.00155829503823277
         681,3057.80435965789,           1.00029443334045,                   0.0024925573794498
         682,3057.80346505263,           1.00031926739813,                  0.00311480388416044
         683,3057.80257044737,           1.00034408722689,                  0.00295821597779158
         684, 3057.8016758421,           1.00021324185206,                   0.0026460667773864
         685,3057.80078123684,           1.00008247140343,                  0.00217848990192127
         686,3057.79988663158,           1.00010889348661,                  0.00124449698987291
         687,3057.79899202632,           1.00013374514396,                 0.000622070437035586
         688,3057.79809742105,           1.00016013756283,                 0.000310946723943053
         689,3057.79720281579,           1.00018651496783,                  0.00015542913985514
         690,3057.79630821053,           1.00021287737176,                 0.000466154828664793
         691,3057.79541360526,           1.00039456555847,                 0.000932044626296707
         692,     3057.794519,           1.00026555722758,                  0.00108707637022094
         693,3057.79362439474,            1.0004486804293,                   0.0012420219496329
         694,3057.79272978947,           1.00047493845977,                  0.00139687782285727
         695,3057.79183518421,           1.00034756918799,                 0.000930988896405762
         696,3057.79094057895,           1.00053051385386,                 0.000155121009899823
         697,3057.79004597368,           1.00009304633708,                -0.000465231685379319
         698,3057.78915136842,           1.00027595957967,                -0.000620133886906183
         699,3057.78825676316,           1.00030377988977,                 -0.00108492817775463
         700,3057.78736215789,           1.00002324194086,                -0.000929677634280313
         701,3057.78646755263,           1.00020602044404,                -0.000774512947532944
         702,3057.78557294737,           1.00008052676896,                                    0
         703, 3057.7846783421,           1.00026473497861,                                    0
         704,3057.78378373684,           1.00029406757363,                -0.000154772407175249
         705,3057.78288913158,           1.00001392561555,                -0.000773645308382756
         706,3057.78199452632,           1.00035423089357,                 -0.00123748783781484
         707,3057.78109992105,           1.00007422848766,                  -0.0013917841435579
         708,3057.78020531579,           1.00010512776115,                 -0.00170059613624558
         709,3057.77931071053,           1.00013446406796,                 -0.00139100759953819
         710,3057.77841610526,           1.00031984276715,                 -0.00185416096898452
         711,    3057.7775215,           1.00050511837843,                 -0.00200811587755436
         712,3057.77662689474,            1.0000725809316,                 -0.00169870265445454
         713,3057.77573228947,           1.00025936652813,                 -0.00200700289625956
         714,3057.77483768421,           1.00029016286162,                  -0.0024694711627505
         715,3057.77394307895,           1.00032248557687,                  -0.0030859863815421
         716,3057.77304847368,           1.00004627701421,                 -0.00354790442253999
         717,3057.77215386842,          0.999922893052664,                 -0.00416377515614157
         718,3057.77125926316,           1.00026363298588,                 -0.00431679742965547
         719,3057.77036465789,           1.00014179849817,                 -0.00385322005893885
         720,3057.76947005263,           1.00002157211404,                 -0.00292764404779148
         721,3057.76857544737,           1.00020795945561,                 -0.00154044041191377
         722, 3057.7676808421,          0.999933779219919,                -0.000154001814141371
         723,3057.76678623684,            1.0001200883111,                 0.000923756239203599
         724,3057.76589163158,           0.99984608280745,                  0.00153917192550408
         725,3057.76499702632,          0.999879977472695,                   0.0015387503500657
         726,3057.76410242105,          0.999913853575692,                  0.00153832900550106
         727,3057.76320781579,          0.999947711131685,                   0.0013841171024585
         728,3057.76231321053,          0.999827801455078,                  0.00199873311070521
         729,3057.76141860526,          0.999863200884122,                  0.00169077558950428
         730,     3057.760524,           1.00005070939368,                  0.00153664829347524
         731,3057.75962939474,          0.999932405859797,                  0.00107536132140399
         732,3057.75873478947,          0.999814166644909,                 0.000460743855596732
         733,3057.75784018421,          0.999695991696581,                -0.000153539547181167
         734,3057.75694557895,          0.999884876626118,                -0.000920986991058751
         735,3057.75605097368,          0.999766746668467,                 -0.00184147366999564
         736,3057.75515636842,          0.999802095334819,                 -0.00260804597524811
         737,3057.75426176316,          0.999838958290197,                 -0.00322083419605678
         738,3057.75336715789,          0.999569138015367,                 -0.00337329667684278
         739,3057.75247255263,          0.999757801697841,                 -0.00321909135781273
         740,3057.75157794737,          0.999947895435334,                 -0.00291172567253201
         741,3057.75068334211,          0.999678264466608,                 -0.00245131834964992
         742,3057.74978873684,          0.999868277157115,                 -0.00183799315653881
         743,3057.74889413158,           0.99959881297641,                 -0.00153124818164278
         744,3057.74799952632,          0.999790275198741,                 -0.00137775416885449
         745,3057.74710492105,          0.999520976778852,                 -0.00107129793866972
         746,3057.74621031579,          0.999559355434922,                 -0.00091800951057853
         747,3057.74531571053,          0.999596184555895,                -0.000458881186483196
         748,3057.74442110526,          0.999481603024135,                -0.000152919461906997
         749,    3057.7435265,          0.999672839902525,                 0.000152878550222133
         750,3057.74263189474,          0.999405461500957,                 0.000458512981266688
         751,3057.74173728947,          0.999596616467827,                 0.000611187169958928
         752,3057.74084268421,           0.99948215734168,                 0.000763779732035519
         753,3057.73994807895,           0.99921657022692,                 0.000458146066128803
         754,3057.73905347368,          0.999560297287889,                  0.00030534910563247
         755,3057.73815886842,          0.999294830896786,                -0.000152634005024711
         756,3057.73726426316,          0.999334692432584,                                    0
         757,3057.73636965789,          0.999527085780537,                 0.000762764870101143
         758,3057.73547505263,          0.999261839544659,                  0.00137261241695695
         759,3057.73458044737,          0.999454150136158,                   0.0021346084060879
         760, 3057.7336858421,          0.999493927125506,                  0.00274376859665382
         761,3057.73279123684,          0.999381291850425,                  0.00304782339692109
         762,3057.73189663158,          0.999422589692845,                  0.00289466908600062
         763,3057.73100202632,          0.999766964738566,                  0.00319852319614715
         764,3057.73010742105,          0.999655868657553,                  0.00365449213218298
         765,3057.72921281579,          0.999240370285234,                   0.0041102209015389
         766,3057.72831821053,          0.999281661674824,                  0.00532666130956729
         767,3057.72742360526,          0.999322931326979,                  0.00669461159841459
         768,     3057.726529,          0.999364179258858,                  0.00730129080737065
         769,3057.72563709091,          0.999405405487606,                  0.00760351038867624
         770,3057.72474518182,          0.999294579818902,                  0.00699338972640643
         771,3057.72385327273,           0.99948931203035,                  0.00577563775200019
         772,3057.72296136364,          0.999530472915581,                  0.00440656486995315
         773,3057.72206945455,          0.999421219813423,                  0.00288630539237803
         774,3057.72117754545,          0.999615766045564,                  0.00182245353882509
         775,3057.72028563636,          0.999656861405411,                  0.00121464989235165
         776,3057.71939372727,          0.999699452639504,                 0.000455374788630202
         777,3057.71850181818,          0.999590269663262,                -0.000151751976569495
         778,3057.71760990909,          0.999482660007495,                -0.000455137823318531
         779,     3057.716718,          0.999676936447484,                 -0.00075836514675124
         780,3057.71582609091,          0.999719478077591,                 -0.00151633471572515
         781,3057.71493418182,            0.9997635131038,                 -0.00136434747807948
         782,3057.71404227273,          0.999957564698679,                -0.000909327885448935
         783,3057.71315036364,           1.00015303053489,                -0.000454546143251732
         784,3057.71225845455,          0.999893966705546,                -0.000151476134934941
         785,3057.71136654545,           1.00008934777638,                                    0
         786,3057.71047463636,          0.999981832275568,                                    0
         787,3057.70958272727,           1.00002573094812,                -0.000302717036763471
         788,3057.70869081818,           1.00006960690258,                 -0.00166451288786933
         789,3057.70779890909,           1.00011497313259,                 -0.00257176743960885
         790,     3057.706907,           1.00015880337873,                 -0.00347855020077284
         791,3057.70601509091,           1.00020412329047,                 -0.00408246580934885
         792,3057.70512318182,           1.00024790789919,                 -0.00468606394814492
         793,3057.70423127273,           1.00014205704648,                 -0.00453373552604933
         794,3057.70333936364,           1.00048951767401,                 -0.00438148535375206
         795,3057.70244745455,           1.00053470604762,                 -0.00438036027708044
         796,3057.70155554545,           1.00027785495971,                 -0.00407721951749882
         797,3057.70066363636,           1.00047404383547,                 -0.00513295872799244
         798,3057.69977172727,           1.00036827075749,                 -0.00573536425600251
         799,3057.69887981818,           1.00056433578885,                  -0.0064883526525291
         800,3057.69798790909,           1.00061095648632,                  -0.0067884054035707
         801,     3057.697096,           1.00050522950239,                 -0.00648503540376886
         802,3057.69620409091,           1.00070261777894,                 -0.00588027754910032
         803,3057.69531218182,           1.00044769167459,                 -0.00467287606477511
         804,3057.69442027273,           1.00034208745684,                 -0.00286328708371197
         805,3057.69352836364,           1.00053936619952,                -0.000903965697514998
         806,3057.69263645455,            1.0004352993097,                  0.00090373559106567
         807,3057.69174454545,           1.00048186965426,                  0.00286110107215998
         808,3057.69085263636,           1.00052992255904,                  0.00466693162794619
         809,3057.68996072727,           1.00057644521438,                  0.00526777611048483
         810,3057.68906881818,           1.00047247459321,                  0.00601878462682031
         811,3057.68817690909,           1.00037006170704,                  0.00616769511729151
         812,     3057.687285,           1.00056698294389,                  0.00601573415267633
         813,3057.68639309091,           1.00061495344246,                   0.0051120824067684
         814,3057.68550118182,           1.00066289971274,                   0.0040585696698579
         815,3057.68460927273,           1.00055903869389,                  0.00210390906303913
         816,3057.68371736364,           1.00075721608904,                 -0.00060096515003095
         817,3057.68282545454,           1.00080509009198,                 -0.00345467763351578
         818,3057.68193354545,           1.00100310542218,                 -0.00585645381210094
         819,3057.68104163636,           1.00075214044759,                 -0.00750639169252619
         820,3057.68014972727,           1.00079997958776,                 -0.00870521877865781
         821,3057.67925781818,           1.00069774246551,                 -0.00885307644406431
         822,3057.67836590909,           1.00104710156885,                 -0.00885085853327773
         823,     3057.677474,            1.0007948767941,                 -0.00824872144817553
         824,3057.67658209091,           1.00099409689371,                 -0.00734702078307246
         825,3057.67569018182,           1.00089191356683,                 -0.00629586047173983
         826,3057.67479827273,           1.00094114543994,                  -0.0061444208658538
         827,3057.67390636364,           1.00099035267642,                 -0.00644253632167134
         828,3057.67301445454,            1.0008897463474,                 -0.00689029157916496
         829,3057.67212254545,           1.00108869331345,                 -0.00778707734514573
         830,3057.67123063636,           1.00083839865856,                 -0.00793484444710603
         831,3057.67033872727,           1.00088758237827,                 -0.00703480131176593
         832,3057.66944681818,           1.00093823931238,                 -0.00583593830665013
         833,3057.66855490909,           1.00083777152774,                 -0.00403925558015678
         834,     3057.667663,           1.00073735393138,                 -0.00314085853124481
         835,3057.66677109091,           1.00093753784917,                 -0.00239244108240016
         836,3057.66587918182,           1.00098813195224,                 -0.00209286646465522
         837,3057.66498727273,           1.00088775171647,                 -0.00194289096197015
         838,3057.66409536364,            1.0004900847488,                 -0.00209182514732426
         839,3057.66320345455,           1.00083951015628,                 -0.00224068547049913
         840,3057.66231154545,           1.00089007831494,                  -0.0023894719864278
         841,3057.66141963636,           1.00094062140735,                 -0.00238887976469534
         842,3057.66052772727,           1.00084187146235,                 -0.00134341190800315
         843,3057.65963581818,           1.00104163246789,                -0.000298462025184226
         844,3057.65874390909,            1.0007937123658,                -0.000149194053721795
         845,     3057.657852,            1.0006950721473,                 0.000298314226307138
         846,3057.65696009091,           1.00074709327034,                 0.000447361239727468
         847,3057.65606818182,           1.00094668028296,                 0.000745417545638189
         848,3057.65517627273,           1.00070052017349,                  0.00104332791796462
         849,3057.65428436364,           1.00075101028765,                  0.00163910975478918
         850,3057.65339245455,           1.00065399300719,                  0.00163870685173129
         851,3057.65250054546,           1.00085489689109,                  0.00104255718426156
         852,3057.65160863636,           1.00075790175866,                 0.000297800298098098
         853,3057.65071672727,           1.00066095427506,                -0.000595454301859604
         854,3057.64982481818,           1.00115936248458,                 -0.00119061615874485
         855,3057.64893290909,           1.00061599259619,                 -0.00208306675038611
         856,     3057.648041,           1.00051915132889,                 -0.00297507924867349
         857,3057.64714909091,           1.00086850997002,                 -0.00327178413363156
         858,3057.64625718182,           1.00092033524587,                 -0.00401438637130695
         859,3057.64536527273,           1.00082349058932,                  -0.0041620462997922
         860,3057.64447336364,           1.00072818058879,                 -0.00430964021934583
         861,3057.64358145455,           1.00078000222858,                 -0.00416001188574824
         862,3057.64268954545,           1.00083328505924,                 -0.00371339152960539
         863,3057.64179763636,             1.000588057095,                 -0.00386098092675422
         864,3057.64090572727,           1.00049289752482,                 -0.00356311463727493
         865,3057.64001381818,           1.00054621125314,                 -0.00296853941923495
         866,3057.63912190909,           1.00059949903249,                 -0.00252264444365303
         867,      3057.63823,           1.00050440613595,                 -0.00178025695041984
         868,3057.63733809091,           1.00040787570915,                  -0.0010382290778301
         869,3057.63644618182,           1.00031287580313,                -0.000889694226922444
         870,3057.63555427273,           1.00036616841078,                -0.000592985280622872
         871,3057.63466236364,           1.00027270733168,                -0.000296421012692748
         872,3057.63377045455,           1.00032598387862,                                    0
         873,3057.63287854545,           1.00008295755536,                 0.000444415475139398
         874,3057.63198663636,           1.00013625430978,                 0.000444307531901281
         875,3057.63109472727,           1.00019100612848,                 0.000592267065064979
         876,3057.63020281818,          0.999948189212994,                  0.00133227738015055
         877,3057.62931090909,           1.00015095501245,                  0.00207193154338181
         878,     3057.628419,          0.999908265296762,                  0.00310714317419828
         879,3057.62752709091,          0.999963019119115,                  0.00414185865907326
         880,3057.62663518182,          0.999868379994351,                  0.00517606763789414
         881,3057.62574327273,          0.999627412944739,                  0.00517482021196064
         882,3057.62485136364,          0.999830011160137,                  0.00502575700464883
         883,3057.62395945455,          0.999589169442482,                  0.00399008095430914
         884,3057.62306754545,          0.999643934099737,                   0.0031026489234547
         885,3057.62217563636,          0.999846382000697,                   0.0025110634501421
         886,3057.62128372727,          0.999753384320264,                  0.00177208871666812
         887,3057.62039181818,          0.999660431399761,                  0.00177166226211743
         888,3057.61949990909,           0.99986272920901,                  0.00191883901383483
         889,     3057.618608,          0.999917362201471,                  0.00206594496322618
         890,3057.61771609091,          0.999529372885682,                  0.00265557619364462
         891,3057.61682418182,          0.999733030866647,                  0.00294993517517453
         892,3057.61593227273,          0.999640194412986,                   0.0033916100415251
         893,3057.61504036364,          0.999694828447886,                  0.00309594328231907
         894,3057.61414845455,          0.999750909768906,                  0.00235825070858064
         895,3057.61325654545,          0.999658135779038,                  0.00162090794421719
         896,3057.61236463636,          0.999566878905824,                  0.00103124070041868
         897,3057.61147272727,          0.999621478237944,                                    0
         898,3057.61058081818,          0.999677523379555,                -0.000736247991883602
         899,3057.60968890909,          0.999733541789039,                 -0.00161935929313495
         900,     3057.608797,          0.999789533485517,                 -0.00191333194984715
         901,3057.60790509091,          0.999696883194086,                 -0.00235430528865254
         902,3057.60701318182,          0.999752856857045,                 -0.00264796224594273
         903,3057.60612127273,          0.999808803847455,                 -0.00264733134293236
         904,3057.60522936364,          0.999570646324321,                 -0.00249966181046094
         905,3057.60433745455,          0.999773613973604,                 -0.00220505869866256
         906,3057.60344554545,          0.999829516060763,                 -0.00191059587076142
         907,3057.60255363636,          0.999738457605153,                 -0.00161627322658094
         908,3057.60166172727,          0.999647442489056,                 -0.00146898962893322
         909,3057.60076981818,          0.999997062719745,                 -0.00102804808915233
         910,3057.59987790909,           0.99990749754428,                 -0.00117463435834864
         911,     3057.598986,          0.999669712650005,                 -0.00102756064442732
         912,3057.59809409091,          0.999872319254697,                 -0.00132083529624134
         913,3057.59720218182,          0.999929572091768,                 -0.00146724808817574
         914,3057.59631027273,          0.999691951122911,                 -0.00161358935617785
         915,3057.59541836364,          0.999894408334702,                 -0.00146655090691508
         916,3057.59452645455,          0.999658374301537,                 -0.00102634330010425
         917,3057.59363454545,          0.999860743629021,                -0.000879513921972457
         918,3057.59274263636,          0.999771380335192,                  -0.0010258574702941
         919,3057.59185072727,          0.999827110786822,                 -0.00161167910589904
         920,3057.59095881818,           1.00003076116301,                 -0.00161129901461741
         921,3057.59006690909,            0.9997949739324,                 -0.00146447191142874
         922,     3057.589175,          0.999704246839687,                 -0.00131771210040381
         923,3057.58828309091,          0.999615025989405,                -0.000439133852389547
         924,3057.58739118182,          0.999672190644555,                 0.000292686924504335
         925,3057.58649927273,          0.999875637358537,                 0.000877853939735327
         926,3057.58560736364,          0.999786439180512,                  0.00146274533896198
         927,3057.58471545455,          0.999549581168983,                  0.00116991904160232
         928,3057.58382354545,          0.999752912778211,                 0.000731027283400271
         929,3057.58293163636,          0.999956148685191,                 -0.00043851314808589
         930,3057.58203972727,           1.00001315229924,                 -0.00146136658234581
         931,3057.58114781818,          0.999777924529405,                 -0.00233763653258373
         932,3057.58025590909,          0.999688875320802,                 -0.00277529056561882
         933,     3057.579364,          0.999745901567525,                 -0.00335877238329726
         934,3057.57847209091,          0.999950360180689,                 -0.00335798777692449
         935,3057.57758018182,          0.999715367941672,                 -0.00350316379480218
         936,3057.57668827273,          0.999772347852481,                 -0.00394013332243716
         937,3057.57579636364,          0.999975197580451,                 -0.00350151805397298
         938,3057.57490445454,          0.999886227387693,                 -0.00364655808675308
         939,3057.57401254545,           0.99994458524976,                 -0.00335405067241425
         940,3057.57312063636,            1.0000014579406,                 -0.00335326338134332
         941,3057.57222872727,          0.999912544092353,                 -0.00306095676762965
         942,3057.57133681818,          0.999825128967387,                 -0.00247733962869051
         943,3057.57044490909,          0.999736298061864,                 -0.00174830014234077
         944,     3057.569553,           0.99979316633214,                 -0.00145657512577526
         945,3057.56866109091,          0.999560216804378,                 -0.00101936502296484
         946,3057.56776918182,          0.999762689211677,                 -0.00101912608482332
         947,3057.56687727273,          0.999529855623465,                 -0.00101888874171607
         948,3057.56598536364,          0.999441197699597,                 -0.00087312859437938
         949,3057.56509345454,          0.999645010358714,                -0.000581950231616192
         950,3057.56420154546,          0.999265459887564,                -0.000145453487610999
         951,3057.56330963636,           0.99961463794144,                 0.000290839289479616
         952,3057.56241772727,           0.99967288191037,                 0.000581543270453967
         953,3057.56152581818,          0.999584293866445,                  0.00101746256464521
         954,3057.56063390909,          0.999787835720908,                  0.00130786199440235
         955,     3057.559742,          0.999555430288273,                  0.00174341063422373
         956,3057.55885009091,          0.999321681358729,                  0.00130725219945183
         957,3057.55795818182,          0.999525142058037,                  0.00130694846411773
         958,3057.55706627273,          0.999438142705945,                  0.00101627934325125
         959,3057.55617436364,          0.999496332809345,                 0.000870894277789148
         960,3057.55528245454,          0.999407930251862,                  0.00130603620912832
         961,3057.55439054546,          0.999466100268691,                   0.0010155701410772
         962,3057.55349863636,          0.999234147728262,                  0.00116038222990653
         963,3057.55260672727,          0.999147316948671,                 0.000580056497502857
         964,3057.55171481818,          0.999205506938766,                 0.000144980485626635
         965,3057.55082290909,           0.99911872307612,                -0.000869681174881289
         966,     3057.549931,          0.999175444774363,                 -0.00130421740434652
         967,3057.54903909091,          0.999088708240309,                 -0.00188343288966416
         968,3057.54814718182,          0.999002011909228,                 -0.00246237990466244
         969,3057.54725527273,          0.998915355753176,                 -0.00304105863595487
         970,3057.54636336364,          0.998973518515033,                 -0.00376424804078128
         971,3057.54547145454,          0.998886909095646,                 -0.00434235723415003
         972,3057.54457954546,          0.999089763237143,                 -0.00492019871814352
         973,3057.54368763636,          0.999147845234805,                 -0.00535309445028784
         974,3057.54279572727,          0.999061255603176,                 -0.00564114506566148
         975,3057.54190381818,           0.99883009476377,                 -0.00549522855089377
         976,3057.54101190909,          0.998743618696226,                 -0.00520480171874119
         977,      3057.54012,          0.998657182627499,                 -0.00476996483235019
         978,3057.53922809091,          0.998859808465163,                 -0.00419081806213683
         979,3057.53833618182,          0.998628907937453,                 -0.00317850636206944
         980,3057.53744427273,          0.998544000647111,                 -0.00245555446419802
         981,3057.53655236364,          0.998602101468949,                 -0.00216616507910835
         982,3057.53566045454,          0.998515797801995,                 -0.00231004233152573
         983,3057.53476854546,          0.998285189697281,                 -0.00245385312678626
         984,3057.53387663636,          0.998198999059092,                 -0.00259759751092434
         985,3057.53298472727,          0.998401403533071,                 -0.00245272021099165
         986,3057.53209281818,          0.998170981496333,                 -0.00259639850678237
         987,3057.53120090909,          0.998229087951453,                 -0.00201895510420693
         988,     3057.530309,          0.998000250869754,                 -0.00201849227277905
         989,3057.52941709091,          0.997914225214668,                 -0.00158559244220155
         990,3057.52852518182,          0.998116462292497,                  -0.0010087807155714
         991,3057.52763327273,          0.997598214581589,                 -0.00129670478498473
         992,3057.52674136364,          0.997944476374442,                 -0.00115236082722222
         993,3057.52584945455,          0.997859979895908,                 -0.00100808484042017
         994,3057.52495754545,          0.997918064462253,                -0.000719894722595768
         995,3057.52406563636,          0.997544284920527,                                    0
         996,3057.52317372727,          0.997602415429738,                 0.000719563196357283
         997,3057.52228181818,          0.997372760155735,                  0.00187043362406586
         998,3057.52138990909,          0.997432338154592,                  0.00273308543768925
         999,     3057.520498,          0.997346640876112,                  0.00258864304769575
        1000,3057.51960609091,          0.997260983026722,                  0.00258804753380637
        1001,3057.51871418182,          0.997319111928874,                  0.00215621024487361
        1002,3057.51782227273,          0.997234932971556,                  0.00143714502517878
        1003,3057.51693036364,          0.997149359755397,                 0.000862088783650199
        1004,3057.51603845455,          0.997207474315659,                 0.000143648440552529
        1005,3057.51514654545,          0.996978331303569,                -0.000287230864679795
        1006,3057.51425463636,          0.996894307378856,                -0.000430747936358428
        1007,3057.51336272727,          0.996952440559671,                -0.000143549667467195
        1008,3057.51247081818,          0.996867030337996,                  0.00028703340925367
        1009,3057.51157890909,          0.996494691818413,                 0.000286967513842595
        1010,     3057.510687,          0.996697757286595,                 0.000143451030121847
        1011,3057.50979509091,          0.996755882293887,                                    0
        1012,3057.50890318182,          0.996527210211321,                -0.000286770420204697
        1013,3057.50801127272,          0.996441995349651,                -0.000143352322737685
        1014,3057.50711936364,          0.996501567200437,                 0.000716598279304212
        1015,3057.50622745455,           0.99641639716808,                   0.0012895811870165
        1016,3057.50533554545,          0.996331266178744,                  0.00171904747579366
        1017,3057.50444363636,          0.996246174205588,                   0.0022915380660278
        1018,3057.50355172727,          0.996305736132192,                  0.00171826226409691
        1019,3057.50265981818,          0.996220688865348,                  0.00143155724797435
        1020,3057.50176790909,          0.996135680549592,                   0.0012881064834693
        1021,     3057.500876,          0.996195226791098,                 0.000715451900884155
        1022,3057.49998409091,                          1,                                    0
        1023,3057.49909218182,                          1,                                    0
