"SCAN INDEX",      WAVENUMBER,"SCIENCE DIRECT ABSORPTION","SCIENCE HARMONIC ABSORPTION SPECTRA"
           0,3058.39122071052,                          1,                                    0
           1,3058.39032610526,                          1,                                    0
           2,3058.38943149999,                          1,                                    0
           3,3058.38853689474,                          1,                                    0
           4,3058.38764228947,                          1,                                    0
           5,3058.38674768421,                          1,                                    0
           6,3058.38585307894,                          1,                                    0
           7,3058.38495847368,                          1,                                    0
           8,3058.38406386842,                          1,                                    0
           9,3058.38316926315,                          1,                                    0
          10,3058.38227465789,                          1,                                    0
          11,3058.38138005263,                          1,                                    0
          12,3058.38048544736,                          1,                                    0
          13, 3058.3795908421,                          1,                                    0
          14,3058.37869623684,                          1,                                    0
          15,3058.37780163157,                          1,                                    0
          16,3058.37690702632,                          1,                                    0
          17,3058.37601242105,                          1,                                    0
          18,3058.37511781578,                          1,                                    0
          19,3058.37422321052,                          1,                                    0
          20,3058.37332860526,                          1,                                    0
          21,     3058.372434,                          1,                                    0
          22,3058.37153939473,                          1,                                    0
          23,3058.37064478947,                          1,                                    0
          24, 3058.3697501842,                          1,                                    0
          25,3058.36885557895,                          1,                                    0
          26,3058.36796097368,                          1,                                    0
          27,3058.36706636842,                          1,                                    0
          28,3058.36617176315,                          1,                                    0
          29,3058.36527715789,                          1,                                    0
          30,3058.36438255263,                          1,                                    0
          31,3058.36348794736,                          1,                                    0
          32,3058.36259334211,                          1,                                    0
          33,3058.36169873684,                          1,                                    0
          34,3058.36080413157,                          1,                                    0
          35,3058.35990952631,                          1,                                    0
          36,3058.35901492105,                          1,                                    0
          37,3058.35812031579,                          1,                                    0
          38,3058.35722571053,                          1,                                    0
          39,3058.35633110526,                          1,                                    0
          40,3058.35543649999,                          1,                                    0
          41,3058.35454189473,                          1,                                    0
          42,3058.35364728947,                          1,                                    0
          43,3058.35275268421,                          1,                                    0
          44,3058.35185807894,                          1,                                    0
          45,3058.35096347368,                          1,                                    0
          46,3058.35006886841,                          1,                                    0
          47,3058.34917426315,                          1,                                    0
          48,3058.34827965789,                          1,                                    0
          49,3058.34738505263,                          1,                                    0
          50,3058.34649044737,                          1,                                    0
          51, 3058.3455958421,                          1,                                    0
          52,3058.34470123683,                          1,                                    0
          53,3058.34380663157,                          1,                                    0
          54,3058.34291202632,                          1,                                    0
          55,3058.34201742105,                          1,                                    0
          56,3058.34112281579,                          1,                                    0
          57,3058.34022821052,                          1,                                    0
          58,3058.33933360526,                          1,                                    0
          59,     3058.338439,                          1,                                    0
          60,3058.33754439473,                          1,                                    0
          61,3058.33664978947,                          1,                                    0
          62,3058.33575518421,                          1,                                    0
          63,3058.33486057894,                          1,                                    0
          64,3058.33396597368,                          1,                                    0
          65,3058.33307136841,                          1,                                    0
          66,3058.33217676316,                          1,                                    0
          67,3058.33128215789,                          1,                                    0
          68,3058.33038755263,                          1,                                    0
          69,3058.32949294736,                          1,                                    0
          70, 3058.3285983421,                          1,                                    0
          71,3058.32770373684,                          1,                                    0
          72,3058.32680913158,                          1,                                    0
          73,3058.32591452631,          0.982385215131389,                  0.00154009048031572
          74,3058.32501992105,          0.986488930620601,                  0.00230892669542563
          75,3058.32412531578,          0.990396043031266,                  0.00346157840282773
          76,3058.32323071052,          0.993528322957251,                  0.00365197100719438
          77,3058.32233610526,          0.995314472114481,                    0.004226388416622
          78,3058.32144149999,          0.996138714428075,                  0.00441618936620002
          79,3058.32054689473,          0.996386372228608,                   0.0046057921674666
          80,3058.31965228947,           0.99567473218824,                  0.00441158136010971
          81,3058.31875768421,          0.994772126442841,                  0.00479269669706514
          82,3058.31786307894,          0.994253677435673,                  0.00459859091510043
          83,3058.31696847369,          0.993161244113518,                  0.00421317920757759
          84,3058.31607386842,           0.99226135674131,                   0.0040195772553178
          85,3058.31517926315,          0.992317051706854,                   0.0034435525218283
          86,3058.31428465789,          0.992183377056453,                   0.0030593436178268
          87,3058.31339005263,          0.992049841379047,                   0.0028666437335168
          88,3058.31249544737,          0.992107454749662,                  0.00248313379124867
          89, 3058.3116008421,          0.992355919389695,                  0.00210002214568808
          90,3058.31070623684,          0.992222502079851,                  0.00209893221593815
          91,3058.30981163157,          0.992852075339279,                  0.00209784341696736
          92,3058.30891702631,          0.993290381609546,                  0.00133429911173802
          93,3058.30802242105,          0.992966172088734,                 0.000952576911059799
          94,3058.30712781578,          0.993403965237526,                  0.00038083341584724
          95,3058.30623321052,          0.993649095895417,                 -0.00076127109434623
          96,3058.30533860526,          0.993705643236087,                 -0.00190219303835392
          97,3058.30444399999,          0.993762132092224,                 -0.00323205591076484
          98,3058.30354939473,          0.993818562554513,                  -0.0045605440729079
          99,3058.30265478946,          0.993685010208442,                 -0.00512796163524999
         100,3058.30176018421,          0.993931248659351,                  -0.0053151403671623
         101,3058.30086557895,          0.993797776002763,                 -0.00474321198932208
         102,3058.29997097368,          0.993854071653826,                 -0.00398224298888196
         103,3058.29907636841,          0.993720776402401,                 -0.00303252573382384
         104,3058.29818176314,          0.993966488913305,                 -0.00189435198954318
         105,3058.29728715789,          0.994022610700985,                 -0.00113602584080113
         106,3058.29639255263,          0.994078674713159,                -0.000756960726985082
         107,3058.29549794736,          0.994132800708149,                -0.000378284931776313
         108, 3058.2946033421,          0.994188750297746,                                    0
         109,3058.29370873684,          0.994433590428648,                -0.000377896101245923
         110,3058.29281413159,          0.994489328030397,                -0.000944254963948345
         111,3058.29191952631,          0.994733762434172,                 -0.00132127824232243
         112,3058.29102492105,          0.994600631624225,                 -0.00169791458357702
         113,3058.29013031578,          0.994467637375692,                 -0.00207416458307406
         114,3058.28923571053,          0.994711706991628,                 -0.00169617380881483
         115,3058.28834110526,          0.995143893700624,                 -0.00150693756380939
         116,    3058.2874465,          0.995010825567166,                 -0.00207097806645957
         117,3058.28655189474,          0.994877893651373,                 -0.00244626680867559
         118,3058.28565728946,          0.994933175849267,                 -0.00263309347105666
         119,3058.28476268421,          0.994800419575687,                 -0.00263174714173462
         120,3058.28386807894,          0.995043570733394,                 -0.00263040218849462
         121,3058.28297347368,          0.995098683592796,                 -0.00300463841054628
         122,3058.28207886841,          0.995529128236314,                 -0.00300310445923473
         123,3058.28118426315,          0.995208740577878,                 -0.00300157207337343
         124,3058.28028965789,          0.995451187453827,                 -0.00337504640688809
         125,3058.27939505263,          0.995693387156624,                 -0.00374813998553218
         126,3058.27850044736,          0.995375269963231,                 -0.00412086111012252
         127, 3058.2776058421,          0.995617262108694,                  -0.0041187626488137
         128,3058.27671123685,          0.996046129117368,                 -0.00430378752013892
         129,3058.27581663158,          0.995726455763674,                 -0.00430159813722098
         130,3058.27492202631,          0.995967900223756,                 -0.00392554915628733
         131,3058.27402742104,          0.995835427452548,                  -0.0028025387264143
         132,3058.27313281578,          0.995889830271092,                 -0.00242763318836006
         133,3058.27223821053,          0.995944177851441,                 -0.00223975452290429
         134,3058.27134360526,          0.996000328331257,                 -0.00242517405287626
         135,     3058.270449,          0.995868107608201,                 -0.00242394409266179
         136,3058.26955439473,          0.995736020932261,                 -0.00260907810088932
         137,3058.26865978947,          0.995976604701412,                  -0.0018626830086056
         138, 3058.2677651842,          0.995846450865804,                 -0.00111704593479058
         139,3058.26687057895,          0.996272815745353,                -0.000744320370373816
         140,3058.26597597368,          0.995954805412191,                 0.000743943832240666
         141,3058.26508136842,          0.996380684342509,                  0.00185891918720617
         142,3058.26418676315,          0.996436388229305,                  0.00278697479459996
         143,3058.26329215789,          0.996490185518766,                  0.00315697598841204
         144,3058.26239755263,          0.996172707058033,                  0.00352660358377168
         145,3058.26150294736,          0.996413948682177,                  0.00315379577873711
         146, 3058.2606083421,           0.99628225215787,                  0.00148339066020156
         147,3058.25971373684,          0.996337865286818,                -0.000185330704108411
         148,3058.25881913157,          0.996576814214371,                 -0.00222284791274581
         149,3058.25792452631,          0.996445234392357,                 -0.00388802488335925
         150,3058.25702992105,          0.996315630719238,                  -0.0053664846379751
         151,3058.25613531579,          0.996369272541306,                 -0.00517882673680278
         152,3058.25524071052,          0.996609567895529,                 -0.00462163591122022
         153,3058.25434610526,          0.996478235644098,                 -0.00314113295122375
         154,    3058.2534515,          0.996533555441875,                 -0.00240084066359236
         155,3058.25255689473,          0.996404232226054,                 -0.00166128901260365
         156,3058.25166228948,          0.996457695287997,                 -0.00147596029666802
         157,3058.25076768421,          0.996697345152326,                -0.000922014195330551
         158,3058.24987307894,          0.996566297370075,                 -0.00110586236068438
         159,3058.24897847368,          0.996621434913804,                 -0.00110531027901716
         160,3058.24808386841,           0.99630826451607,                 -0.00128888520635973
         161,3058.24718926316,          0.996731545007509,                -0.000736138511822385
         162,3058.24629465789,          0.996416799105304,                -0.000367885102124904
         163,3058.24540005263,          0.996655752051317,                 0.000551552712812018
         164,3058.24450544736,          0.996526948308495,                  0.00091879674378434
         165, 3058.2436108421,          0.996765608555985,                 0.000734671537538961
         166,3058.24271623684,          0.996453301807127,                 0.000183576511018262
         167,3058.24182163157,          0.996508276101232,                -0.000733940914086711
         168,3058.24092702632,          0.996744761817432,                 -0.00201733070469029
         169,3058.24003242105,          0.996982839210626,                 -0.00293284159355948
         170,3058.23913781578,          0.996854257012882,                 -0.00384744337387806
         171,3058.23824321052,          0.996908923103969,                 -0.00402865472231582
         172,3058.23734860526,          0.996780505125751,                 -0.00420968630515833
         173,     3058.236454,          0.996654037747723,                  -0.0031099703821056
         174,3058.23555939473,          0.997074419455111,                 -0.00310842932894496
         175,3058.23466478947,          0.996946110082588,                  -0.0023758569076212
         176, 3058.2337701842,          0.997000595496875,                 -0.00200934528223995
         177,3058.23287557894,          0.996507294878887,                 -0.00127804160207992
         178,3058.23198097368,          0.996928736840376,                -0.000547462238792079
         179,3058.23108636842,          0.996435958515579,                 0.000547191630156825
         180,3058.23019176316,          0.996672895492457,                  0.00164076386673351
         181,3058.22929715789,          0.996729197605663,                   0.0021866088430106
         182,3058.22840255262,          0.996783628926213,                  0.00346042188006542
         183,3058.22750794737,          0.996657783214645,                  0.00364075902544162
         184, 3058.2266133421,          0.996530247977191,                  0.00382091203350758
         185,3058.22571873684,          0.996768368198706,                  0.00418275359762274
         186,3058.22482413158,          0.996640903902223,                  0.00436246246464588
         187,3058.22392952631,          0.996878735797158,                  0.00454200262346072
         188,3058.22303492105,          0.996753152420245,                  0.00472136672671277
         189,3058.22214031578,          0.996807384941529,                   0.0049005461386419
         190,3058.22124571053,          0.997044785379579,                   0.0047167329730475
         191,3058.22035110526,          0.996737981392532,                  0.00435177579651096
         192,    3058.2194565,          0.996793948192088,                  0.00398717579276835
         193,3058.21856189473,          0.997031006867268,                  0.00344178581585721
         194,3058.21766728947,          0.997086775699835,                  0.00344010327552149
         195,3058.21677268421,          0.996780550835265,                   0.0032574527805074
         196,3058.21587807895,          0.997017268729798,                  0.00361762434227067
         197,3058.21498347368,          0.997072962599368,                  0.00397744427510174
         198,3058.21408886842,          0.997128602122557,                  0.00415620838144596
         199,3058.21319426315,          0.997366605377327,                  0.00433480596324807
         200,3058.21229965789,           0.99724151875334,                  0.00415216418018226
         201,3058.21140505263,          0.997296994936828,                  0.00415014128524462
         202,3058.21051044737,          0.997534569234959,                  0.00396777445727158
         203, 3058.2096158421,          0.997409583280005,                  0.00396584327347914
         204,3058.20872123684,          0.997646872286065,                  0.00414409934307016
         205,3058.20782663157,          0.997702043668374,                  0.00378190305361658
         206,3058.20693202631,          0.997578954000126,                  0.00342006498123464
         207,3058.20603742105,          0.997815816082358,                  0.00287866084697399
         208,3058.20514281579,           0.99751116737759,                  0.00197811841376483
         209,3058.20424821052,          0.997747832760855,                   0.0016176779850203
         210,3058.20335360526,          0.997804614262462,                 0.000718620536019058
         211,3058.20245899999,          0.997681772555132,                  0.00107741012154982
         212,3058.20156439474,          0.997918012779094,                  0.00143585325579726
         213,3058.20066978947,          0.997974629952873,                  0.00161455539629262
         214,3058.19977518421,          0.998031192509208,                  0.00143446811715301
         215,3058.19888057894,          0.998087700527092,                  0.00053766620606595
         216,3058.19798597367,          0.997966806094208,                                    0
         217,3058.19709136842,          0.998202340538295,                  -0.0012533482302723
         218,3058.19619676315,          0.998258684653697,                 -0.00161067195444304
         219, 3058.1953021579,          0.998495638065902,                 -0.00196765532402811
         220,3058.19440755263,          0.998730578748815,                 -0.00232429243174626
         221,3058.19351294737,          0.998967078762925,                 -0.00250188534931681
         222, 3058.1926183421,            0.9986674907028,                 -0.00142896439377972
         223,3058.19172373684,          0.998723476428948,                  -0.0010712085910929
         224,3058.19082913158,          0.998959640103287,                -0.000892246909702828
         225,3058.18993452632,          0.999017213917392,                -0.000713456321312189
         226,3058.18903992105,          0.999253011575646,                -0.000713115440910363
         227,3058.18814531578,          0.999132196576186,                                    0
         228,3058.18725071052,          0.999011496914267,                 0.000178108664095965
         229,3058.18635610526,           0.99907071469517,                 0.000178024004756801
         230,    3058.1854615,          0.999306037473977,                 0.000177939109236819
         231,3058.18456689474,          0.999363281625161,                 0.000533562883942959
         232,3058.18367228947,          0.999244478023199,                  0.00106661926136616
         233,3058.18277768421,           0.99930169707157,                  0.00177685223519127
         234,3058.18188307895,          0.999360636521863,                  0.00177600966149256
         235,3058.18098847368,          0.999417745966826,                  0.00301778004998864
         236,3058.18009386842,          0.999476574490547,                  0.00337121514562762
         237,3058.17919926316,           0.99953534730129,                  0.00354696716572495
         238,3058.17830465789,           0.99959406447816,                  0.00372255282036555
         239,3058.17741005263,          0.999652726100114,                  0.00336643066215919
         240,3058.17651544736,          0.999534235464339,                  0.00354193563240375
         241,3058.17562084211,          0.999592869913086,                  0.00336324854406741
         242,3058.17472623684,          0.999830147417887,                  0.00336166568765526
         243,3058.17383163158,           1.00006543310526,                  0.00300638591738098
         244,3058.17293702631,          0.999948738707049,                   0.0021211569497056
         245,3058.17204242104,            1.0001837468816,                  0.00194347663234369
         246,3058.17114781579,            1.0002437034447,                 0.000706386796218005
         247,3058.17025321052,           1.00012708992318,                -0.000353027564392228
         248,3058.16935860526,           1.00000882153159,                  -0.0021171675826357
         249,3058.16846399999,            1.0002451235405,                 -0.00264521806295972
         250,3058.16756939474,           1.00048120396174,                  -0.0026439778117382
         251,3058.16667478947,           1.00036646041523,                 -0.00211419470323754
         252,3058.16578018421,           1.00025006251563,                 -0.00193710399430844
         253,3058.16488557895,           1.00030979152439,                -0.000704071646330731
         254,3058.16399097368,            1.0001952887899,                 -0.00017593584675284
         255,3058.16309636841,           1.00025498764629,                 0.000175853549164256
         256,3058.16220176315,           1.00049216058497,                  0.00035154327497715
         257,3058.16130715789,           1.00037597551591,                 0.000175689493416915
         258,3058.16041255263,           1.00078847872776,                                    0
         259,3058.15951794737,           1.00049849398648,                  -0.0007021042063063
         260, 3058.1586233421,           1.00073511222304,                 -0.00175444444639383
         261,3058.15772873684,           1.00062078471397,                  -0.0019289920490455
         262,3058.15683413158,           1.00085888065065,                 -0.00227866295069324
         263,3058.15593952632,           1.00091980202356,                 -0.00192720423984933
         264,3058.15504492105,           1.00098241976467,                 -0.00227655203935283
         265,3058.15415031579,           1.00069315110694,                 -0.00192541974150365
         266,3058.15325571052,             1.000755815581,                 -0.00174957310416258
         267,3058.15236110525,           1.00064354565677,                 -0.00174876537164762
         268,    3058.1514665,           1.00088097102584,                 -0.00174795838460678
         269,3058.15057189473,           1.00111817737089,                 -0.00227129778461108
         270,3058.14967728948,           1.00100589566627,                 -0.00209561597138786
         271,3058.14878268421,           1.00124282582285,                  -0.0017455418860231
         272,3058.14788807894,           1.00095611635308,                 -0.00104684272234939
         273,3058.14699347368,            1.0011945972812,                -0.000523181291037033
         274,3058.14609886842,           1.00108423192104,                -0.000174313813672478
         275,3058.14520426316,           1.00114645730753,                  -0.0003484672667273
         276,3058.14430965789,           1.00103621528896,                 -0.00104492298046865
         277,3058.14341505263,           1.00110014831113,                 -0.00139259279890264
         278,3058.14252044736,           1.00099002837849,                 -0.00156594998355752
         279, 3058.1416258421,           1.00088174986478,                 -0.00156523644635674
         280,3058.14073123684,            1.0009456659296,                -0.000869178244120878
         281,3058.13983663157,           1.00083576736824,                                    0
         282,3058.13894202631,           1.00107506152513,                  0.00104206286765281
         283,3058.13804742105,             1.000966941704,                  0.00190957966679571
         284,3058.13715281578,            1.0010324394201,                  0.00208223076322433
         285,3058.13625821052,           1.00092270122518,                  0.00242816111889664
         286,3058.13536360526,           1.00098989475217,                  0.00173361602832035
         287,     3058.134469,           1.00088200994297,                 0.000866414482291354
         288,3058.13357439473,           1.00112063157202,                 -0.00017320426151765
         289,3058.13267978947,           1.00084139234852,                -0.000173125997638561
         290,3058.13178518421,           1.00090676892621,                -0.000865237525005364
         291,3058.13089057894,           1.00097381762454,                 -0.00138375506151656
         292,3058.12999597369,           1.00104080581192,                 -0.00121023931618021
         293,3058.12910136842,           1.00093492022072,                 -0.00138250679588497
         294,3058.12820676315,           1.00082913010433,                -0.000863677192012713
         295,3058.12731215789,            1.0012414081263,                -0.000172657597538593
         296,3058.12641755262,             1.001309883146,                   0.0010354807478242
         297,3058.12552294737,            1.0013765693408,                  0.00207002908390863
         298, 3058.1246283421,           1.00092764698377,                  0.00275880143871495
         299,3058.12373373684,           1.00099617043132,                  0.00310226085877474
         300,3058.12283913157,           1.00123690312533,                  0.00361768323565589
         301,3058.12194452632,           1.00113303325745,                  0.00430483760430622
         302,3058.12104992105,           1.00102925635368,                  0.00447502762468976
         303,3058.12015531578,           1.00092729427916,                  0.00516119264839719
         304,3058.11926071053,           1.00082370198153,                  0.00533084789715247
         305,3058.11836610526,           1.00089380865619,                  0.00481281584103957
         306,    3058.1174715,           1.00096385293769,                  0.00429524482036427
         307,3058.11657689473,           1.00086210153564,                  0.00429333434083579
         308,3058.11568228947,           1.00076044060925,                  0.00411976853767099
         309,3058.11478768421,           1.00117361225498,                   0.0046326799538791
         310,3058.11389307894,           1.00107362015799,                  0.00531664934468009
         311,3058.11299847368,           1.00097200055543,                  0.00531428875102214
         312,3058.11210386842,           1.00104353905389,                  0.00531193935478786
         313,3058.11120926315,            1.0007724600025,                  0.00513831487250984
         314,3058.11031465789,           1.00101522495022,                  0.00462244075143766
         315,3058.10942005263,           1.00091552368811,                  0.00393589622924029
         316,3058.10852544737,           1.00115801123117,                  0.00256575605133565
         317, 3058.1076308421,           1.00088907126248,                  0.00170975242784845
         318,3058.10673623684,            1.0009604571913,                 0.000854499280511606
         319,3058.10584163158,           1.00086266537979,                  0.00068329931072182
         320,3058.10494702631,           1.00093570926079,                 0.000682999460430426
         321,3058.10405242105,           1.00100868906264,                  0.00170674968297125
         322,3058.10315781579,           1.00108160486961,                  0.00238840192027514
         323,3058.10226321053,           1.00098563832871,                  0.00375156457295258
         324,3058.10136860526,           1.00071759855049,                  0.00443172501487185
         325,     3058.100474,           1.00096262788895,                  0.00494092190787736
         326,3058.09957939473,            1.0008668388991,                  0.00527937246994589
         327,3058.09868478947,           1.00094136151857,                  0.00476638743580272
         328,3058.09779018421,           1.00135612715947,                  0.00476431122522771
         329,3058.09689557895,           1.00126029195913,                  0.00408191727654479
         330,3058.09600097368,           1.00099623606375,                  0.00374013539290122
         331,3058.09510636842,           1.00124050503849,                  0.00322871174401414
         332,3058.09421176315,           1.00080682831543,                  0.00220816170538027
         333,3058.09331715789,           1.00122245237529,                   0.0015280654691161
         334,3058.09242255263,           1.00129829355011,                   0.0011879810262459
         335,3058.09152794737,           1.00086685247731,                 0.000848192247862131
         336, 3058.0906333421,           1.00111234705228,                  0.00101739059659785
         337,3058.08973873684,           1.00135932664179,                  0.00101695259983932
         338,3058.08884413158,           1.00143667450513,                  0.00101651498004242
         339,3058.08794952631,           1.00151395582771,                 0.000846731447267259
         340,3058.08705492105,           1.00125262373891,                  0.00101564086938858
         341,3058.08616031579,           1.00166831919379,                 0.000676802918374184
         342,3058.08526571052,           1.00157796731426,                 0.000169128329502577
         343,3058.08437110526,           1.00131863673249,                -0.000338111982688666
         344,    3058.0834765,           1.00156478655703,                -0.000675933717939619
         345,3058.08258189473,           1.00181241733907,                 -0.00118237850638569
         346,3058.08168728947,           1.00172384973973,                 -0.00135071478137837
         347,3058.08079268421,           1.00180243429891,                -0.000506301769355917
         348,3058.07989807895,           1.00171394639531,                 0.000506086534049502
         349,3058.07900347368,           1.00179246826083,                   0.0016862354288181
         350,3058.07810886842,           1.00170405991009,                  0.00320248647792223
         351,3058.07721426315,           1.00195268734595,                   0.0038750482275024
         352,3058.07631965789,              1.00203438241,                  0.00404181935762018
         353,3058.07542505263,           1.00194598379918,                  0.00404010477338379
         354,3058.07453044737,           1.00202761254932,                  0.00319706543046803
         355, 3058.0736358421,           1.00193929159511,                  0.00218653865884446
         356,3058.07274123684,           1.00168460552994,                 0.000840621521928453
         357,3058.07184663158,            1.0017679246044,                -0.000672214678479719
         358,3058.07095202631,            1.0020174735721,                 -0.00218377655598279
         359,3058.07005742105,           1.00193267052753,                 -0.00268659673679244
         360,3058.06916281579,           1.00201409869084,                 -0.00268546492111447
         361,3058.06826821053,           1.00226491066186,                 -0.00251656740206359
         362,3058.06737360526,           1.00218011068254,                  -0.0025155123260104
         363,     3058.066479,           1.00209538177856,                 -0.00217919704970246
         364,3058.06558439474,            1.0020124028358,                 -0.00167560602480902
         365,3058.06468978947,           1.00192949310608,                 -0.00117243504709839
         366,3058.06379518421,           1.00217981644004,                -0.000502261852542617
         367,3058.06290057895,           1.00209690618479,                 -0.00016735085273627
         368,3058.06200597368,           1.00201574118218,                -0.000669125703627498
         369,3058.06111136842,           1.00210017991987,                 -0.00100327066235929
         370,3058.06021676316,           1.00201908098387,                 -0.00150428218996744
         371,3058.05932215789,            1.0022705211506,                 -0.00183780225581873
         372,3058.05842755263,            1.0021894189773,                 -0.00167003735873571
         373,3058.05753294737,           1.00244225314964,                 -0.00166934596694361
         374, 3058.0566383421,           1.00269655121779,                 -0.00150179213861875
         375,3058.05574373684,           1.00261537332453,                 -0.00100078060887492
         376,3058.05484913157,           1.00253593406905,                -0.000666912312701845
         377,3058.05395452632,           1.00245656021572,                 0.000333318889514788
         378,3058.05305992105,           1.00237725168382,                 0.000333181735643616
         379,3058.05216531578,           1.00263105308732,                  0.00116565643109305
         380,3058.05127071052,           1.00271986097749,                 0.000832270800944128
         381,3058.05037610526,            1.0026422101389,                 0.000665544115591702
         382,    3058.0494815,           1.00289559075207,                 0.000498953030224911
         383,3058.04858689474,           1.00281959887216,                 0.000166249933500027
         384,3058.04769228947,           1.00257582052347,                -0.000332363938512671
         385,3058.04679768421,           1.00283058359192,                 -0.00083057030279271
         386,3058.04590307895,           1.00275471115384,                 -0.00116232538136726
         387,3058.04500847368,           1.00251292146208,                 -0.00132783168405573
         388,3058.04411386842,            1.0026031513229,                -0.000995468957130129
         389,3058.04321926316,           1.00302499601974,                -0.000497532240089158
         390,3058.04232465789,            1.0024534995524,                 0.000497330990351779
         391,3058.04143005263,           1.00287506317682,                 0.000994258159131019
         392,3058.04053544737,           1.00280101837143,                  0.00132514174875644
         393, 3058.0396408421,           1.00272703339498,                 0.000827878990583704
         394,3058.03874623684,           1.00298578606942,                 0.000165509205622017
         395,3058.03785163158,           1.00274634372312,                -0.000827211964793859
         396,3058.03695702631,           1.00267412842762,                 -0.00198451089248416
         397,3058.03606242105,           1.00293259010193,                 -0.00347149899326529
         398,3058.03516781579,           1.00302560111308,                 -0.00462680672671601
         399,3058.03427321052,           1.00278818391443,                  -0.0044597728489029
         400,3058.03337860526,           1.00304628872873,                 -0.00379754150465199
         401,     3058.032484,           1.00281070875083,                 -0.00346593562932314
         402,3058.03158939473,           1.00307025286279,                 -0.00329957320020655
         403,3058.03069478947,           1.00283485135583,                 -0.00329825637676642
         404,3058.02980018421,           1.00292933172662,                  -0.0036266346643632
         405,3058.02890557895,           1.00302538954362,                 -0.00411953913891745
         406,3058.02801097368,           1.00311971879705,                 -0.00428261292097261
         407,3058.02711636842,           1.00305097415481,                 -0.00477486511006064
         408,3058.02622176315,           1.00298228404774,                 -0.00493755637043523
         409,3058.02532715789,           1.00291529840679,                 -0.00477108655738136
         410,3058.02443255263,           1.00284671640883,                 -0.00394692049750933
         411,3058.02353794737,           1.00310861749538,                 -0.00279463233323853
         412,3058.02264334211,           1.00304166139456,                -0.000821626524733423
         413,3058.02174873684,           1.00297475808531,                 0.000492781571283318
         414,3058.02085413158,           1.00290790750523,                  0.00213454531721806
         415,3058.01995952631,           1.00284275556898,                  0.00295436491002317
         416,3058.01906492105,           1.00294007625823,                  0.00328133510962941
         417,3058.01817031579,           1.00287496289445,                  0.00311604649141365
         418,3058.01727571052,           1.00313777693259,                  0.00311482558616099
         419,3058.01638110526,           1.00291040667034,                    0.002621987991295
         420,    3058.0154865,           1.00284538129256,                  0.00212953119189861
         421,3058.01459189473,           1.00278204882586,                 0.000982477513545909
         422,3058.01369728947,           1.00304613062843,                 0.000327364925139826
         423,3058.01280268421,            1.0026555318672,                -0.000654474890252742
         424,3058.01190807895,           1.00324656738876,                -0.000981330193076716
         425,3058.01101347368,           1.00302132585195,                 -0.00179840824521133
         426,3058.01011886842,           1.00279625879857,                 -0.00228799667913625
         427,3058.00922426315,            1.0028980961436,                 -0.00343066623538291
         428,3058.00832965789,           1.00299985466137,                 -0.00440914947506626
         429,3058.00743505263,           1.00310153444336,                 -0.00506039830231799
         430,3058.00654044737,           1.00304159677304,                 -0.00587432853161368
         431,3058.00564584211,           1.00298170524832,                 -0.00521961531435133
         432,3058.00475123684,           1.00324796024184,                 -0.00505455660125092
         433,3058.00385663157,           1.00335102290952,                 -0.00472663737238079
         434,3058.00296202632,           1.00296523184203,                 -0.00537651927400697
         435,3058.00206742105,           1.00306995757433,                 -0.00504873659438287
         436,3058.00117281579,            1.0031746031746,                 -0.00537240537240537
         437,3058.00027821052,           1.00311643083232,                  -0.0045566612691929
         438,3057.99938360526,           1.00322097865695,                 -0.00406689224362311
         439,     3057.998489,           1.00316446433392,                 -0.00308966199097819
         440,3057.99759439474,           1.00278125909273,                 -0.00276337840891173
         441,3057.99669978947,           1.00288744489562,                 -0.00227485810572566
         442,3057.99580518421,           1.00283112187468,                 -0.00194913726311891
         443,3057.99491057895,           1.00310120313692,                 -0.00113656659468412
         444,3057.99401597368,           1.00288253663224,                                    0
         445,3057.99312136842,           1.00282790655416,                  0.00113570544343619
         446,3057.99222676316,            1.0029355000892,                  0.00145964092833163
         447,3057.99133215789,           1.00288089127675,                  0.00162121062282049
         448,3057.99043755263,           1.00282794888624,                 0.000648240432376368
         449,3057.98954294737,           1.00277342180635,                -0.000485996811860914
         450, 3057.9886483421,           1.00288249773287,                 -0.00161938074880166
         451,3057.98775373684,           1.00282961447312,                 -0.00226628161462852
         452,3057.98685913158,           1.00277677091964,                 -0.00275088028169014
         453,3057.98596452632,           1.00256221126597,                 -0.00210282490262303
         454,3057.98506992105,             1.002511128682,                 -0.00129356274668646
         455,3057.98417531579,            1.0026217192142,                  0.00048490491014712
         456,3057.98328071052,           1.00240907790968,                  0.00113102249280589
         457,3057.98238610526,           1.00235810963595,                  0.00193817230351778
         458,    3057.9814915,           1.00263170641135,                  0.00258327009703408
         459,3057.98059689473,           1.00241929887137,                  0.00258230700079567
         460,3057.97970228947,           1.00237000085507,                  0.00242001448782007
         461,3057.97880768421,           1.00248201386638,                  0.00209656791831771
         462,3057.97791307895,           1.00259556014122,                  0.00177336407164391
         463,3057.97701847368,           1.00238509637079,                 0.000966930961129375
         464,3057.97612386842,           1.00233749873137,                 0.000644382834285678
         465,3057.97522926316,           1.00245097249822,                 0.000161036300802927
         466,3057.97433465789,           1.00240338566694,                 0.000965861621005559
         467,3057.97344005263,           1.00235583390727,                  0.00128734093293597
         468,3057.97254544737,           1.00247078807845,                  0.00176944458742987
         469, 3057.9716508421,           1.00210325908679,                  0.00192959549246493
         470,3057.97075623684,           1.00237896225809,                  0.00289333247604964
         471,3057.96986163158,           1.00233309980911,                  0.00289227249063225
         472,3057.96896702631,           1.00228727095166,                  0.00305183624167973
         473,3057.96807242105,           1.00224308489201,                   0.0030507239046697
         474,3057.96717781579,           1.00235943694525,                  0.00272860054893023
         475,3057.96628321052,           1.00215480933227,                  0.00224626438210883
         476,3057.96538860526,           1.00243149784116,                 0.000801945198272931
         477,     3057.964494,           1.00222859983005,                -0.000160330923025124
         478,3057.96359939473,           1.00218451542383,                  -0.0014424533246145
         479,3057.96270478947,           1.00214206865835,                 -0.00240321839006798
         480,3057.96181018421,           1.00225980918946,                 -0.00272266167405255
         481,3057.96091557895,           1.00237906931321,                 -0.00256158203306362
         482,3057.96002097369,           1.00217655719864,                 -0.00240061455732668
         483,3057.95912636842,           1.00229576124083,                  -0.0023997504259557
         484,3057.95823176316,           1.00225495370148,                 -0.00239888691647076
         485, 3057.9573371579,           1.00253391205647,                 -0.00207828749110733
         486,3057.95644255263,            1.0020136158788,                 -0.00207754019241218
         487,3057.95554794737,           1.00229406163933,                 -0.00255605753685515
         488,3057.95465334211,           1.00209521741075,                 -0.00287453608181568
         489,3057.95375873684,           1.00269471210641,                 -0.00383134422712209
         490,3057.95286413158,           1.00201711998672,                 -0.00414913921319554
         491,3057.95196952632,             1.002297163641,                 -0.00398813132118814
         492,3057.95107492105,           1.00210020045193,                 -0.00382724455933266
         493,3057.95018031579,           1.00222220096731,                  -0.0030288248478414
         494,3057.94928571052,           1.00186604921844,                 -0.00254968296285909
         495,3057.94839110526,           1.00214734481133,                 -0.00223018007111088
         496,    3057.9474965,           1.00211155238911,                 -0.00127393809297837
         497,3057.94660189474,           1.00207419010279,                 0.000159185733137853
         498,3057.94570728947,            1.0021975783673,                 0.000477388493982518
         499,3057.94481268421,           1.00216180618191,                  0.00095443981541134
         500,3057.94391807894,           1.00196863540809,                  0.00111312179778711
         501,3057.94302347368,           1.00209193048941,                 0.000794806416949088
         502,3057.94212886842,            1.0020578256966,                -0.000476716377591152
         503,3057.94123426316,            1.0020237448493,                 -0.00190619609039182
         504,3057.94033965789,           1.00183089399394,                 -0.00333467249546246
         505,3057.93944505263,           1.00195724537952,                  -0.0044446772608724
         506,3057.93855044736,           1.00176455280012,                 -0.00460180136721105
         507, 3057.9376558421,           1.00189083894874,                 -0.00412431314323422
         508,3057.93676123684,           1.00169989280527,                 -0.00301286971082794
         509,3057.93586663158,           1.00182611342193,                 -0.00174368469108248
         510,3057.93497202632,           1.00179537196526,                -0.000158461779811018
         511,3057.93407742105,           1.00176306497679,                  0.00063362622705679
         512,3057.93318281579,           1.00173236675503,                 0.000633406491783134
         513,3057.93228821052,           1.00185998654478,                  0.00031659345443033
         514,3057.93139360526,           1.00167103414227,                -0.000316483739065487
         515,     3057.930499,           1.00164198417494,                -0.000790936500453998
         516,3057.92960439474,           1.00161137036059,                 -0.00173945770034204
         517,3057.92870978947,           1.00158236102175,                 -0.00284540443472089
         518,3057.92781518421,           1.00171139523749,                 -0.00331849492033242
         519,3057.92692057895,            1.0015259843863,                 -0.00379126555603648
         520,3057.92602597368,            1.0018128643889,                 -0.00426370544427811
         521,3057.92513136842,           1.00178540702071,                 -0.00426224487701845
         522,3057.92423676316,           1.00144235473089,                 -0.00378736472006641
         523,3057.92334215789,           1.00157279583785,                 -0.00331280968854856
         524,3057.92244755263,           1.00138774995269,                 -0.00268088059042453
         525,3057.92155294737,           1.00136205417949,                 -0.00220703223528225
         526, 3057.9206583421,           1.00133637589985,                 -0.00173350647385872
         527,3057.91976373684,            1.0013091376548,                  -0.0014178386153073
         528,3057.91886913158,           1.00144255603291,                -0.000787421415342749
         529,3057.91797452631,           1.00125944584383,                -0.000157430730478589
         530,3057.91707992105,           1.00155016800044,                 0.000786887309868354
         531,3057.91618531579,           1.00136714540354,                  0.00173056380195428
         532,3057.91529071053,           1.00150036329551,                  0.00204452021401409
         533,3057.91439610526,           1.00147784800176,                  0.00235826808791623
         534,    3057.9135015,           1.00161093866646,                  0.00204314172331146
         535,3057.91260689474,           1.00142971609923,                  0.00172822825181857
         536,3057.91171228947,           1.00156430617681,                 0.000628235412373725
         537,3057.91081768421,           1.00122778756449,                 0.000471018247246898
         538,3057.90992307895,            1.0012054017064,                -0.000313906694374164
         539,3057.90902847368,           1.00118460174631,                -0.000627603574202355
         540,3057.90813386842,           1.00116381568422,                  -0.0014116362746605
         541,3057.90723926316,           1.00129826960105,                 -0.00188155014644732
         542,3057.90634465789,           1.00112071600429,                 -0.00219440895945829
         543,3057.90545005263,           1.00110154074682,                 -0.00235037143703277
         544,3057.90455544737,           1.00108081013769,                 -0.00234958725583872
         545, 3057.9036608421,           1.00153142234373,                 -0.00187904582053233
         546,3057.90276623684,           1.00104095736771,                 -0.00187841931015051
         547,3057.90187163158,           1.00117988376424,                 -0.00172131583641866
         548,3057.90097702631,           1.00084785798535,                  -0.0017207449887213
         549,3057.90008242105,           1.00114157036296,                 -0.00172017451952398
         550,3057.89918781579,           1.00112399774262,                 -0.00203226295606716
         551,3057.89829321052,           1.00095016033956,                 -0.00250042194620342
         552,3057.89739860526,           1.00093266239965,                 -0.00312449715123972
         553,     3057.896504,           1.00107134936922,                 -0.00374816105848068
         554,3057.89560939474,           1.00089770110456,                 -0.00421529214316381
         555,3057.89471478947,             1.001193941333,                 -0.00421391058706017
         556,3057.89382018421,           1.00102192855861,                 -0.00343243179992043
         557,3057.89292557894,           1.00085002846426,                  -0.0024954964088247
         558,3057.89203097368,           1.00114599331114,                 -0.00155917457298106
         559,3057.89113636842,           1.00097572532553,                -0.000779333327098667
         560,3057.89024176316,           1.00111564015307,                -0.000155815663837054
         561,3057.88934715789,           1.00094549317516,                 0.000467294814740971
         562,3057.88845255263,           1.00093117118913,                 0.000934285474040878
         563,3057.88755794737,           1.00076119493595,                  0.00186796303301158
         564, 3057.8866633421,           1.00121533910451,                  0.00202297162082042
         565,3057.88576873684,           1.00089137512892,                  0.00186675419669678
         566,3057.88487413158,           1.00103260159618,                  0.00155512288581044
         567,3057.88397952631,           1.00086436873099,                  0.00124369601581981
         568,3057.88308492105,           1.00085321182188,                 0.000777059947066676
         569,3057.88219031579,           1.00068514539531,                 0.000776808838220238
         570,3057.88129571052,           1.00082936511634,                 0.000310623639080181
         571,3057.88040110526,           1.00081667634464,                  0.00108683163735844
         572,    3057.8795065,            1.0006518904824,                  0.00139690817656919
         573,3057.87861189474,            1.0007959819205,                  0.00186194601287536
         574,3057.87771728948,           1.00078486848024,                  0.00248179756597704
         575,3057.87682268421,           1.00077531400217,                  0.00356644440998604
         576,3057.87592807894,           1.00061075234148,                  0.00449538525451631
         577,3057.87503347368,           1.00075622334623,                  0.00433898641277398
         578,3057.87413886842,           1.00074668715667,                  0.00449251608785502
         579,3057.87324426316,           1.00089202197843,                  0.00418135302389256
         580, 3057.8723496579,           1.00072918230951,                  0.00356076287022258
         581,3057.87145505263,           1.00071966384734,                  0.00247626270051924
         582,3057.87056044737,           1.00055698239317,                  0.00170189064579014
         583, 3057.8696658421,           1.00055061991141,                  0.00170135365883838
         584,3057.86877123684,           1.00069733389615,                  0.00170081438084945
         585,3057.86787663158,           1.00053481391258,                  0.00200941643455331
         586,3057.86698202631,           1.00068298622593,                  0.00247234832915609
         587,3057.86608742105,           1.00052211899988,                  0.00308946153774859
         588,3057.86519281579,           1.00051577754237,                  0.00339733710540702
         589,3057.86429821052,           1.00051098462569,                  0.00339627243662478
         590,3057.86340360526,           1.00081330549267,                  0.00262356610537785
         591,     3057.862509,            1.0006541433191,                   0.0020056281010096
         592,3057.86161439474,           1.00064931159091,                   0.0010796154718151
         593,3057.86071978947,            1.0007986653962,                 0.000770912544597291
         594,3057.85982518421,           1.00063965720539,                 0.000308268532718851
         595,3057.85893057895,            1.0006348345424,                 0.000308172107958853
         596,3057.85803597368,           1.00078559435604,                 0.000770190545140868
         597,3057.85714136842,           1.00093626037894,                  0.00107793135733117
         598,3057.85624676316,           1.00062500577284,                   0.0016933653943848
         599,3057.85535215789,           1.00108341694932,                  0.00184673343634002
         600,3057.85445755263,           1.00077384972546,                  0.00215385609472044
         601,3057.85356294737,           1.00077053332903,                  0.00230698601505078
         602, 3057.8526683421,           1.00092250922509,                   0.0018450184501845
         603,3057.85177373684,           1.00076698314328,                  0.00199815247747852
         604,3057.85087913158,           1.00076520969511,                  0.00199753534869284
         605,3057.84998452631,           1.00107065558838,                  0.00168970035468347
         606,3057.84908992105,           1.00076320287222,                  0.00107493362284879
         607,3057.84819531579,           1.00076296854635,                 0.000767573990294795
         608,3057.84730071053,           1.00106966972221,                 0.000306935357878954
         609,3057.84640610526,           1.00076250032602,                -0.000153420588736167
         610,    3057.8455115,           1.00076226643129,                -0.000613494109689679
         611,3057.84461689474,           1.00106868566995,                  -0.0010732854648016
         612,3057.84372228947,            1.0010698924896,                 -0.00137951753673349
         613,3057.84282768421,           1.00076463260093,                 -0.00168556284774311
         614,3057.84193307895,           1.00091911764706,                 -0.00183823529411765
         615,3057.84103847368,            1.0009203689439,                 -0.00183767509598024
         616,3057.84014386842,           1.00092161947832,                 -0.00214330111237328
         617,3057.83924926316,           1.00107744767339,                 -0.00244874471224189
         618,3057.83835465789,           1.00092718109407,                 -0.00321300379134447
         619,3057.83746005263,           1.00092995937546,                 -0.00367089227154814
         620,3057.83656544737,           1.00093273597456,                 -0.00412850349393722
         621, 3057.8356708421,           1.00078264963588,                 -0.00382153142521722
         622,3057.83477623684,           1.00093981371822,                 -0.00336193525218335
         623,3057.83388163158,           1.00109535383595,                  -0.0025970732512149
         624,3057.83298702631,           1.00094688292251,                  -0.0021381227282446
         625,3057.83209242105,           1.00095117843833,                 -0.00213747963668953
         626,3057.83119781579,           1.00065020895213,                 -0.00122104967535342
         627,3057.83030321053,           1.00096128904283,                 -0.00030517112470818
         628,3057.82940860526,           1.00081303665377,                 0.000610158839599919
         629,     3057.828514,           1.00066639929365,                  0.00137244705785474
         630,3057.82761939474,           1.00097719522104,                   0.0015244855242477
         631,3057.82672478947,            1.0008305964292,                 0.000762015072658137
         632,3057.82583018421,           1.00068408519222,                   0.0004570725115068
         633,3057.82493557895,           1.00053918537315,                -0.000456936756906599
         634,3057.82404097368,            1.0008496487205,                 -0.00121813436631128
         635,3057.82314636842,           1.00085700759738,                 -0.00197888077547771
         636,3057.82225176316,           1.00071218567959,                 -0.00213046998167796
         637,3057.82135715789,           1.00087171225281,                 -0.00212983796497025
         638,3057.82046255263,           1.00072849384278,                 -0.00167295036964599
         639,3057.81956794737,           1.00058383861728,                 -0.00121633045265738
         640,3057.81867334211,           1.00059278624736,                -0.000759982368409053
         641,3057.81777873684,           1.00044977693495,                -0.000607806668854771
         642,3057.81688413158,           1.00045875879921,                -0.000607627548617799
         643,3057.81598952632,            1.0006195975046,                -0.000607448533922963
         644,3057.81509492105,           1.00062852406154,                -0.000759087030846261
         645,3057.81420031579,           1.00063896405865,                -0.000303545871093175
         646,3057.81330571053,           1.00064939794135,                 -0.00030345698193824
         647,3057.81241110526,           1.00050662403339,                -0.000151683842333747
         648,    3057.8115165,           1.00051860770512,                                    0
         649,3057.81062189474,           1.00068066295662,                                    0
         650,3057.80972728947,           1.00053952146265,                                    0
         651,3057.80883268421,           1.00070299195801,                -0.000151506887503106
         652,3057.80793807895,           1.00056344172013,                                    0
         653,3057.80704347368,           1.00042245779586,                 0.000302837129649118
         654,3057.80614886842,           1.00028458459731,                 0.000454124357414034
         655,3057.80525426316,           1.00029660837404,                                    0
         656,3057.80435965789,           1.00045991201157,                -0.000453860537733965
         657,3057.80346505263,           1.00032214789462,                -0.000907458858084022
         658,3057.80257044737,            1.0003356628131,                -0.000907196792152143
         659, 3057.8016758421,           1.00019801411493,                -0.000906934877541118
         660,3057.80078123684,           1.00006044487427,                -0.000453336557059961
         661,3057.79988663158,            1.0002250921896,                -0.000302137167252561
         662,3057.79899202632,           1.00023861951062,                 0.000453075020161838
         663,3057.79809742105,           1.00010266754437,                  0.00120785346321784
         664,3057.79720281579,           1.00011773193947,                  0.00181126060719493
         665,3057.79630821053,           1.00013278769662,                  0.00226342664686923
         666,3057.79541360526,           1.00014783482325,                  0.00226277790683992
         667,     3057.794519,           1.00001206469087,                  0.00165889499496299
         668,3057.79362439474,           1.00017941113947,                 0.000753828317108435
         669,3057.79272978947,           1.00019443200984,                -0.000301444976494828
         670,3057.79183518421,           1.00006027182593,                  -0.0009040773890245
         671,3057.79094057895,          0.999926188033725,                 -0.00165700332455122
         672,3057.79004597368,          0.999942774359299,                 -0.00135534412187254
         673,3057.78915136842,          0.999959351245884,                                    0
         674,3057.78825676316,          0.999977423748711,                  0.00105355839347396
         675,3057.78736215789,          0.999843515838003,                   0.0018055864845833
         676,3057.78646755263,          0.999861610849709,                  0.00255719082058749
         677,3057.78557294737,          0.999729315167373,                  0.00315798971397636
         678, 3057.7846783421,          0.999747432227648,                  0.00330743511413658
         679,3057.78378373684,          0.999615243568856,                    0.003757387022887
         680,3057.78288913158,          0.999933888668518,                  0.00375632565239864
         681,3057.78199452632,          0.999953434645525,                  0.00375527052217788
         682,3057.78109992105,          0.999822801005529,                   0.0034538787057866
         683,3057.78020531579,          0.999990992424629,                  0.00300252512362897
         684,3057.77931071053,            0.9998604217664,                  0.00285159832085884
         685,3057.77841610526,          0.999581382159078,                  0.00180050684267621
         686,    3057.7775215,             0.999750999751,                  0.00105000105000105
         687,3057.77662689474,          0.999920522214041,                 0.000599832346859053
         688,3057.77573228947,           0.99979161638225,                 0.000449748815286662
         689,3057.77483768421,          0.999662782419724,                 0.000299748960245794
         690,3057.77394307895,          0.999833685689927,                -0.000299665423554601
         691,3057.77304847368,          0.999704911795589,                -0.000898745800235771
         692,3057.77215386842,          0.999576209636963,                 -0.00179699093867319
         693,3057.77125926316,          0.999597286700431,                 -0.00179649055569944
         694,3057.77036465789,          0.999769514213789,                 -0.00179599313930621
         695,3057.76947005263,          0.999792021713532,                  -0.0011969973321922
         696,3057.76857544737,          0.999814516756317,                -0.000448749783104272
         697, 3057.7676808421,          0.999687457474028,                 0.000149541878455352
         698,3057.76678623684,          0.999859469512359,                   0.0002990010375336
         699,3057.76589163158,           1.00003138642821,                 0.000298918363900227
         700,3057.76499702632,          0.999754954696502,                  0.00104592507590428
         701,3057.76410242105,          0.999928299136005,                  0.00164314479989484
         702,3057.76320781579,          0.999653541049412,                  0.00253870782758291
         703,3057.76231321053,          0.999528228647868,                  0.00328448409712518
         704,3057.76141860526,          0.999701492537313,                  0.00417910447761194
         705,     3057.760524,          0.999427023026512,                  0.00537165912644886
         706,3057.75962939474,          0.999600219580887,                  0.00611604372523748
         707,3057.75873478947,          0.999774812057547,                  0.00686003003500107
         708,3057.75784018421,          0.999947818437982,                  0.00685814815090908
         709,3057.75694557895,          0.999824121576705,                  0.00611102996193275
         710,3057.75605097368,          0.999849501043807,                  0.00596035470070824
         711,3057.75515636842,          0.999725898427491,                  0.00551182509936182
         712,3057.75426176316,          0.999751290830376,                  0.00491461233388983
         713,3057.75336715789,           1.00007593251832,                  0.00446661872495902
         714,3057.75247255263,           1.00010121578014,                  0.00372116838733493
         715,3057.75157794737,          0.999979167100685,                  0.00282732204983825
         716,3057.75068334211,           1.00015471677903,                  0.00238025813899517
         717,3057.74978873684,           1.00003271969041,                  0.00193343625163227
         718,3057.74889413158,           1.00005947424765,                  0.00118948495301534
         719,3057.74799952632,           1.00023485972334,                  0.00104051776163819
         720,3057.74710492105,           1.00026154513734,                 0.000743025958354881
         721,3057.74621031579,           1.00043826743227,                 0.000297130462557848
         722,3057.74531571053,            1.0001693188333,                -0.000148525292372038
         723,3057.74442110526,           1.00049297071279,                 -0.00118788123563406
         724,    3057.7435265,            1.0008179333748,                 -0.00252356939593171
         725,3057.74263189474,            1.0004006945372,                 -0.00371013460368342
         726,3057.74173728947,           1.00057862642987,                 -0.00489606979124939
         727,3057.74084268421,           1.00090330484981,                 -0.00608136269988772
         728,3057.73994807895,           1.00078295065631,                 -0.00652458880261933
         729,3057.73905347368,           1.00066414449887,                  -0.0063746012168076
         730,3057.73815886842,           1.00054540172987,                 -0.00548365869708269
         731,3057.73726426316,             1.000871224693,                 -0.00444502394386231
         732,3057.73636965789,           1.00075249003099,                 -0.00325881509483152
         733,3057.73547505263,            1.0007819071426,                  -0.0022213271096684
         734,3057.73458044737,           1.00081130857559,                 -0.00133244109129886
         735, 3057.7336858421,           1.00069416589825,                -0.000592039145628309
         736,3057.73279123684,           1.00072357508238,                 0.000147970364495399
         737,3057.73189663158,           1.00075444903031,                 0.000591724729655764
         738,3057.73100202632,             1.000933198653,                 0.000739460105387854
         739,3057.73010742105,           1.00081614790019,                  0.00162638168516799
         740,3057.72921281579,           1.00099478660866,                  0.00192157888746495
         741,3057.72831821053,           1.00102555614994,                  0.00206884525924109
         742,3057.72742360526,           1.00120552413708,                  0.00177282961334586
         743,     3057.726529,           1.00108852499694,                  0.00103387720197382
         744,3057.72565691111,           1.00082540779427,                 0.000147657923840996
         745,3057.72478482222,           1.00115142747483,                 -0.00103333234920729
         746,3057.72391273333,           1.00118359263162,                  -0.0014758012863084
         747,3057.72304064444,           1.00165836500555,                 -0.00236066192960506
         748,3057.72216855556,           1.00124934914367,                 -0.00295005700985172
         749,3057.72129646667,           1.00113399918305,                 -0.00339167505983357
         750,3057.72042437778,           1.00116613519797,                 -0.00339078502570362
         751,3057.71955228889,           1.00149450393965,                 -0.00368467440743066
         752,    3057.7186802,           1.00137918027183,                 -0.00338901135171455
         753,3057.71780811111,            1.0012653920432,                 -0.00324081780564226
         754,3057.71693602222,           1.00144620613887,                 -0.00323997301986103
         755,3057.71606393333,           1.00118522662858,                 -0.00353359491751264
         756,3057.71519184444,           1.00136596739342,                 -0.00353267429331795
         757,3057.71431975556,            1.0012537745678,                 -0.00353175934591817
         758,3057.71344766667,            1.0012872852992,                 -0.00367795799771967
         759,3057.71257557778,           1.00146933156445,                 -0.00338284544367489
         760,3057.71170348889,             1.001649810757,                 -0.00308788109599193
         761,    3057.7108314,           1.00124365310605,                 -0.00323408609137175
         762,3057.70995931111,           1.00142556912541,                 -0.00279235189512514
         763,3057.70908722222,           1.00131353529061,                 -0.00323241346682221
         764,3057.70821513333,           1.00164222908361,                 -0.00396602730389464
         765,3057.70734304444,           1.00153166793204,                 -0.00484612097386472
         766,3057.70647095556,           1.00141969336385,                 -0.00440442615465702
         767,3057.70559886667,           1.00116246983743,                 -0.00440329483875134
         768,3057.70472677778,           1.00119738687922,                 -0.00440215764420001
         769,3057.70385468889,           1.00123375470727,                 -0.00425432657677813
         770,    3057.7029826,           1.00156343039508,                  -0.0043998979223682
         771,3057.70211051111,           1.00115980874153,                 -0.00425214330016173
         772,3057.70123842222,           1.00134274623855,                 -0.00454422853658251
         773,3057.70036633333,           1.00152558990209,                  -0.0045430631090086
         774,3057.69949424444,           1.00141678131314,                  -0.0042488788087902
         775,3057.69862215556,           1.00145303702315,                 -0.00380836316551146
         776,3057.69775006667,           1.00105142616147,                 -0.00322164004908608
         777,3057.69687797778,            1.0013805582843,                 -0.00248881132906917
         778,3057.69600588889,            1.0011255344093,                  -0.0016099972044594
         779,    3057.6951338,           1.00116329263029,                -0.000438978351050987
         780,3057.69426171111,           1.00120103162912,                  0.00102402209547104
         781,3057.69338962222,           1.00124021575074,                   0.0026325334331746
         782,3057.69251753333,            1.0011317013829,                  0.00424022481964423
         783,3057.69164544444,           1.00087706475661,                  0.00526238853968718
         784,3057.69077335556,           1.00106244145246,                   0.0061379011008764
         785,3057.68990126667,           1.00080795152875,                  0.00657465077646626
         786,3057.68902917778,           1.00099325173089,                  0.00613479010253863
         787,3057.68815708889,           1.00088639924766,                  0.00496500402311355
         788,     3057.687285,           1.00092559338712,                  0.00350382354744615
         789,3057.68641291111,           1.00096476773326,                  0.00262720411478547
         790,3057.68554082222,           1.00114984124019,                  0.00131327045199851
         791,3057.68466873333,           1.00089717499289,                -0.000729410563323778
         792,3057.68379664444,            1.0009377866776,                 -0.00204183724515319
         793,3057.68292455556,           1.00097691847834,                 -0.00291617456220929
         794,3057.68205246667,           1.00072594540541,                 -0.00393584858353183
         795,3057.68118037778,           1.00091230504216,                 -0.00495501141109981
         796,3057.68030828889,           1.00109857127455,                 -0.00568226521317236
         797,    3057.6794362,           1.00113762328501,                 -0.00626348287520083
         798,3057.67856411111,           1.00074269320945,                 -0.00655317537753571
         799,3057.67769202222,           1.00063768267862,                 -0.00582358610608827
         800,3057.67681993333,           1.00082383113499,                 -0.00567657495844456
         801,3057.67594784444,           1.00086436963589,                 -0.00538412062758474
         802,3057.67507575556,           1.00076086339811,                 -0.00509182006380778
         803,3057.67420366667,           1.00065595324842,                 -0.00450876955678795
         804,3057.67333157778,           1.00069795847147,                 -0.00392601640202408
         805,3057.67245948889,            1.0005945709422,                 -0.00290743737016475
         806,    3057.6715874,            1.0007819062817,                 -0.00232537184149103
         807,3057.67071531111,           1.00067854927038,                 -0.00116239703704995
         808,3057.66984322222,           1.00057524360695,                -0.000726317685545116
         809,3057.66897113333,           1.00047198925317,                -0.000145227462513161
         810,3057.66809904444,           1.00051397757664,                -0.000145191405830306
         811,3057.66722695556,            1.0007025529963,                 0.000290311155496461
         812,3057.66635486667,           1.00045422421262,                 0.000725597783734129
         813,3057.66548277778,           1.00035255354679,                   0.0014508376411121
         814,3057.66461068889,           1.00024948217943,                  0.00188562112359811
         815,    3057.6637386,           1.00043793630492,                  0.00275522840843506
         816,3057.66286651111,           1.00033634497396,                  0.00318947820136626
         817,3057.66199442222,             1.000234803707,                  0.00347857343703347
         818,3057.66112233333,           1.00042312217798,                  0.00333281167585363
         819,3057.66025024444,           1.00017674038576,                  0.00231790669846062
         820,3057.65937815555,           1.00036498041851,                  0.00188283549231803
         821,3057.65850606667,           1.00040977850241,                  0.00173757668867114
         822,3057.65763397778,           1.00045310638446,                  0.00188191150094023
         823,3057.65676188889,            1.0003531339188,                  0.00231563225444167
         824,    3057.6558898,           1.00039645448153,                  0.00289382833231567
         825,3057.65501771111,           1.00029654489039,                  0.00289312088182324
         826,3057.65414562222,           1.00048592551456,                  0.00260317239943077
         827,3057.65327353333,            1.0000968721851,                  0.00173502421081701
         828,3057.65240144444,           1.00043075909003,                 0.000578200120843825
         829,3057.65152935556,           1.00047545345108,                -0.000433544180319695
         830,3057.65065726667,           1.00052012598607,                 -0.00158927384633167
         831,3057.64978517778,           1.00042033253937,                 -0.00288888343210907
         832,3057.64891308889,           1.00032203235631,                 -0.00332140995296595
         833,     3057.648041,           1.00036670969009,                 -0.00375372123711102
         834,3057.64716891111,           1.00041280920998,                 -0.00331979434595721
         835,3057.64629682222,           1.00045744267897,                 -0.00317468105278196
         836,3057.64542473333,           1.00050349779485,                 -0.00259683676428368
         837,3057.64455264444,           1.00054953059126,                 -0.00216350626479297
         838,3057.64368055556,           1.00045134227462,                 -0.00072099404891512
         839,3057.64280846667,           1.00035320151949,                 0.000720819427525211
         840,3057.64193637778,           1.00039923726945,                  0.00187367671581945
         841,3057.64106428889,           1.00044525073092,                  0.00230550540280782
         842,    3057.6401922,           1.00063530113418,                   0.0027371250678879
         843,3057.63932011111,           1.00039462730763,                  0.00259244216693599
         844,3057.63844802222,           1.00044060855817,                  0.00230383559829171
         845,3057.63757593333,           1.00048656756811,                  0.00230327842893378
         846,3057.63670384444,           1.00067786462568,                  0.00143920302693181
         847,3057.63583175556,           1.00043741258942,                  0.00129497148185026
         848,3057.63495966667,           1.00033948823587,                   0.0014385094740234
         849,3057.63408757778,           1.00067449890771,                  0.00158198038056695
         850,3057.63321548889,           1.00072178496559,                  0.00201294611918366
         851,    3057.6323434,            1.0003378062717,                  0.00244370494419009
         852,3057.63147131111,           1.00052886328884,                  0.00258683130410789
         853,3057.63059922222,           1.00043247188574,                  0.00186781877560169
         854,3057.62972713333,           1.00047977062942,                  0.00129279510921246
         855,3057.62885504444,           1.00067209319692,                 0.000430828972386735
         856,3057.62798295556,           1.00071931187267,                                    0
         857,3057.62711086667,           1.00048086239441,                -0.000143541013256013
         858,3057.62623877778,           1.00052810433505,                -0.000143506612784717
         859,3057.62536668889,           1.00057675918726,                 0.000143472434641132
         860,    3057.6244946,           1.00062395559157,                 0.000286876134057217
         861,3057.62362251111,           1.00081596831347,                  0.00071701960761819
         862,3057.62275042222,            1.0008645198474,                 0.000860218753629048
         863,3057.62187833333,           1.00076971259763,                 0.000860014075563703
         864,3057.62100624445,           1.00096155361844,                 0.000573206329917501
         865,3057.62013415556,           1.00072350088468,                 0.000716337509581014
         866,3057.61926206667,           1.00077202822845,                 0.000572933750238126
         867,3057.61838997778,           1.00067733311185,                 0.000859196336386822
         868,3057.61751788889,           1.00072584836212,                  0.00128848821677526
         869,    3057.6166458,           1.00063264143544,                  0.00143131546479107
         870,3057.61577371111,            1.0008242418692,                  0.00186026810756356
         871,3057.61490162222,           1.00087268773516,                  0.00157369919455214
         872,3057.61402953333,           1.00063648261115,                  0.00157332780284772
         873,3057.61315744444,           1.00068638105588,                 0.000857976319853572
         874,3057.61228535556,           1.00087778740389,                 0.000428886353693998
         875,3057.61141326667,           1.00107053373753,                                    0
         876,3057.61054117778,           1.00069161036615,                -0.000571578815002801
         877,3057.60966908889,           1.00074144869646,                 -0.00214291530770121
         878,     3057.608797,           1.00093409088961,                 -0.00314220176934525
         879,3057.60792491111,           1.00098384860441,                   -0.003855429944696
         880,3057.60705282222,           1.00117634294394,                 -0.00456832211239214
         881,3057.60618073333,           1.00094056728053,                 -0.00456724627876473
         882,3057.60530864444,            1.0011329811674,                 -0.00499424947845766
         883,3057.60443655556,           1.00075466745415,                 -0.00499307389321384
         884,3057.60356446667,           1.00080440884507,                 -0.00541977590652883
         885,3057.60269237778,           1.00071296164266,                 -0.00541850848424355
         886,3057.60182028889,           1.00133292466481,                 -0.00555979271952271
         887,    3057.6009482,           1.00124139680657,                 -0.00541596769802845
         888,3057.60007611111,           1.00100599321168,                 -0.00527220238417541
         889,3057.59920402222,           1.00105704329889,                 -0.00527097062787232
         890,3057.59833193333,           1.00082321875685,                 -0.00512731405653149
         891,3057.59745984444,           1.00087286251917,                 -0.00484132555493694
         892,3057.59658775555,           1.00092390785977,                  -0.0039860431546115
         893,3057.59571566667,           1.00083260391537,                 -0.00313116002362603
         894,3057.59484357778,           1.00088363482688,                 -0.00241896812511472
         895,3057.59397148889,           1.00093464192687,                 -0.00213388567778611
         896,    3057.5930994,            1.0008433993688,                  -0.0021333879480648
         897,3057.59222731111,           1.00089439206223,                 -0.00241727584387811
         898,3057.59135522222,           1.00094536097863,                 -0.00270103136750375
         899,3057.59048313333,            1.0009963061346,                  -0.0034110338417195
         900,3057.58961104444,           1.00076304096692,                  -0.0032681456683571
         901,3057.58873895555,           1.00067194467608,                 -0.00269914351914332
         902,3057.58786686667,             1.000724339218,                 -0.00198838216705251
         903,3057.58699477778,           1.00049130001392,                 -0.00141994223674981
         904,3057.58612268889,           1.00054371203421,                 -0.00127765229970316
         905,    3057.5852506,           1.00031082302815,                 -0.00141928323358138
         906,3057.58437851111,           1.00036325247182,                 -0.00127705947124062
         907,3057.58350642222,           1.00041423845381,                   -0.001276762357641
         908,3057.58263433333,           1.00046661967376,                  -0.0012764671926657
         909,3057.58176224444,           1.00037576127107,                 -0.00113437364850015
         910,3057.58089015556,           1.00028636315952,                -0.000708819701785375
         911,3057.58001806667,           1.00019700635381,                                    0
         912,3057.57914597778,           1.00010769082531,                 -0.00014169845435326
         913,3057.57827388889,           1.00030033093069,                   0.0001416655333424
         914,    3057.5774018,           1.00021103291405,                 0.000991429797564199
         915,3057.57652971111,           1.00026337625706,                  0.00155760152021908
         916,3057.57565762222,           1.00017412797982,                  0.00212351194900174
         917,3057.57478553333,           1.00008492088205,                    0.002689161264755
         918,3057.57391344444,           1.00013725709386,                  0.00283004317230859
         919,3057.57304135556,           1.00004809963982,                  0.00254645151980715
         920,3057.57216926667,          0.999958983294886,                  0.00254586445534766
         921,3057.57129717778,            1.0000127264063,                  0.00183825868824688
         922,3057.57042508889,          0.999923659157932,                  0.00127234736779604
         923,     3057.569553,          0.999693293588705,                 0.000565357440174582
         924,3057.56868091111,          0.999745647750396,                 0.000141306805335745
         925,3057.56780882222,          0.999658115794203,                -0.000141274465205512
         926,3057.56693673333,          0.999710454022217,                -0.000423725821145331
         927,3057.56606464444,           1.00004518701777,                 -0.00112967544424487
         928,3057.56519255555,          0.999675292589612,                 -0.00127059421456101
         929,3057.56432046667,          0.999445301506155,                 -0.00197602516891487
         930,3057.56344837778,          0.999499051019184,                 -0.00282224777924378
         931,3057.56257628889,          0.999410285856172,                 -0.00282159877429749
         932,    3057.5617042,          0.999746114135801,                 -0.00296200174899151
         933,3057.56083211111,          0.999516317583336,                  -0.0016921833819131
         934,3057.55996002222,          0.999570001621305,                -0.000422949224945545
         935,3057.55908793333,           0.99934175937711,                 0.000845705297075128
         936,3057.55821584444,          0.999394050420642,                  0.00169102208193002
         937,3057.55734375555,          0.999306839186691,                  0.00211329516252649
         938,3057.55647166666,          0.999219667753122,                  0.00140854196187359
         939,3057.55559957778,           0.99899171402982,                 0.000704110314371173
         940,3057.55472748889,          0.999045444178195,                -0.000422369832657072
         941,    3057.5538554,           0.99909774351424,                 -0.00140757642084283
         942,3057.55298331111,          0.998869973810975,                 -0.00182943218646699
         943,3057.55211122222,          0.999064388370277,                 -0.00239178912861494
         944,3057.55123913333,          0.998836730072145,                 -0.00225058268992456
         945,3057.55036704445,           0.99889043424944,                  -0.0029532168265857
         946,3057.54949495555,          0.998662919278848,                 -0.00224955746986647
         947,3057.54862286667,          0.998716638577029,                 -0.00126508793063945
         948,3057.54775077778,          0.998629800091347,                 -0.00028106664792889
         949,3057.54687868889,          0.998543001136656,                 0.000421504010610661
         950,    3057.5460066,          0.998596711050304,                  0.00168563237200783
         951,3057.54513451111,          0.998369521712325,                  0.00252787331422448
         952,3057.54426242222,          0.998423246651681,                  0.00336973110949801
         953,3057.54339033333,          0.998055826554461,                  0.00449195308716495
         954,3057.54251824445,          0.998530623243098,                  0.00533298154367361
         955,3057.54164615556,          0.998164746291609,                  0.00603332641137745
         956,3057.54077406667,          0.998078190974512,                  0.00659306745970514
         957,3057.53990197778,          0.998131921147999,                  0.00715255416306702
         958,3057.53902988889,          0.998185626912173,                  0.00687050087353511
         959,    3057.5381578,           0.99809912582217,                  0.00616802830564262
         960,3057.53728571111,          0.998154213564638,                   0.0049052790613258
         961,3057.53641362222,          0.998347996788472,                  0.00322273739314173
         962,3057.53554153333,          0.997981343184267,                  0.00140087218302115
         963,3057.53466944445,          0.998315133129693,                 0.000140055433940754
         964,3057.53379735556,          0.998090074548703,                -0.000560095440263021
         965,3057.53292526667,           0.99800371259061,                -0.000839952626671856
         966,3057.53205317778,           0.99791738979521,                -0.000839762179350808
         967,3057.53118108889,          0.997972431221481,                -0.000699644160979726
         968,     3057.530309,          0.997886154521965,                -0.000279794239316407
         969,3057.52943691111,          0.997939782341431,                -0.000279730842982882
         970,3057.52856482222,          0.997854947464391,                -0.000279667866441814
         971,3057.52769273333,          0.998048360399052,                -0.000279604527356507
         972,3057.52682064444,          0.997963539388111,                 -0.00027954160767174
         973,3057.52594855555,          0.998017101278753,                -0.000558956651514283
         974,3057.52507646667,          0.998070638924475,                -0.000419122608730883
         975,3057.52420437778,          0.997846194244785,                 -0.00055870447606091
         976,3057.52333228889,          0.997760101884642,                -0.000418933562722733
         977,    3057.5224602,          0.997815054484025,                -0.000698065660055985
         978,3057.52158811111,           0.99786858954227,                -0.000697907811961302
         979,3057.52071602222,          0.997644392593792,                -0.000837301210737551
         980,3057.51984393333,          0.997837460760377,                 -0.00069759330310429
         981,3057.51897184444,          0.997752859141511,                -0.000836923969641978
         982,3057.51809975555,          0.997945815837439,                  -0.0015340139706836
         983,3057.51722766667,          0.997582378972553,                  -0.0015336696252548
         984,3057.51635557778,          0.997496501235022,                 -0.00195150237804504
         985,3057.51548348889,          0.997412052282955,                 -0.00167234101263036
         986,    3057.5146114,          0.997744242523885,                 -0.00153263324504437
         987,3057.51373931111,          0.997659776007132,                 -0.00125369142475065
         988,3057.51286722222,          0.997434690449862,                -0.000835605716657243
         989,3057.51199513333,           0.99748956771275,                -0.000835418398419388
         990,3057.51112304445,          0.997403826745457,                -0.000696025001218044
         991,3057.51025095555,          0.997597860063519,                -0.000417521425807834
         992,3057.50937886667,          0.997372990783205,                -0.000278284874660492
         993,3057.50850677778,          0.997566943822694,                 0.000556445094866933
         994,3057.50763468889,          0.997481262456346,                 0.000834479583761584
         995,    3057.5067626,          0.997675104147547,                 0.000834292770018855
         996,3057.50589051111,          0.997450419415737,                  0.00152919228063737
         997,3057.50501842222,          0.997505194615668,                   0.0011118909790895
         998,3057.50414633333,          0.997419604061379,                  0.00166746102657238
         999,3057.50327424444,          0.997474361574731,                  0.00166708806948423
        1000,3057.50240215556,          0.997529094598593,                  0.00222228703892752
        1001,3057.50153006667,          0.997582417887608,                  0.00236064881738437
        1002,3057.50065797778,          0.997359440901177,                  0.00291544379996168
        1003,3057.49978588889,          0.997551577872038,                  0.00263718936685247
        1004,    3057.4989138,          0.997467476149176,                   0.0024978317432784
        1005,3057.49804171111,          0.997104553772474,                  0.00194232137927016
        1006,3057.49716962222,          0.997436708334027,                   0.0013870625898123
        1007,3057.49629753333,          0.997212630527936,                  0.00110940078490106
        1008,3057.49542544444,            0.9974059680758,                 0.000277288286926828
        1009,3057.49455335555,          0.997183379722552,                -0.000277226405260648
        1010,3057.49368126667,          0.997236673253935,                -0.000692910417769549
        1011,3057.49280917778,          0.997152773448054,                -0.000969858192877084
        1012,3057.49193708889,          0.997344570082156,                 -0.00110816063342462
        1013,     3057.491065,          0.997399172942535,                 -0.00152338113057038
        1014,3057.49019291111,          0.997175454142667,                 -0.00179995569339832
        1015,3057.48932082222,          0.997368497551914,                 -0.00207640908581245
        1016,3057.48844873333,           0.99714488563627,                 -0.00207594355094296
        1017,3057.48757664445,          0.997199484173765,                 -0.00207548109651817
        1018,3057.48670455555,          0.997115723801158,                 -0.00193668425821535
        1019,3057.48583246667,          0.997168925394891,                 -0.00124473236179667
        1020,3057.48496037778,          0.996946936427694,                -0.000691364033583699
        1021,3057.48408828889,          0.997000152066024,                                    0
        1022,    3057.4832162,                          1,                                    0
        1023,3057.48234411111,                          1,                                    0
