"SCAN INDEX",      WAVENUMBER,"SCIENCE DIRECT ABSORPTION","SCIENCE HARMONIC ABSORPTION SPECTRA"
           0,3058.41469805405,                          1,                                    0
           1,3058.41377927027,                          1,                                    0
           2,3058.41286048648,                          1,                                    0
           3, 3058.4119417027,                          1,                                    0
           4,3058.41102291891,                          1,                                    0
           5,3058.41010413513,                          1,                                    0
           6,3058.40918535135,                          1,                                    0
           7,3058.40826656757,                          1,                                    0
           8,3058.40734778377,                          1,                                    0
           9,     3058.406429,                          1,                                    0
          10,3058.40551021621,                          1,                                    0
          11,3058.40459143243,                          1,                                    0
          12,3058.40367264864,                          1,                                    0
          13,3058.40275386486,                          1,                                    0
          14,3058.40183508107,                          1,                                    0
          15,3058.40091629729,                          1,                                    0
          16,3058.39999751351,                          1,                                    0
          17,3058.39907872973,                          1,                                    0
          18,3058.39815994594,                          1,                                    0
          19,3058.39724116216,                          1,                                    0
          20,3058.39632237837,                          1,                                    0
          21,3058.39540359459,                          1,                                    0
          22,3058.39448481081,                          1,                                    0
          23,3058.39356602702,                          1,                                    0
          24,3058.39264724324,                          1,                                    0
          25,3058.39172845946,                          1,                                    0
          26,3058.39080967567,                          1,                                    0
          27,3058.38989089189,                          1,                                    0
          28,3058.38897210811,                          1,                                    0
          29,3058.38805332432,                          1,                                    0
          30,3058.38713454054,                          1,                                    0
          31,3058.38621575675,                          1,                                    0
          32,3058.38529697297,                          1,                                    0
          33,3058.38437818918,                          1,                                    0
          34, 3058.3834594054,                          1,                                    0
          35,3058.38254062161,                          1,                                    0
          36,3058.38162183783,                          1,                                    0
          37,3058.38070305405,                          1,                                    0
          38,3058.37978427027,                          1,                                    0
          39,3058.37886548648,                          1,                                    0
          40, 3058.3779467027,                          1,                                    0
          41,3058.37702791892,                          1,                                    0
          42,3058.37610913513,                          1,                                    0
          43,3058.37519035135,                          1,                                    0
          44,3058.37427156757,                          1,                                    0
          45,3058.37335278378,                          1,                                    0
          46,     3058.372434,                          1,                                    0
          47,3058.37151521621,                          1,                                    0
          48,3058.37059643243,                          1,                                    0
          49,3058.36967764864,                          1,                                    0
          50,3058.36875886486,                          1,                                    0
          51,3058.36784008107,                          1,                                    0
          52,3058.36692129729,                          1,                                    0
          53, 3058.3660025135,                          1,                                    0
          54,3058.36508372972,                          1,                                    0
          55,3058.36416494595,                          1,                                    0
          56,3058.36324616216,                          1,                                    0
          57,3058.36232737837,                          1,                                    0
          58,3058.36140859459,                          1,                                    0
          59,3058.36048981081,                          1,                                    0
          60,3058.35957102702,                          1,                                    0
          61,3058.35865224324,                          1,                                    0
          62,3058.35773345945,                          1,                                    0
          63,3058.35681467567,                          1,                                    0
          64,3058.35589589189,                          1,                                    0
          65, 3058.3549771081,                          1,                                    0
          66,3058.35405832432,                          1,                                    0
          67,3058.35313954054,                          1,                                    0
          68,3058.35222075675,                          1,                                    0
          69,3058.35130197297,                          1,                                    0
          70,3058.35038318919,                          1,                                    0
          71,3058.34946440541,                          1,                                    0
          72,3058.34854562161,                          1,                                    0
          73,3058.34762683784,                          1,                                    0
          74,3058.34670805405,                          1,                                    0
          75,3058.34578927026,                          1,                                    0
          76,3058.34487048648,                          1,                                    0
          77, 3058.3439517027,                          1,                                    0
          78,3058.34303291892,                          1,                                    0
          79,3058.34211413513,          0.997234869020623,                -0.000777268019501655
          80,3058.34119535134,          0.997100368426061,                 0.000388430217540343
          81,3058.34027656756,           0.99657778217768,                  0.00116467991684185
          82,3058.33935778379,          0.995473708513037,                  0.00174610473136179
          83,     3058.338439,          0.994954450438431,                  0.00232692523977025
          84,3058.33752021621,          0.993852379586489,                  0.00193808966378021
          85,3058.33660143243,          0.992945169126108,                  0.00251819882923125
          86,3058.33568264865,          0.992426119819094,                  0.00290409516139025
          87,3058.33476386486,          0.992294623264742,                  0.00290257787616442
          88,3058.33384508108,          0.991969859898037,                  0.00328787046563982
          89,3058.33292629729,          0.992227263149959,                  0.00367276797191686
          90,3058.33200751351,          0.992289278600285,                  0.00444366304669131
          91,3058.33108872973,          0.992351229383947,                  0.00482755024997055
          92,3058.33016994594,          0.992606116985859,                  0.00579004151459766
          93,3058.32925116215,          0.992860739080364,                  0.00636572846117195
          94,3058.32833237837,          0.992731409181175,                  0.00655522779416585
          95,3058.32741359459,          0.992985701622538,                   0.0067445176706363
          96,3058.32649481081,          0.992854528995975,                  0.00674101038115599
          97,3058.32557602703,          0.992530992530993,                  0.00577500577500577
          98,3058.32465724323,          0.992784992784993,                  0.00481000481000481
          99,3058.32373845945,          0.992461828391216,                  0.00365370562670667
         100,3058.32281967568,          0.992717508922925,                  0.00230641047571638
         101,3058.32190089189,          0.992778916510905,                  0.00153680946828313
         102, 3058.3209821081,           0.99303226202842,                 0.000192001597453291
         103,3058.32006332432,          0.992901540782078,                                    0
         104,3058.31914454054,          0.992770954928275,                 0.000383605469446783
         105,3058.31822575675,          0.992834111011851,                 0.000575111475774388
         106,3058.31730697297,          0.992895299554711,                  0.00057481395188424
         107,3058.31638818918,          0.993147930399213,                  0.00153204462846003
         108, 3058.3154694054,          0.993017486907788,                  0.00191406608887392
         109,3058.31455062162,          0.992887178172552,                  0.00229569289750879
         110,3058.31363183784,          0.993139421937023,                   0.0030593436178268
         111,3058.31271305405,          0.993393303864067,                  0.00401332423646506
         112,3058.31179427027,          0.993263002672259,                  0.00439327866566576
         113,3058.31087548648,          0.993514663123309,                    0.005345582353469
         114, 3058.3099567027,          0.993384433669741,                  0.00591527419204033
         115,3058.30903791892,           0.99363766744988,                  0.00648439168777273
         116,3058.30811913513,          0.993507508492087,                  0.00705291209021628
         117,3058.30720035134,          0.993377483443709,                  0.00704928402136886
         118,3058.30628156757,           0.99362843856756,                  0.00761692938725612
         119,3058.30536278378,          0.993688810390243,                   0.0078033405910745
         120,3058.30444399999,          0.993941238574431,                  0.00779934751800032
         121,3058.30352521621,          0.993811257617096,                  0.00760521337376772
         122,3058.30260643244,          0.994061475604542,                  0.00703121288422253
         123,3058.30168764865,          0.994311436955717,                  0.00550812448361333
         124,3058.30076886486,          0.994563030123547,                  0.00398660500717589
         125,3058.29985008107,          0.994243255653335,                  0.00227689295187787
         126,3058.29893129729,          0.994492740430568,                 0.000568931773701698
         127,3058.29801251351,          0.994554308124184,                -0.000758188914140792
         128,3058.29709372972,          0.994613928762909,                 -0.00151560217716253
         129,3058.29617494595,          0.995052195268816,                 -0.00170418073404745
         130,3058.29525616216,          0.994922243902624,                  -0.0017033099096678
         131,3058.29433737837,          0.995172627739988,                 -0.00151328284012923
         132,3058.29341859459,          0.995231811117707,                -0.000945318969526698
         133,3058.29249981081,          0.995857836097296,                 -0.00018896733132776
         134,3058.29158102702,          0.995540748043765,                                    0
         135,3058.29066224323,          0.995599653408994,                 0.000188775057529199
         136,3058.28974345946,           0.99565849875755,                 0.000377357778570229
         137,3058.28882467568,          0.995530578761763,                 0.000188583174609161
         138,3058.28790589188,          0.996154861084932,                 -0.00056546160515701
         139,3058.28698710811,          0.996026819439761,                -0.000565175044130751
         140,3058.28606832432,          0.996085328171515,                -0.000941479516230165
         141,3058.28514954054,          0.996708378109303,                 -0.00112920133471598
         142,3058.28423075676,          0.996580251233028,                 -0.00112862995609629
         143,3058.28331197297,             0.996638390037,                 -0.00188009505760611
         144,3058.28239318918,          0.996698342782299,                 -0.00244288809505465
         145, 3058.2814744054,          0.996568543668897,                 -0.00281728762816311
         146,3058.28055562162,          0.996816195353447,                 -0.00337903795035067
         147,3058.27963683783,          0.996874097034332,                 -0.00281443844447863
         148,3058.27871805405,          0.996933809671158,                 -0.00187534576687577
         149,3058.27779927028,           0.99736647266661,                 -0.00149951734285527
         150,3058.27688048648,          0.997238531663213,                 -0.00112407123614114
         151, 3058.2759617027,          0.997297970388152,                 -0.00074900335740755
         152,3058.27504291892,          0.997355482647811,                -0.000935781087115605
         153,3058.27412413513,          0.997414802593428,                 -0.00130943428697562
         154,3058.27320535135,          0.997474062869846,                 -0.00186967959300815
         155,3058.27228656756,          0.997718273063475,                 -0.00242935709867488
         156,3058.27136778378,          0.997590541474439,                  -0.0026149162292908
         157,     3058.270449,          0.997649624107875,                 -0.00298697492247867
         158,3058.26953021622,          0.997893377667564,                 -0.00373183761281812
         159,3058.26861143243,          0.997952248982652,                  -0.0035434671520595
         160,3058.26769264865,          0.998011061258195,                 -0.00410090462227872
         161,3058.26677386486,          0.998442437250343,                 -0.00372622667382102
         162,3058.26585508108,           0.99812850904554,                 -0.00391057811379782
         163, 3058.2649362973,          0.998373269504945,                 -0.00390862018262563
         164,3058.26401751351,          0.998431753366707,                 -0.00372063258195158
         165,3058.26309872972,          0.998490178724164,                 -0.00427658735766402
         166,3058.26217994594,          0.998548545665058,                 -0.00501783188776411
         167,3058.26126116216,          0.998606854276957,                 -0.00538683012909817
         168,3058.26034237837,          0.998665104647255,                 -0.00556979980282909
         169,3058.25942359459,           0.99872329686317,                 -0.00538145217559122
         170,3058.25850481081,          0.998781431011746,                 -0.00556424195549719
         171,3058.25758602702,          0.998839507179854,                 -0.00444917375135792
         172,3058.25666724324,          0.998897525454192,                 -0.00389108663226452
         173,3058.25574845945,          0.999140683452971,                 -0.00370395063374595
         174,3058.25482967567,          0.999200343556102,                 -0.00333190184957574
         175,3058.25391089189,          0.999073082195963,                 -0.00370027067479986
         176,3058.25299210811,          0.999315790446955,                 -0.00369843001645801
         177,3058.25207332431,          0.999190445033436,                 -0.00388142792188349
         178,3058.25115454054,          0.999063378083047,                 -0.00424897516566385
         179,3058.25023575675,          0.999492221760606,                 -0.00424687254766191
         180,3058.24931697297,          0.999365130923292,                 -0.00387565424734795
         181,3058.24839818919,          0.999240009444543,                 -0.00387373826810696
         182, 3058.2474794054,          0.999297541764922,                  -0.0036874448035606
         183,3058.24656062161,          0.999356858669232,                 -0.00331706130482135
         184,3058.24564183784,          0.999598466066699,                 -0.00294703804257733
         185,3058.24472305406,          0.999473476856915,                 -0.00294558401726112
         186,3058.24380427027,          0.999164602707865,                 -0.00331214785428022
         187,3058.24288548648,          0.999591703112988,                 -0.00349443281677033
         188, 3058.2419667027,           0.99946690196511,                 -0.00312505744590893
         189,3058.24104791892,          0.999707859677102,                 -0.00293977683419107
         190,3058.24012913513,          0.999399478813723,                 -0.00220374747257712
         191,3058.23921035135,          0.999642067199589,                 -0.00183555282262135
         192,3058.23829156756,          0.999517486969396,                 -0.00146772024518267
         193,3058.23737278378,          0.999578237030789,                 -0.00146700163203932
         194,     3058.236454,          0.999637095443898,                 -0.00146628103475453
         195,3058.23553521621,          0.999695896062404,                 -0.00238153686069475
         196,3058.23461643243,          0.999754638971388,                 -0.00384521014988995
         197,3058.23369764865,          0.999813324255768,                 -0.00494141675908946
         198,3058.23277886486,          0.999873781026544,                 -0.00530485540610497
         199,3058.23186008108,          0.999749514112229,                 -0.00566792884738096
         200,3058.23094129729,          0.999444448505493,                 -0.00548241606421006
         201,3058.23002251351,          0.999685828681649,                 -0.00511441681035742
         202,3058.22910372973,          0.999928798204984,                 -0.00419908021886336
         203,3058.22818494595,          0.999622267598772,                  -0.0036495884176662
         204,3058.22726616215,          0.999682640431609,                 -0.00364781113093088
         205,3058.22634737838,          0.999925256270725,                 -0.00401063913180601
         206,3058.22542859459,          0.999620996778473,                 -0.00437311409454673
         207,3058.22450981081,          0.999679461495312,                 -0.00528160036133431
         208,3058.22359102702,          0.999375617783425,                 -0.00582514021294528
         209,3058.22267224324,          0.999617910882262,                  -0.0060042575644548
         210,3058.22175345945,          0.999678109831835,                 -0.00600134211832828
         211,3058.22083467567,          0.999376525739671,                 -0.00527135671998008
         212,3058.21991589189,          0.999436783488672,                 -0.00472375138533093
         213, 3058.2189971081,          0.999678577460108,                 -0.00472146103795873
         214,3058.21807832432,          0.999738630423419,                 -0.00417465295928443
         215,3058.21715954054,          0.999437600914352,                 -0.00435405743727436
         216,3058.21624075675,          0.999679043731652,                 -0.00471461185144621
         217,3058.21532197297,          0.999559577556942,                 -0.00471233889691396
         218,3058.21440318918,          0.999438415970725,                 -0.00398543504646655
         219, 3058.2134844054,          0.999319180989215,                 -0.00325923994524477
         220,3058.21256562162,          0.999381042527084,                 -0.00217178060672311
         221,3058.21164683784,          0.999079247986194,                -0.000723577221065504
         222,3058.21072805405,          0.999141165303078,                 0.000361614609230213
         223,3058.20980927027,          0.999022302703035,                  0.00198792426369996
         224,3058.20889048649,          0.999084187880572,                  0.00270950331191621
         225, 3058.2079717027,           0.99914601361684,                  0.00324984247291347
         226,3058.20705291892,          0.999027319860179,                  0.00270690205886971
         227,3058.20613413513,          0.999271289528936,                  0.00198411266873976
         228,3058.20521535135,          0.999332936701102,                 0.000721149512322642
         229,3058.20429656756,          0.999034122853807,                 0.000360401920221431
         230,3058.20337778379,          0.999277739053064,                 0.000360229898721364
         231,3058.20245899999,          0.998979237290424,                 0.000720114786296936
         232,3058.20154021621,          0.999042704037198,                  0.00107965710090475
         233,3058.20062143243,          0.998926253199208,                  0.00197842794115796
         234,3058.19970264865,          0.998987888822374,                  0.00233702403359562
         235,3058.19878386486,          0.999051260673318,                  0.00287496765661386
         236,3058.19786508108,          0.999114572201877,                  0.00323279926292177
         237,3058.19694629729,          0.998998308973213,                  0.00376980493952156
         238,3058.19602751351,          0.998882156307922,                  0.00448572910143669
         239,3058.19510872973,          0.998766114048365,                  0.00502162887293127
         240,3058.19418994594,          0.998831231222618,                  0.00555702946301169
         241,3058.19327116216,          0.998894497031984,                  0.00698778213170357
         242,3058.19235237838,          0.998778613923801,                  0.00823808790397971
         243,3058.19143359459,          0.998843632640348,                  0.00895021176201029
         244,3058.19051481081,          0.998906802693094,                  0.00876704877878589
         245,3058.18959602702,          0.998614029597174,                  0.00786873519023562
         246,3058.18867724324,          0.998679033817807,                   0.0064350179376125
         247,3058.18775845946,          0.998743976716223,                  0.00482398700739499
         248,3058.18683967568,          0.998808858379154,                  0.00339305709086428
         249,3058.18592089189,            0.9990521766914,                  0.00196347578052625
         250, 3058.1850021081,          0.998938438344678,                  0.00107048234150171
         251,3058.18408332433,          0.999003136819917,                  0.00106997836860398
         252,3058.18316454054,          0.999247801333994,                   0.0012477229056971
         253,3058.18224575675,          0.999312293554445,                  0.00124713604116262
         254,3058.18132697297,          0.999198646603152,                  0.00142462826106313
         255,3058.18040818918,          0.998730894443525,                  0.00142396135368886
         256, 3058.1794894054,          0.998975227549299,                 0.000889559419010952
         257,3058.17857062162,          0.999041503434761,                 0.000711314705186729
         258,3058.17765183783,          0.998928196259174,                 0.000355490461302197
         259,3058.17673305405,          0.999172094246233,                 0.000355324357840054
         260,3058.17581427027,          0.999239959653933,                 0.000532738560327315
         261,3058.17489548649,          0.999483484826701,                  0.00124247636188722
         262, 3058.1739767027,          0.999371955135597,                  0.00230637944554638
         263,3058.17305791892,          0.999260529475082,                  0.00265996591697005
         264,3058.17213913513,          0.999328227388825,                  0.00319047678130522
         265,3058.17122035135,          0.999395862455066,                  0.00372049514475384
         266,3058.17030156756,          0.999461664872216,                  0.00460418201394005
         267,3058.16938278378,          0.999352173405125,                  0.00531005405635029
         268,3058.16846399999,          0.999242783443142,                  0.00601527171336169
         269,3058.16754521622,          0.999310332631877,                  0.00636616032113742
         270,3058.16662643243,          0.999731331042577,                  0.00636321214949306
         271,3058.16570764864,          0.999445243403873,                  0.00618359263198437
         272,3058.16478886486,          0.999690962871396,                  0.00512118670257384
         273,3058.16387008108,          0.999934690938103,                  0.00388324151820622
         274,3058.16295129729,           1.00000352859396,                  0.00282287516893144
         275,3058.16203251352,           0.99989419109089,                  0.00141078545480196
         276,3058.16111372972,          0.999786716867523,                  0.00105760230980344
         277,3058.16019494594,          0.999855527483254,                  0.00123330197222604
         278,3058.15927616216,           1.00027648487346,                  0.00176105014942511
         279,3058.15835737837,           0.99999295903567,                  0.00246433751566615
         280,3058.15743859459,           1.00023928327621,                  0.00281509736718019
         281,3058.15651981081,           1.00048362277424,                  0.00263794240492416
         282,3058.15560102702,           1.00020039164261,                  0.00158203928379324
         283,3058.15468224324,           1.00044628267615,                  0.00017570184100389
         284,3058.15376345946,           1.00016508431594,                 -0.00122935128888702
         285,3058.15284467567,           1.00023346972881,                 -0.00245757609269977
         286,3058.15192589189,           1.00047900871515,                  -0.0036846824242403
         287,3058.15100710811,            1.0005506974917,                 -0.00420915280276962
         288,3058.15008832433,           1.00044526563426,                 -0.00368133004701584
         289,3058.14916954053,           1.00051515140896,                 -0.00315398821810179
         290,3058.14825075676,           1.00058497353608,                 -0.00175141777268699
         291,3058.14733197297,           1.00083154623835,                 0.000175062365967876
         292,3058.14641318919,            1.0005529463642,                  0.00209979631975698
         293, 3058.1454944054,           1.00079931017957,                  0.00402278646174942
         294,3058.14457562162,           1.00069405230392,                  0.00472025496369774
         295,3058.14365683783,           1.00094187791934,                  0.00524236318742672
         296,3058.14273805406,           1.00101306504576,                  0.00436665968001118
         297,3058.14181927027,            1.0010841877932,                   0.0031425733136166
         298,3058.14090048648,           1.00080797575026,                  0.00209410561621675
         299, 3058.1399817027,            1.0010535569758,                  0.00191872959169434
         300,3058.13906291892,            1.0011263106874,                  0.00156916349637523
         301,3058.13814413513,           1.00119899897527,                  0.00139418485496992
         302,3058.13722535135,           1.00127162192764,                 0.000870973923040744
         303,3058.13630656756,           1.00134417963254,                                    0
         304,3058.13538778378,           1.00124263382679,                 -0.00121826845763732
         305,     3058.134469,           1.00166305989103,                 -0.00191356263612389
         306,3058.13355021621,           1.00138932118011,                 -0.00295600251086331
         307,3058.13263143243,           1.00146343667769,                 -0.00260707246618627
         308,3058.13171264865,           1.00136201912386,                 -0.00295335779408495
         309,3058.13079386486,            1.0014360805247,                 -0.00329933856944153
         310,3058.12987508108,           1.00133650391405,                 -0.00329786680089563
         311, 3058.1289562973,           1.00158574288758,                 -0.00346989690936282
         312,3058.12803751351,           1.00148618816148,                 -0.00312151539167214
         313,3058.12711872972,           1.00208008320333,                 -0.00260010400416017
         314,3058.12619994595,           1.00163560631788,                 -0.00190589719244017
         315,3058.12528116215,           1.00171108324732,                 -0.00103911938096195
         316,3058.12436237837,           1.00144027365199,                -0.000692439255766288
         317,3058.12344359459,           1.00186183650445,                 -0.00121123192668932
         318,3058.12252481081,           1.00159119997233,                 -0.00138365214984953
         319,3058.12160602703,           1.00183944291158,                 -0.00224743964760146
         320,3058.12068724324,           1.00191639406868,                 -0.00345607586777745
         321,3058.11976845946,           1.00199327743866,                 -0.00414546434382481
         322,3058.11884967567,           1.00189571168608,                 -0.00535219146342727
         323,3058.11793089189,           1.00197253635731,                  -0.0053498361396963
         324,3058.11701210811,           1.00187679399426,                 -0.00534748288805476
         325,3058.11609332432,           1.00195528703407,                 -0.00465544531920837
         326,3058.11517454054,           1.00168728811953,                   -0.003791658695566
         327,3058.11425575675,           1.00176579525389,                 -0.00327318144622938
         328,3058.11333697297,           1.00167031150449,                 -0.00241075887245364
         329,3058.11241818918,           1.00157663550115,                 -0.00172121779601504
         330, 3058.1114994054,             1.001655087933,                 -0.00103227937609035
         331,3058.11058062162,           1.00173347182764,                -0.000343942822945114
         332,3058.10966183784,            1.0016416127341,                 0.000171896621371907
         333,3058.10874305405,           1.00171993422669,                 0.000859108005340215
         334,3058.10782427026,           1.00179990794364,                  0.00068698776474791
         335,3058.10690548649,           1.00153474813993,                                    0
         336, 3058.1059867027,            1.0016147326768,                  -0.0003431950428908
         337,3058.10506791892,           1.00152484258445,                 -0.00137218680265038
         338,3058.10414913513,           1.00160476216602,                 -0.00205738739233006
         339,3058.10323035135,           1.00151323783197,                 -0.00308474303233668
         340,3058.10231156757,           1.00142350827125,                 -0.00359731332085123
         341,3058.10139278378,           1.00167630958476,                 -0.00342453439174276
         342,     3058.100474,           1.00158487285075,                 -0.00290959378647689
         343,3058.09955521621,           1.00149522861259,                 -0.00205294546350376
         344,3058.09863643243,           1.00157837945063,                 -0.00136804286078283
         345,3058.09771764865,           1.00097601999217,                -0.000512795092209104
         346,3058.09679886487,           1.00157189721159,                -0.000683433570256971
         347,3058.09588008108,           1.00131162771633,                -0.000341569717795099
         348,3058.09496129729,           1.00173613778481,                -0.000853558399612143
         349,3058.09404251351,           1.00147772996106,                 -0.00102383138179696
         350,3058.09312372973,           1.00122125113426,                 -0.00119396060612263
         351,3058.09220494595,           1.00164525561134,                 -0.00119344966626033
         352,3058.09128616216,           1.00121850422216,                 -0.00119294119652002
         353,3058.09036737838,           1.00147180070728,                -0.000681389216334262
         354,3058.08944859459,           1.00138603678617,                                    0
         355,3058.08852981081,           1.00095994117807,                  0.00102121401922606
         356,3058.08761102703,            1.0012147278091,                  0.00187142939777402
         357,3058.08669224324,           1.00096082716165,                  0.00323110018961456
         358,3058.08577345945,           1.00104541166271,                  0.00322972708806106
         359,3058.08485467567,           1.00130153907846,                   0.0027186194850255
         360,3058.08393589189,           1.00087808241746,                  0.00220794418317105
         361, 3058.0830171081,           1.00113406402369,                  0.00118839044398267
         362,3058.08209832432,           1.00105213141461,                 0.000509095845777898
         363,3058.08117954054,           1.00096856982439,                 0.000848134697360096
         364,3058.08026075675,           1.00088677584918,                  0.00135644489357842
         365,3058.07934197297,           1.00080335442845,                  0.00254226084952189
         366,3058.07842318918,           1.00089111158547,                  0.00338825697896231
         367,3058.07750440541,           1.00098049010958,                  0.00389486572027074
         368,3058.07658562162,            1.0008988284761,                  0.00457031428527902
         369,3058.07566683784,           1.00081723537563,                  0.00422999676828247
         370,3058.07474805405,           1.00056827407047,                  0.00372084212805109
         371,3058.07382927027,           1.00099575493947,                  0.00304305414438616
         372,3058.07291048648,           1.00074692695325,                  0.00270380797555758
         373, 3058.0719917027,           1.00100505907889,                  0.00304051486051638
         374,3058.07107291892,           1.00092697184133,                  0.00388348858845321
         375,3058.07015413513,           1.00084726024392,                  0.00523208517159552
         376,3058.06923535135,           1.00076930344297,                   0.0065795689201409
         377,3058.06831656757,           1.00069141132228,                  0.00775729776218823
         378,3058.06739778378,           1.00061358380139,                  0.00910261683377273
         379,     3058.066479,           1.00070600406753,                  0.00960435127662048
         380,3058.06556021622,           1.00045980728517,                  0.00943194431110595
         381,3058.06464143243,           1.00055221458251,                  0.00841790522112153
         382,3058.06372264865,           1.00064454567944,                  0.00706812494425437
         383,3058.06280386486,           1.00056858133909,                  0.00639233458152077
         384,3058.06188508108,           1.00066082961862,                  0.00571710102621963
         385,3058.06096629729,           1.00041852186146,                  0.00554667527241739
         386,3058.06004751351,           1.00051075612067,                  0.00588041586300983
         387,3058.05912872973,           1.00077253795513,                  0.00654977831519549
         388,3058.05820994594,           1.00069835684692,                  0.00637922119781629
         389,3058.05729116216,           1.00079204199165,                  0.00553758172128177
         390,3058.05637237837,           1.00071959219754,                  0.00436116483357963
         391,3058.05545359459,            1.0006455236706,                  0.00368870668913424
         392,3058.05453481081,           1.00057319268325,                  0.00284920339625045
         393,3058.05361602702,           1.00083598452675,                  0.00301557544718471
         394,3058.05269724324,           1.00059617110781,                  0.00284688450357033
         395,3058.05177845946,           1.00069301925388,                  0.00284573123575042
         396,3058.05085967567,           1.00062078647455,                  0.00284457414215174
         397,3058.04994089189,           1.00088480625419,                  0.00234164226062144
         398,3058.04902210811,           1.00114861238595,                  0.00150473238334562
         399,3058.04810332432,           1.00091083052703,                  0.00100274920406782
         400,3058.04718454054,           1.00117441283535,                                    0
         401,3058.04626575676,            1.0011054742685,                -0.000667960283081568
         402,3058.04534697297,           1.00120184282567,                 -0.00116845830273085
         403,3058.04442818919,           1.00113294878704,                -0.000667421965858029
         404, 3058.0435094054,           1.00089899109515,                -0.000833943501995627
         405,3058.04259062162,           1.00116371736006,                -0.000166721684822658
         406,3058.04167183784,           1.00142823097678,                 0.000666618892312718
         407,3058.04075305405,           1.00119443662406,                 0.000999528555697896
         408,3058.03983427027,           1.00162691520558,                  0.00133217212329919
         409,3058.03891548649,           1.00155968326944,                    0.001664549914026
         410, 3058.0379967027,           1.00149250502909,                  0.00166388520523192
         411,3058.03707791892,           1.00175969077343,                  0.00133057903473144
         412,3058.03615913513,           1.00169415160246,                 0.000665025162889601
         413,3058.03524035135,           1.00162866449511,                  0.00016619025460347
         414,3058.03432156756,            1.0017293536603,                -0.000166124270922106
         415,3058.03340278378,           1.00166390456295,                -0.000498175018847622
         416,     3058.032484,           1.00209814818504,                 -0.00132794188926293
         417,3058.03156521622,           1.00170075081926,                 -0.00116148836437549
         418,3058.03064643243,             1.001637052112,                -0.000829307047617152
         419,3058.02972764865,           1.00190499559812,                -0.000663183846167875
         420,3058.02880886486,           1.00200865777907,                -0.000497192519572812
         421,3058.02789008108,           1.00177924741479,                -0.000496996484578199
         422, 3058.0269712973,           1.00171727693202,                -0.000331200951209132
         423,3058.02605251351,           1.00182089058103,                 -0.00049660652209899
         424,3058.02513372973,           1.00208989355277,                -0.000496411770254014
         425,3058.02421494594,           1.00169871959217,                -0.000496217991871949
         426,3058.02329616216,           1.00196756006018,                                    0
         427,3058.02237737838,            1.0017420163095,                -0.000165276689706237
         428,3058.02145859459,           1.00201228518277,                 0.000165212248175231
         429,3058.02053981081,           1.00195204766828,                 0.000495443570628784
         430,3058.01962102702,           1.00189351105153,                 0.000660335153106959
         431,3058.01870224324,           1.00232842510343,                 0.000495058491160731
         432,3058.01778345946,           1.00210483253715,                  0.00082477763994827
         433,3058.01686467567,            1.0020463048615,                 0.000824458042505759
         434,3058.01594589189,           1.00215430209348,                 0.000494484030638231
         435, 3058.0150271081,           1.00209580049034,                 0.000823820947459995
         436,3058.01410832433,           1.00220369522467,                 0.000988204136622516
         437,3058.01318954054,           1.00231150682586,                  0.00131709790647288
         438,3058.01227075676,           1.00225466155391,                   0.0014811645244639
         439,3058.01135197297,           1.00219786004764,                 0.000987062895647711
         440,3058.01043318919,           1.00214275025202,                 0.000822237241755838
         441, 3058.0095144054,           1.00208603539849,                 0.000657536768634181
         442,3058.00859562162,           1.00252397447105,                 0.000328642509251287
         443,3058.00767683784,           1.00230619123647,                 0.000328517270152892
         444,3058.00675805406,            1.0022511243307,                 0.000328391587264317
         445,3058.00583927027,           1.00219774448061,                 0.000984799617897748
         446,3058.00492048648,           1.00247090209256,                  0.00131256419259254
         447, 3058.0040017027,           1.00241747932678,                  0.00131206476351673
         448,3058.00308291892,           1.00236574053581,                  0.00131156786461997
         449,3058.00216413514,           1.00247628193887,                  0.00131106919331551
         450,3058.00124535135,           1.00258838176993,                  0.00114675141705711
         451,3058.00032656757,           1.00237287747011,                 0.000655038639091723
         452,3057.99940778378,           1.00248493162346,                 0.000163697735405528
         453,     3057.998489,           1.00243326520627,                -0.000654543431411212
         454,3057.99757021622,           1.00271042606197,                 -0.00179931724089423
         455,3057.99665143243,           1.00265871341816,                 -0.00310673769650116
         456,3057.99573264865,           1.00260867859641,                 -0.00359592287726135
         457,3057.99481386486,           1.00272207099606,                 -0.00424813000584935
         458,3057.99389508108,           1.00251035911038,                 -0.00408321260634727
         459,3057.99297629729,           1.00246043628254,                 -0.00391841212879168
         460,3057.99205751351,           1.00290180538646,                 -0.00375374150103962
         461,3057.99113872973,           1.00269026398521,                 -0.00326290355999093
         462,3057.99021994594,           1.00280504908836,                 -0.00244626373984801
         463,3057.98930116216,           1.00292138348375,                 -0.00195628358286817
         464,3057.98838237837,           1.00271007126363,                 -0.00146666514568059
         465,3057.98746359459,           1.00282635432872,                 -0.00195482720142051
         466,3057.98654481081,           1.00261686747773,                 -0.00195410141460658
         467,3057.98562602703,           1.00273473108478,                 -0.00244172418283631
         468,3057.98470724324,            1.0028508757656,                 -0.00292898195096233
         469,3057.98378845946,           1.00280590459924,                  -0.0035785449961368
         470,3057.98286967567,           1.00259836553377,                 -0.00357722413910849
         471,3057.98195089189,           1.00287860292672,                 -0.00390098646195157
         472,3057.98103210811,           1.00250870898976,                 -0.00438699110903135
         473,3057.98011332432,           1.00279040153846,                 -0.00535990982357776
         474,3057.97919454054,            1.0027455354606,                 -0.00568265766533692
         475,3057.97827575676,           1.00254002775366,                 -0.00584287534387756
         476,3057.97735697297,           1.00265915591674,                 -0.00567849036522428
         477,3057.97643818919,           1.00245545633537,                 -0.00535205145754201
         478,3057.97551940541,            1.0028987762884,                 -0.00470159465120653
         479,3057.97460062162,           1.00253307338134,                 -0.00372749122013753
         480,3057.97368183784,           1.00265365436395,                 -0.00340212097942203
         481,3057.97276305405,           1.00261382444298,                  -0.0029150458471933
         482,3057.97184427027,           1.00257240036198,                  -0.0025902080422722
         483,3057.97092548648,           1.00253262883637,                 -0.00291292773511777
         484, 3057.9700067027,           1.00265303481299,                 -0.00355894913938139
         485,3057.96908791892,           1.00229146014687,                 -0.00420451403094846
         486,3057.96816913513,           1.00273679411969,                  -0.0048496056462342
         487,3057.96725035135,           1.00253542566549,                 -0.00484785022081958
         488,3057.96633156756,           1.00249735887338,                 -0.00500764069047288
         489,3057.96541278378,           1.00213636224178,                 -0.00516731607988025
         490,     3057.964494,           1.00242130750605,                 -0.00516545601291364
         491,3057.96357521621,           1.00222196045653,                 -0.00500223486944974
         492,3057.96265643243,           1.00218567776174,                 -0.00467783432401261
         493,3057.96173764865,           1.00214942104304,                 -0.00403117224876525
         494,3057.96081886486,           1.00227437946192,                 -0.00354616216599585
         495,3057.95990008108,           1.00223811695249,                 -0.00306149907107673
         496, 3057.9589812973,           1.00220188037685,                 -0.00273825650376188
         497,3057.95806251351,           1.00200626676585,                 -0.00241524891555324
         498,3057.95714372973,           1.00181079232224,                 -0.00273630839805239
         499,3057.95622494594,           1.00209816314184,                 -0.00257443330286921
         500,3057.95530616216,           1.00174195011557,                 -0.00273436306229362
         501,3057.95438737838,           1.00202914116841,                 -0.00192945277503545
         502,3057.95346859459,           1.00183554659749,                  -0.0011251161280575
         503,3057.95254981081,           1.00180276295113,                                    0
         504,3057.95163102703,           1.00193061975785,                 0.000160617284347203
         505,3057.95071224324,           1.00189782568905,                 0.000642242195954516
         506,3057.94979345946,           1.00186666281457,                 0.000321008222625623
         507,3057.94887467568,           1.00183552184014,                  0.00064179085319676
         508,3057.94795589189,           1.00164240483996,                 0.000641564390610064
         509,3057.94703710811,           1.00177330549917,                 0.000641340144365667
         510,3057.94611832432,           1.00158195132975,                 0.000641115027255403
         511,3057.94519954054,           1.00155095396487,                 0.000801112585158268
         512,3057.94428075676,           1.00168174901898,                  0.00128133258588932
         513,3057.94336197297,           1.00165234209886,                  0.00224154935891688
         514,3057.94244318919,           1.00162295570003,                  0.00224076723870253
         515, 3057.9415244054,           1.00159519234308,                   0.0023999884800553
         516,3057.94060562162,           1.00140590287274,                  0.00271903854796944
         517,3057.93968683784,           1.00153812208404,                  0.00271809515891263
         518,3057.93876805405,           1.00167024957844,                  0.00223765493762537
         519,3057.93784927027,           1.00164250837232,                  0.00127821663215482
         520,3057.93693048648,           1.00161638619491,                 0.000159721956018962
         521, 3057.9360117027,           1.00142901621414,                -0.000798333080527858
         522,3057.93509291892,           1.00172220883259,                 -0.00143650412356489
         523,3057.93417413513,           1.00153652967672,                 -0.00223379184570242
         524,3057.93325535135,           1.00135257563577,                 -0.00287103318914367
         525,3057.93233656757,           1.00164549211694,                 -0.00334838512168988
         526,3057.93141778378,           1.00146162710816,                 -0.00446298353637252
         527,     3057.930499,           1.00143722574004,                 -0.00462079229060641
         528,3057.92958021621,           1.00141284108485,                 -0.00477849295889063
         529,3057.92866143243,            1.0013884731254,                  -0.0042991713745247
         530,3057.92774264865,           1.00168246999967,                  -0.0035018297060214
         531,3057.92682386486,           1.00134138055587,                 -0.00159119876141088
         532,3057.92590508108,            1.0014777204611,                 0.000318131423272268
         533, 3057.9249862973,           1.00129594440955,                  0.00190813900792673
         534,3057.92406751351,           1.00095533453399,                  0.00317914986353499
         535,3057.92314872973,           1.00109325739856,                  0.00365478490796298
         536,3057.92222994595,           1.00123108693062,                  0.00317699853063818
         537,3057.92131116216,           1.00121002702711,                   0.0023819429667576
         538,3057.92039237838,           1.00118898136522,                 0.000793712526847326
         539,3057.91947359459,             1.001485327629,                 0.000476066547755822
         540,3057.91855481081,           1.00130715636382,                -0.000158635481046233
         541,3057.91763602702,           1.00112751728939,                -0.000634327588968409
         542,3057.91671724324,           1.00110811492055,                -0.000158528600937538
         543,3057.91579845946,           1.00124878766172,                -0.000158475591589383
         544,3057.91487967567,           1.00122935756562,                 0.000316844733406841
         545,3057.91396089189,           1.00105157133898,                 0.000950215065343123
         546,3057.91304210811,           1.00103380527415,                 0.000949897648528371
         547,3057.91212332432,           1.00101605107477,                  0.00158263407284548
         548,3057.91120454054,           1.00115651930406,                 0.000791052875556308
         549,3057.91028575676,           1.00082400332764,                 0.000158158028338756
         550,3057.90936697297,           1.00096444212557,                -0.000316210532972853
         551,3057.90844818919,           1.00094831673779,                  -0.0012644223170539
         552, 3057.9075294054,           1.00093220205084,                 -0.00173800382360841
         553,3057.90661062162,           1.00107404599444,                 -0.00236921910538287
         554,3057.90569183784,           1.00121737675047,                 -0.00236843725772861
         555,3057.90477305405,           1.00088550191859,                 -0.00205196523023839
         556,3057.90385427027,           1.00118659151587,                 -0.00173570567481081
         557,3057.90293548649,           1.00117200377944,                 -0.00110417583526958
         558, 3057.9020167027,           1.00099973823888,                 -0.00110381193567615
         559,3057.90109791892,           1.00130207101804,                 -0.00141872144823085
         560,3057.90017913513,           1.00112987583972,                 -0.00189100558949736
         561,3057.89926035135,           1.00111690304368,                 -0.00157532164129611
         562,3057.89834156757,           1.00110393874636,                  -0.0018897667555382
         563,3057.89742278378,           1.00124841193501,                 -0.00125943196469812
         564,     3057.896504,            1.0010796110882,                -0.000629510838602864
         565,3057.89558521621,           1.00122399791071,                -0.000157326209602563
         566,3057.89466643243,           1.00089804019634,                 0.000157274990602819
         567,3057.89374764865,           1.00120118986976,                 0.000314447609883717
         568,3057.89282886486,           1.00118979698008,                  0.00015717265258714
         569,3057.89191008108,           1.00102286279026,                -0.000314243560756636
         570, 3057.8909912973,           1.00101153527179,                 -0.00109949486064688
         571,3057.89007251351,           1.00115880677447,                 -0.00204125854580741
         572,3057.88915372973,           1.00114901392002,                 -0.00282544406562565
         573,3057.88823494595,           1.00098230902249,                 -0.00298144910980206
         574,3057.88731616216,           1.00065884419903,                 -0.00298048566229529
         575,3057.88639737838,           1.00112124324706,                 -0.00235225856026094
         576,3057.88547859459,           1.00111304456881,                 -0.00172443524745646
         577,3057.88455981081,           1.00110485115853,                 -0.00156716476386745
         578,3057.88364102703,           1.00093999686668,                -0.000939996866677111
         579,3057.88272224324,           1.00093186427671,                 -0.00109631091377515
         580,3057.88180345946,           1.00123843565693,                -0.000939394935721902
         581,3057.88088467567,           1.00091718134209,                -0.000313031174774696
         582,3057.87996589189,           1.00106709559111,                                    0
         583,3057.87904710811,           1.00090408276268,                 0.000312831405770488
         584,3057.87812832432,           1.00074273875142,                 0.000781830264649545
         585,3057.87720954054,           1.00073624925554,                 0.000468948570410283
         586,3057.87629075676,            1.0008875943069,                 0.000156266603326603
         587,3057.87537197297,           1.00072640927304,                -0.000312434095932889
         588,3057.87445318919,           1.00103382900905,                -0.000937005144158241
         589,3057.87353440541,           1.00071658176448,                 -0.00109282622033562
         590,3057.87261562162,           1.00117987839137,                 -0.00109247999200929
         591,3057.87169683784,           1.00070832800267,                -0.000468058151544748
         592,3057.87077805405,           1.00086095566078,                -0.000311940456805605
         593,3057.86985927027,           1.00070164496765,                 0.000311842207842832
         594,3057.86894048649,           1.00085417861685,                 0.000311744020749682
         595, 3057.8680217027,           1.00053914739916,                 0.000155822947733867
         596,3057.86710291892,           1.00084896916451,                -0.000778870793124129
         597,3057.86618413513,           1.00084714617632,                 -0.00202443020076119
         598,3057.86526535135,           1.00115667767301,                  -0.0026465034241084
         599,3057.86434656757,           1.00084350362146,                 -0.00295693151435357
         600,3057.86342778378,           1.00099726335998,                 -0.00295600683926635
         601,     3057.862509,           1.00068589132433,                 -0.00295508733838394
         602,3057.86159021621,           1.00083960445301,                 -0.00310964612227129
         603,3057.86067143243,           1.00068390947525,                 -0.00373041531957225
         604,3057.85975264865,           1.00099446827025,                 -0.00404002734787743
         605,3057.85883386486,           1.00068503896645,                 -0.00419411612109501
         606,3057.85791508108,           1.00068482620788,                  -0.0048139710757983
         607, 3057.8569962973,           1.00053092564247,                  -0.0048124838937031
         608,3057.85607751351,           1.00053076085033,                 -0.00512137662603708
         609,3057.85515872973,           1.00053214843683,                 -0.00511979545641425
         610,3057.85423994595,             1.000688632599,                 -0.00465292296620737
         611,3057.85332116216,           1.00038142255107,                 -0.00418634507267185
         612,3057.85240237838,           1.00053785691146,                 -0.00310003983551189
         613,3057.85148359459,           1.00038583654476,                 -0.00247927097037116
         614,3057.85056481081,           1.00038881634082,                 -0.00201378981301187
         615,3057.84964602703,           1.00039179430954,                  -0.0010840158761868
         616,3057.84872724324,           1.00039477045259,                                    0
         617,3057.84780845946,           1.00024452829254,                 0.000464294226346531
         618,3057.84688967567,            1.0002475477303,                  0.00139245598291921
         619,3057.84597089189,           1.00025211240811,                  0.00232005283533657
         620,3057.84505210811,           1.00010205122972,                  0.00340170765724394
         621,3057.84413332432,          0.999952081442998,                   0.0041735517389026
         622,3057.84321454054,          0.999956731898481,                  0.00479039695392565
         623,3057.84229575676,           1.00011740643016,                  0.00494342863851796
         624,3057.84137697297,          0.999967568619396,                  0.00525079495491266
         625,3057.84045818919,          0.999973753969712,                  0.00478604081720875
         626,3057.83953940541,           0.99997993557777,                  0.00463025128373717
         627,3057.83862062162,          0.999986113446966,                  0.00416596591005525
         628,3057.83770183784,          0.999685332806831,                  0.00431896147486364
         629,3057.83678305405,          0.999845797995374,                  0.00400925212027756
         630,3057.83586427027,          0.999853552131587,                   0.0043163582269017
         631,3057.83494548649,           0.99986130160736,                  0.00431506110434742
         632, 3057.8340267027,          0.999869046426893,                  0.00385157567961053
         633,3057.83310791892,          0.999722769837358,                  0.00338836865450961
         634,3057.83218913513,          0.999732090892014,                  0.00338735653775209
         635,3057.83127035135,            0.9998937920695,                  0.00323241527608675
         636,3057.83035156757,          0.999903056490368,                  0.00292369314763266
         637,3057.82943278378,          0.999604650053765,                  0.00199982463076315
         638,     3057.828514,          0.999921568748068,                 0.000922720610964074
         639,3057.82759521621,          0.999777075694332,                 0.000307481800920908
         640,3057.82667643243,          0.999786363866906,                -0.000307390119559387
         641,3057.82575764865,           0.99964353320058,                 0.000153649482508543
         642,3057.82483886486,          0.999807995084674,                 0.000614415729042663
         643,3057.82392008108,          0.999818801077366,                  0.00107490886308425
         644, 3057.8230012973,           0.99982960066686,                  0.00168864204012521
         645,3057.82208251351,          0.999840393858847,                  0.00214854420783175
         646,3057.82116372973,          0.999851180659009,                  0.00260817401737044
         647,3057.82024494594,           1.00001687145029,                  0.00245402913239334
         648,3057.81932616216,           1.00002913301675,                  0.00214664333980904
         649,3057.81840737838,          0.999888100825755,                  0.00153286540062204
         650,3057.81748859459,          0.999747151624742,                 0.000612965758200333
         651,3057.81656981081,          0.999759481706056,                -0.000306392731138846
         652,3057.81565102703,          0.999924955854133,                 -0.00153151318096819
         653,3057.81473224324,           0.99993875738739,                 -0.00214349144134489
         654,3057.81381345946,          0.999952550850947,                  -0.0021428647959457
         655,3057.81289467567,          0.999964806135362,                 -0.00198921843607647
         656,3057.81197589189,           1.00028452809638,                 -0.00122377675864369
         657,3057.81105710811,          0.999993882894125,                -0.000305855293743424
         658,3057.81013832432,           1.00000764414955,                 0.000458648973008508
         659,3057.80921954054,           1.00002292578922,                 0.000458515784405878
         660,3057.80830075676,          0.999883876566902,                 0.000152793990917925
         661,3057.80738197297,           1.00005193487977,                 0.000152749646384569
         662,3057.80646318919,           1.00006719034414,                 0.000305410655166937
         663, 3057.8055444054,          0.999929775924134,                 0.000305322068984468
         664,3057.80462562162,              1.00009920105,                  0.00122093600006105
         665,3057.80370683784,           1.00026700232673,                  0.00274630964641263
         666,3057.80278805405,           1.00028370352067,                  0.00320310426561971
         667,3057.80186927027,           1.00014791027183,                  0.00426957485708361
         668,3057.80095048649,           1.00001067084557,                  0.00426833822921891
         669, 3057.8000317027,           1.00033374937708,                  0.00365752742002588
         670,3057.79911291892,           1.00050276520865,                  0.00274235568353215
         671,3057.79819413513,           1.00021475602345,                  0.00152309236489028
         672,3057.79727535135,            1.0002329664239,                 0.000761328182694401
         673,3057.79635656757,           1.00025116640155,                -0.000152222061543379
         674,3057.79543778378,           1.00042001205252,                  -0.0013696045190862
         675,     3057.794519,            1.0004396701105,                 -0.00228202479496007
         676,3057.79360021622,             1.000305703887,                 -0.00258555526320192
         677,3057.79268143243,           1.00047591027343,                  -0.0031930082242769
         678,3057.79176264865,           1.00049553561928,                 -0.00364811498858444
         679,3057.79084386486,           1.00036166804952,                 -0.00364707276821941
         680,3057.78992508108,           1.00038131466968,                 -0.00334220029198677
         681, 3057.7890062973,           1.00040095013031,                 -0.00349312613526599
         682,3057.78808751351,           1.00042057444092,                 -0.00349213434696329
         683,3057.78716872973,             1.000440187611,                 -0.00333935429031132
         684,3057.78624994595,           1.00030956181828,                 -0.00303491978707003
         685,3057.78533116216,           1.00048089832414,                 -0.00257895000326161
         686,3057.78441237838,           1.00035033494144,                 -0.00242656236492768
         687,3057.78349359459,           1.00021984519866,                 -0.00242587805414257
         688,3057.78257481081,           1.00069572756582,                 -0.00257676876228702
         689,3057.78165602703,           1.00056521403125,                 -0.00348523397284851
         690,3057.78073724324,           1.00043477404626,                 -0.00409020879758466
         691,3057.77981845946,           1.00030592247743,                 -0.00363472250408149
         692,3057.77889967567,           1.00032703290314,                  -0.0036336989238195
         693,3057.77798089189,           1.00034964558652,                 -0.00332995796684875
         694,3057.77706210811,           1.00022092625603,                   -0.003177706422296
         695,3057.77614332432,           1.00024355597779,                 -0.00287426309189019
         696,3057.77522454054,            1.0004174077166,                  -0.0025709895587577
         697,3057.77430575676,           1.00029028980599,                 -0.00211669650200784
         698,3057.77338697297,           1.00016173085265,                 -0.00196495428458282
         699,3057.77246818919,           1.00018586321374,                 -0.00105775812698235
         700,3057.77154940541,            1.0003595372544,                -0.000604264293116523
         701,3057.77063062162,           1.00023257710535,                -0.000302048188768036
         702,3057.76971183784,           1.00025666963598,                 0.000150982138812978
         703,3057.76879305405,           1.00028074878418,                 0.000754701032732893
         704,3057.76787427027,            1.0003063240063,                   0.0012071882021497
         705,3057.76695548649,           1.00017951940092,                  0.00150856639426986
         706, 3057.7660367027,           1.00005429340154,                  0.00226222506424719
         707,3057.76511791892,           1.00038145668205,                  0.00346778801864162
         708,3057.76419913513,           1.00040697586784,                  0.00437122228418974
         709,3057.76328035135,            1.0002817907425,                  0.00587691922852626
         710,3057.76236156757,           1.00030732333428,                  0.00692983989056879
         711,3057.76144278378,           1.00003162750629,                  0.00768096581367784
         712,     3057.760524,           1.00035834630708,                  0.00767884943733607
         713,3057.75960521622,           1.00023481810628,                  0.00647255036547331
         714,3057.75868643243,          0.999810391166034,                  0.00481546244992671
         715,3057.75776764865,            1.0001384066387,                  0.00330972396902098
         716,3057.75684886486,           1.00031584171818,                  0.00120320654544361
         717,3057.75593008108,           1.00019246036519,                -0.000300719320614911
         718, 3057.7550112973,           1.00006914652148,                  -0.0021044593493613
         719,3057.75409251351,           1.00024645495585,                 -0.00330610306626032
         720,3057.75317372973,           1.00027493288182,                 -0.00435685987587456
         721,3057.75225494595,            1.0001531996191,                 -0.00540704538013031
         722,3057.75133616216,           1.00018018559116,                 -0.00630649569056128
         723,3057.75041737838,           1.00035877212866,                 -0.00705535148410069
         724,3057.74949859459,           1.00023711547524,                  -0.0073535811940415
         725,3057.74857981081,           1.00011702539451,                 -0.00660143251085485
         726,3057.74766102703,           1.00014549207068,                 -0.00554969754148399
         727,3057.74674224324,           1.00002399217855,                 -0.00419863124621373
         728,3057.74582345946,           0.99990405718192,                 -0.00284830241176259
         729,3057.74490467568,          0.999934057106546,                 -0.00134883191156459
         730,3057.74398589189,          0.999812713038918,                -0.000599318275461662
         731,3057.74306710811,          0.999842721369672,                -0.000149789171740775
         732,3057.74214832432,          0.999874210822661,                  0.00089849412384843
         733,3057.74122954054,          0.999904186453162,                  0.00134737800240732
         734,3057.74031075676,          0.999784477597644,                  0.00179602001963649
         735,3057.73939197297,          0.999965585502818,                  0.00164591073477944
         736,3057.73847318919,          0.999995512361201,                  0.00104711571974995
         737,3057.73755440541,          0.999727822791701,                 0.000598191666591893
         738,3057.73663562162,          0.999609784394665,                -0.000149507894764383
         739,3057.73571683784,          0.999641277053689,                -0.000149467894296305
         740,3057.73479805405,          0.999672752865654,                 0.000896567491359331
         741,3057.73387927027,          0.999704211844075,                  0.00253959527814544
         742,3057.73296048649,          0.999438450601575,                  0.00418175083933713
         743, 3057.7320417027,          0.999619263760629,                  0.00552440817911027
         744,3057.73112291892,          0.999801472684582,                   0.0065678209612006
         745,3057.73020413513,          0.999535897784098,                  0.00701376339143814
         746,3057.72928535135,          0.999567351444897,                  0.00745945784660371
         747,3057.72836656757,          0.999301980109416,                  0.00790492611131329
         748,3057.72744778378,          0.999336459676878,                  0.00835017035838633
         749,     3057.726529,          0.999369431280681,                  0.00864609591501782
         750,3057.72565691111,          0.999402385391378,                  0.00909089554262959
         751,3057.72478482222,          0.999585802871965,                  0.00908849813313309
         752,3057.72391273333,          0.999469729919744,                  0.00893713618408117
         753,3057.72304064444,          0.999504119678407,                  0.00789238950282414
         754,3057.72216855556,          0.999687365083146,                  0.00580607702728856
         755,3057.72129646667,          0.999424010287444,                  0.00357202922515244
         756,3057.72042437778,          0.999458384915722,                  0.00133915817541187
         757,3057.71955228889,          0.999492741442429,                -0.000595024700962899
         758,    3057.7186802,          0.999527079881859,                 -0.00193332123768251
         759,3057.71780811111,          0.999711564480207,                 -0.00282488395674062
         760,3057.71693602222,          0.999745827332034,                 -0.00267550176806075
         761,3057.71606393333,          0.999632957721782,                  -0.0020804015769444
         762,3057.71519184444,          0.999817269652055,                  -0.0013370513264292
         763,3057.71431975556,           0.99970444037493,                                    0
         764,3057.71344766667,          0.999591670069416,                 0.000445450833364267
         765,3057.71257557778,          0.999627403507157,                  0.00163289299652194
         766,3057.71170348889,          0.999663118278134,                  0.00178087253850024
         767,    3057.7108314,          0.999700297625229,                  0.00133530761036317
         768,3057.70995931111,          0.999587645992601,                  0.00103830145747859
         769,3057.70908722222,           0.99962482557355,                 0.000741451435672415
         770,3057.70821513333,           0.99966050384787,                 0.000444754784449594
         771,3057.70734304444,          0.999697645189594,                 0.000296426284711518
         772,3057.70647095556,          0.999734767269392,                -0.000148174709836874
         773,3057.70559886667,          0.999920006399488,                -0.000740681486221843
         774,3057.70472677778,          0.999808953703114,                 -0.00133288114106474
         775,3057.70385468889,          0.999847498456477,                 -0.00192477676291044
         776,    3057.7029826,          0.999884543309581,                 -0.00222032096959937
         777,3057.70211051111,          0.999775065408611,                 -0.00207176597331565
         778,3057.70123842222,           1.00010799982838,                 -0.00162739467427696
         779,3057.70036633333,          0.999850614035477,                 -0.00103534826897165
         780,3057.69949424444,           1.00003696721008,                -0.000739344201693098
         781,3057.69862215556,           1.00022322451508,                -0.000295661609374838
         782,3057.69775006667,           1.00011380044722,                                    0
         783,3057.69687797778,           1.00029994222788,                 0.000295509584114587
         784,3057.69600588889,           1.00004283787636,                 0.000147716815048207
         785,    3057.6951338,           1.00008122337166,                 0.000147678857556358
         786,3057.69426171111,           1.00026870687033,                 0.000590564550181746
         787,3057.69338962222,           1.00030701469538,                  0.00103322253251699
         788,3057.69251753333,           1.00034677901323,                  0.00132808983789926
         789,3057.69164544444,           1.00038652303353,                  0.00206539025548877
         790,3057.69077335556,           1.00042624677181,                  0.00235984371934969
         791,3057.68990126667,           1.00061340285232,                  0.00235924173970486
         792,3057.68902917778,           1.00050563346439,                  0.00235864006710331
         793,3057.68815708889,           1.00039791903085,                  0.00191590644481453
         794,     3057.687285,           1.00029025950968,                  0.00147339852630679
         795,3057.68641291111,           1.00047873319831,                 0.000883815135334193
         796,3057.68554082222,           1.00051837278072,                 0.000147264994521742
         797,3057.68466873333,           1.00041223756662,                                    0
         798,3057.68379664444,            1.0004533465216,                -0.000294380858179078
         799,3057.68292455556,           1.00064011536792,                -0.000441458874427023
         800,3057.68205246667,           1.00082826151879,                 -0.00073557861349316
         801,3057.68118037778,           1.00086923397102,                 -0.00176494207313037
         802,3057.68030828889,           1.00076461592754,                 -0.00264674744147747
         803,    3057.6794362,           1.00080558381306,                 -0.00367510863621129
         804,3057.67856411111,           1.00069956380139,                 -0.00455598274017377
         805,3057.67769202222,           1.00088745746375,                 -0.00543641161570153
         806,3057.67681993333,           1.00078294041867,                 -0.00543504605834302
         807,3057.67594784444,           1.00082533211541,                 -0.00499311244195507
         808,3057.67507575556,           1.00115987138641,                 -0.00425775572227687
         809,3057.67420366667,            1.0010553648201,                 -0.00293564623114398
         810,3057.67333157778,           1.00109765618121,                 -0.00190769122403339
         811,3057.67245948889,           1.00099321765844,                 -0.00117366931573612
         812,    3057.6715874,           1.00088883152389,                 -0.00102670308040259
         813,3057.67071531111,           1.00107776792064,                 -0.00146635091243686
         814,3057.66984322222,           1.00126807743335,                 -0.00161258401929237
         815,3057.66897113333,           1.00101713893766,                 -0.00219842709869179
         816,3057.66809904444,            1.0012059014443,                 -0.00205135118106544
         817,3057.66722695556,           1.00110305912133,                 -0.00219732892695639
         818,3057.66635486667,           1.00114672013146,                  -0.0023432339850941
         819,3057.66548277778,           1.00104247805232,                  -0.0027818936789519
         820,3057.66461068889,            1.0010861323442,                 -0.00307395946472119
         821,    3057.6637386,           1.00127610752084,                 -0.00321953732321813
         822,3057.66286651111,           1.00117337578164,                 -0.00321873655811722
         823,3057.66199442222,           1.00107069513273,                 -0.00292539653750066
         824,3057.66112233333,            1.0012619966454,                 -0.00204727149890983
         825,3057.66025024444,           1.00115934486051,                 -0.00160817067661588
         826,3057.65937815555,           1.00134906610424,                 -0.00131544907238916
         827,3057.65850606667,           1.00095565693377,                 -0.00146124913420989
         828,3057.65763397778,           1.00114533480591,                 -0.00146088623202379
         829,3057.65676188889,           1.00148243352783,                 -0.00189868333613267
         830,    3057.6558898,           1.00123529978652,                 -0.00292033046459537
         831,3057.65501771111,           1.00113426848442,                 -0.00394147349797014
         832,3057.65414562222,           1.00117777035084,                 -0.00394049559759075
         833,3057.65327353333,           1.00107680320765,                 -0.00364770734298079
         834,3057.65240144444,           1.00112321853165,                 -0.00262570565839569
         835,3057.65152935556,           1.00102231445576,                 -0.00131252925846472
         836,3057.65065726667,           1.00106726075571,                -0.000437401949063085
         837,3057.64978517778,           1.00111218491131,                 0.000291529465611913
         838,3057.64891308889,           1.00145000400755,                 0.000291458091969601
         839,     3057.648041,           1.00120342553768,                -0.000582772657472457
         840,3057.64716891111,           1.00110408394534,                 -0.00203920517608537
         841,3057.64629682222,           1.00115041283802,                 -0.00349492507754365
         842,3057.64542473333,           1.00119526146527,                 -0.00451316753023458
         843,3057.64455264444,           1.00109599488827,                 -0.00494871529895335
         844,3057.64368055556,           1.00099677684567,                 -0.00552956498330217
         845,3057.64280846667,           1.00118856590867,                 -0.00538273422531544
         846,3057.64193637778,           1.00138026124607,                 -0.00479964395368489
         847,3057.64106428889,           1.00128104647392,                 -0.00436224678974988
         848,    3057.6401922,           1.00132870853601,                 -0.00436118775494777
         849,3057.63932011111,           1.00122955465705,                 -0.00421478546741971
         850,3057.63844802222,           1.00127575113844,                 -0.00421375660760627
         851,3057.63757593333,           1.00117811295648,                 -0.00406746766726371
         852,3057.63670384444,           1.00107906825433,                 -0.00377601273387679
         853,3057.63583175556,            1.0012719173428,                 -0.00392029317985144
         854,3057.63495966667,           1.00102919039442,                 -0.00406450367329519
         855,3057.63408757778,           1.00107537961191,                 -0.00406351270355659
         856,3057.63321548889,           1.00112299884218,                  -0.0042076184009309
         857,    3057.6323434,           1.00117059500169,                 -0.00406154399595006
         858,3057.63147131111,           1.00092812808168,                 -0.00362550031904403
         859,3057.63059922222,           1.00068577857616,                  -0.0034796375957444
         860,3057.62972713333,           1.00058994655693,                  -0.0030439502937412
         861,3057.62885504444,           1.00078254064864,                 -0.00231863895893111
         862,3057.62798295556,            1.0006852817986,                 -0.00115903898282739
         863,3057.62711086667,           1.00087775965608,                -0.000289689655472093
         864,3057.62623877778,           1.00063716404078,                 0.000144810009267841
         865,3057.62536668889,            1.0005400107423,                 0.000434324993810869
         866,    3057.6244946,             1.000444352454,                 0.000289480426057291
         867,3057.62362251111,           1.00063815101171,                 0.000144705444831773
         868,3057.62275042222,           1.00039639712627,                 0.000144670484038505
         869,3057.62187833333,           1.00044547810793,                 0.000723178746644451
         870,3057.62100624445,           1.00034993449573,                  0.00159061134424011
         871,3057.62013415556,           1.00054356940051,                  0.00245762760869942
         872,3057.61926206667,           1.00044804810013,                  0.00361329113009293
         873,3057.61838997778,           1.00035257262418,                   0.0044794062908204
         874,3057.61751788889,           1.00011268061402,                  0.00476725674711292
         875,    3057.6166458,           1.00030763142578,                  0.00519940437934277
         876,3057.61577371111,           1.00021225812321,                  0.00447619171384717
         877,3057.61490162222,           1.00011693053027,                   0.0037533256630755
         878,3057.61402953333,           1.00031174049336,                  0.00303081035209357
         879,3057.61315744444,           1.00007214486689,                  0.00274150494192338
         880,3057.61228535556,           1.00012261708128,                  0.00245234162561399
         881,3057.61141326667,           1.00017162281632,                  0.00302863793498812
         882,3057.61054117778,           0.99993367419032,                  0.00317210394119496
         883,3057.60966908889,          0.999984143252738,                  0.00389211069162807
         884,     3057.608797,           1.00017726484665,                  0.00331470851462147
         885,3057.60792491111,           1.00008356842958,                  0.00244941948758144
         886,3057.60705282222,           1.00013396580559,                  0.00144049253320695
         887,3057.60618073333,          0.999896309182974,                 0.000720075118236334
         888,3057.60530864444,          0.999946727100212,                 0.000287961620475223
         889,3057.60443655556,          0.999997121067738,                 0.000431839839240422
         890,3057.60356446667,           1.00004749110261,                 0.000431737296489832
         891,3057.60269237778,           1.00009927614739,                 0.000863270846911864
         892,3057.60182028889,           1.00014959809895,                  0.00115075460733376
         893,    3057.6009482,           1.00005608597549,                  0.00100667135487898
         894,3057.60007611111,          0.999964055928975,                  0.00057510513640775
         895,3057.59920402222,            1.0000143742184,                 0.000143742184018744
         896,3057.59833193333,           1.00006610582105,                                    0
         897,3057.59745984444,          0.999972701894632,                -0.000143674238777964
         898,3057.59658775555,           1.00002441886688,                 0.000430921180206928
         899,3057.59571566667,          0.999931068948285,                  0.00100524450418469
         900,3057.59484357778,           0.99998277129468,                  0.00201001562069282
         901,3057.59397148889,           1.00003444929924,                  0.00272723619013717
         902,    3057.5930994,           1.00037311290971,                  0.00358762413179496
         903,3057.59222731111,           1.00013773235161,                  0.00358677998978485
         904,3057.59135522222,          0.999901028301603,                  0.00286874488108335
         905,3057.59048313333,          0.999809273331393,                  0.00258126318416022
         906,3057.58961104444,           1.00000430109377,                   0.0018638072995296
         907,3057.58873895555,          0.999770661927013,                  0.00100335406931743
         908,3057.58786686667,           1.00010890998303,                 0.000716513046269546
         909,3057.58699477778,           1.00016046121137,                 0.000573075754884038
         910,3057.58612268889,           1.00049845878834,                 0.000716176420034606
         911,    3057.5852506,          0.999977087736784,                 0.000859209870602994
         912,3057.58437851111,            0.9998868971007,                 0.000286336453923454
         913,3057.58350642222,           1.00008158673314,                -0.000572538478164098
         914,3057.58263433333,           1.00013451515871,                 -0.00186031602476224
         915,3057.58176224444,          0.999899852640314,                 -0.00286135313389702
         916,3057.58089015556,           1.00023743660014,                 -0.00328978421876207
         917,3057.58001806667,           1.00014729077917,                 -0.00371801966832405
         918,3057.57914597778,           1.00034312183685,                 -0.00357418580047465
         919,3057.57827388889,           1.00010862977828,                 -0.00343041405097595
         920,    3057.5774018,           1.00016147770679,                 -0.00300091313499679
         921,3057.57652971111,            1.0002143010215,                 -0.00257161225801843
         922,3057.57565762222,           1.00012283713795,                  -0.0022853421014292
         923,3057.57478553333,           1.00017564478057,                 -0.00228481015369632
         924,3057.57391344444,           1.00022842784535,                 -0.00242704585688995
         925,3057.57304135556,          0.999995717974374,                 -0.00199827862569815
         926,3057.57216926667,           1.00019121932286,                 -0.00185511283367058
         927,3057.57129717778,          0.999958626337332,                 -0.00128401022072136
         928,3057.57042508889,           1.00015404540346,                -0.000855807796979569
         929,     3057.569553,           1.00020677214423,                                    0
         930,3057.56868091111,           1.00011690603891,                 0.000570273360535373
         931,3057.56780882222,            1.0001696169081,                 0.000712676084443564
         932,3057.56693673333,            1.0003662309421,                 0.000712511560500069
         933,3057.56606464444,          0.999991451846828,                 0.000712346097625608
         934,3057.56519255555,           1.00018659134643,                  0.00071218071158248
         935,3057.56432046667,           1.00023923717518,                 0.000996821563244056
         936,3057.56344837778,           1.00015091245085,                 0.000569480946591229
         937,3057.56257628889,           1.00020354220369,                 0.000569348821519108
         938,    3057.5617042,           1.00011384335155,                 0.000142304189435337
         939,3057.56083211111,           1.00002560885042,                -0.000711356956075131
         940,3057.55996002222,           1.00007823112319,                 -0.00128014565212753
         941,3057.55908793333,           1.00013225124323,                 -0.00213308456827079
         942,3057.55821584444,          0.999900479121942,                   -0.002843453658814
         943,3057.55734375555,           1.00009665516281,                 -0.00326921874200463
         944,3057.55647166666,           1.00000710535104,                 -0.00326846147833934
         945,3057.55559957778,           1.00006109195476,                 -0.00312563489458796
         946,3057.55472748889,          0.999830970470967,                 -0.00269879079968012
         947,    3057.5538554,           1.00002556157357,                 -0.00227213987293058
         948,3057.55298331111,          0.999937530524857,                  -0.0015617368785707
         949,3057.55211122222,          0.999991483394038,                 -0.00127749089432879
         950,3057.55123913333,          0.999761589855081,                  -0.0017029296065665
         951,3057.55036704445,           0.99995601782555,                 -0.00255380367776105
         952,3057.54949495555,          0.999868083796577,                  -0.0034042891206012
         953,3057.54862286667,           1.00006381575682,                 -0.00382894540916536
         954,3057.54775077778,          0.999692336920845,                  -0.0035445055202129
         955,3057.54687868889,          0.999888019345721,                 -0.00311844860017095
         956,    3057.5460066,          0.999658466557357,                 -0.00226744194285763
         957,3057.54513451111,          0.999995749522176,                 -0.00184187372397114
         958,3057.54426242222,          0.999482977201419,                 -0.00169980098163507
         959,3057.54339033333,          0.999536910499103,                 -0.00198264618121103
         960,3057.54251824445,          0.999590819055656,                 -0.00254853183328637
         961,3057.54164615556,          0.999786255522322,                 -0.00297260531869868
         962,3057.54077406667,          0.999415521650465,                 -0.00311344399268058
         963,3057.53990197778,          0.999469420961409,                 -0.00268826712885996
         964,3057.53902988889,          0.999381840248848,                 -0.00155600852692673
         965,    3057.5381578,          0.999435722579158,                -0.000565691649966978
         966,3057.53728571111,          0.999348189706487,                 0.000141390519200126
         967,3057.53641362222,          0.999120751121678,                 0.000565433362264674
         968,3057.53554153333,          0.999174656295224,                  0.00070662988422576
         969,3057.53466944445,          0.999087243163508,                 0.000423880883819902
         970,3057.53379735556,           0.99899987003961,                 0.000423783881521328
         971,3057.53292526667,           0.99891253689607,                 0.000423686923609248
         972,3057.53205317778,           0.99896785088481,                 0.000847181216298072
         973,3057.53118108889,           0.99902172946373,                 0.000846987477290148
         974,     3057.530309,          0.998793318796706,                   0.0012701907403095
         975,3057.52943691111,          0.998848622015024,                  0.00169320291908183
         976,3057.52856482222,          0.998620354983509,                  0.00169281597115442
         977,3057.52769273333,          0.998674263793298,                 0.000423107300011283
         978,3057.52682064444,            0.9987295562189,                -0.000564014997158774
         979,3057.52594855555,          0.998501472447816,                 -0.00155068702483778
         980,3057.52507646667,           0.99869631091223,                 -0.00183221169091998
         981,3057.52420437778,          0.998610653162103,                 -0.00211361080816023
         982,3057.52333228889,          0.998382752363886,                 -0.00225400367402599
         983,    3057.5224602,          0.998438047968406,                 -0.00126758956576607
         984,3057.52158811111,          0.998351101354462,                -0.000704055783747858
         985,3057.52071602222,           0.99840637898898,                -0.000563116965024805
         986,3057.51984393333,          0.998319479122976,                -0.000703735710646395
         987,3057.51897184444,          0.998234023541662,                 -0.00126643730079997
         988,3057.51809975555,          0.998428568815884,                 -0.00168819822823596
         989,3057.51722766667,           0.99792117336964,                  -0.0016878159380459
         990,3057.51635557778,          0.997834462974942,                 -0.00112495429873161
         991,3057.51548348889,          0.997889782244085,                -0.000421762376265463
         992,    3057.5146114,          0.997803118363148,                -0.000140555447015516
         993,3057.51373931111,          0.997717895967533,                 0.000281047294638742
         994,3057.51286722222,          0.997771802198976,                                    0
         995,3057.51199513333,          0.997686625549374,                -0.000561839575136913
         996,3057.51112304445,           0.99788094238382,                 -0.00126385146094207
         997,3057.51025095555,          0.997514987294144,                 -0.00154435817878052
         998,3057.50937886667,          0.997428526512004,                 -0.00126327846026007
         999,3057.50850677778,           0.99748383719739,                -0.000561330240403709
        1000,3057.50763468889,          0.997397422676796,                                    0
        1001,    3057.5067626,          0.997312446347115,                 0.000841613878773937
        1002,3057.50589051111,          0.997367745699272,                  0.00140237309575263
        1003,3057.50501842222,          0.997281416187281,                   0.0018226709419984
        1004,3057.50414633333,          0.997336697504906,                  0.00154191197084385
        1005,3057.50327424444,           0.99711027212772,                  0.00182184589426006
        1006,3057.50240215556,          0.997025456654753,                  0.00252198682121776
        1007,3057.50153006667,          0.997080758218422,                  0.00322181194703901
        1008,3057.50065797778,          0.996854544385096,                  0.00364122199410122
        1009,3057.49978588889,          0.996909859466513,                  0.00420046289101059
        1010,    3057.4989138,          0.996823770348377,                  0.00475944504870732
        1011,3057.49804171111,          0.996879067358963,                  0.00419856409108085
        1012,3057.49716962222,            0.9966544982377,                   0.0030782533990214
        1013,3057.49629753333,           0.99670841417746,                  0.00237811130400236
        1014,3057.49542544444,          0.996483984928966,                  0.00153843141532893
        1015,3057.49455335555,          0.996679134477575,                 0.000978781417135666
        1016,3057.49368126667,          0.996453419856655,                 0.000698971254108204
        1017,3057.49280917778,          0.996508725391266,                 0.000698813972925152
        1018,3057.49193708889,          0.996422882374312,                 0.000838386943520666
        1019,     3057.491065,          0.996757569280588,                 0.000838198376409745
        1020,3057.49019291111,          0.996393764089041,                 0.000977678209787397
        1021,3057.48932082222,          0.996308005093948,                   0.0013963672110637
        1022,3057.48844873333,          0.996223675668884,                  0.00111684268572745
        1023,3057.48757664445,           0.99627895810827,                 0.000697869822154855
