"SCAN INDEX",      WAVENUMBER,"SCIENCE DIRECT ABSORPTION","SCIENCE HARMONIC ABSORPTION SPECTRA"
           0, 3058.4135858421,                          1,                                    0
           1,3058.41269123684,                          1,                                    0
           2,3058.41179663158,                          1,                                    0
           3,3058.41090202631,                          1,                                    0
           4,3058.41000742105,                          1,                                    0
           5,3058.40911281578,                          1,                                    0
           6,3058.40821821052,                          1,                                    0
           7,3058.40732360526,                          1,                                    0
           8,     3058.406429,                          1,                                    0
           9,3058.40553439473,                          1,                                    0
          10,3058.40463978946,                          1,                                    0
          11, 3058.4037451842,                          1,                                    0
          12,3058.40285057895,                          1,                                    0
          13,3058.40195597368,                          1,                                    0
          14,3058.40106136841,                          1,                                    0
          15,3058.40016676315,                          1,                                    0
          16,3058.39927215789,                          1,                                    0
          17,3058.39837755263,                          1,                                    0
          18,3058.39748294736,                          1,                                    0
          19, 3058.3965883421,                          1,                                    0
          20,3058.39569373683,                          1,                                    0
          21,3058.39479913157,                          1,                                    0
          22,3058.39390452631,                          1,                                    0
          23,3058.39300992105,                          1,                                    0
          24,3058.39211531579,                          1,                                    0
          25,3058.39122071052,                          1,                                    0
          26,3058.39032610526,                          1,                                    0
          27,3058.38943149999,                          1,                                    0
          28,3058.38853689474,                          1,                                    0
          29,3058.38764228947,                          1,                                    0
          30,3058.38674768421,                          1,                                    0
          31,3058.38585307894,                          1,                                    0
          32,3058.38495847368,                          1,                                    0
          33,3058.38406386842,                          1,                                    0
          34,3058.38316926315,                          1,                                    0
          35,3058.38227465789,                          1,                                    0
          36,3058.38138005263,                          1,                                    0
          37,3058.38048544736,                          1,                                    0
          38, 3058.3795908421,                          1,                                    0
          39,3058.37869623684,                          1,                                    0
          40,3058.37780163157,                          1,                                    0
          41,3058.37690702632,                          1,                                    0
          42,3058.37601242105,                          1,                                    0
          43,3058.37511781578,                          1,                                    0
          44,3058.37422321052,                          1,                                    0
          45,3058.37332860526,                          1,                                    0
          46,     3058.372434,                          1,                                    0
          47,3058.37153939473,                          1,                                    0
          48,3058.37064478947,                          1,                                    0
          49, 3058.3697501842,                          1,                                    0
          50,3058.36885557895,                          1,                                    0
          51,3058.36796097368,                          1,                                    0
          52,3058.36706636842,                          1,                                    0
          53,3058.36617176315,                          1,                                    0
          54,3058.36527715789,                          1,                                    0
          55,3058.36438255263,                          1,                                    0
          56,3058.36348794736,                          1,                                    0
          57,3058.36259334211,                          1,                                    0
          58,3058.36169873684,                          1,                                    0
          59,3058.36080413157,                          1,                                    0
          60,3058.35990952631,                          1,                                    0
          61,3058.35901492105,                          1,                                    0
          62,3058.35812031579,                          1,                                    0
          63,3058.35722571053,                          1,                                    0
          64,3058.35633110526,                          1,                                    0
          65,3058.35543649999,                          1,                                    0
          66,3058.35454189473,                          1,                                    0
          67,3058.35364728947,                          1,                                    0
          68,3058.35275268421,                          1,                                    0
          69,3058.35185807894,                          1,                                    0
          70,3058.35096347368,                          1,                                    0
          71,3058.35006886841,                          1,                                    0
          72,3058.34917426315,                          1,                                    0
          73,3058.34827965789,                          1,                                    0
          74,3058.34738505263,                          1,                                    0
          75,3058.34649044737,                          1,                                    0
          76, 3058.3455958421,                          1,                                    0
          77,3058.34470123683,                          1,                                    0
          78,3058.34380663157,                          1,                                    0
          79,3058.34291202632,                          1,                                    0
          80,3058.34201742105,                          1,                                    0
          81,3058.34112281579,          0.988462937135596,                 0.000999052897852836
          82,3058.34022821052,          0.992519161411174,                  0.00159761635639626
          83,3058.33933360526,          0.995375406423335,                  0.00339309843777756
          84,     3058.338439,          0.997428628994452,                  0.00359074306438003
          85,3058.33754439473,          0.998285349708908,                  0.00358880293484329
          86,3058.33664978947,          0.998541344513702,                   0.0035868577531923
          87,3058.33575518421,          0.998002401897619,                  0.00338575949556167
          88,3058.33486057894,          0.997263000746454,                  0.00338392634983827
          89,3058.33396597368,          0.996327435212854,                  0.00338210191665705
          90,3058.33307136841,          0.995589738287355,                  0.00437447058963887
          91,3058.33217676316,          0.995053548467872,                  0.00417338216852912
          92,3058.33128215789,          0.994515960521272,                  0.00397250233881075
          93,3058.33038755263,          0.994377962885026,                  0.00317629215535245
          94,3058.32949294736,          0.994436552090856,                   0.0019841112372124
          95, 3058.3285983421,          0.994296773988847,                 0.000793216413234023
          96,3058.32770373684,          0.994555512172305,                -0.000396395182212955
          97,3058.32680913158,          0.994613911124581,                 -0.00118854480516779
          98,3058.32591452631,          0.995070185511493,                 -0.00118790710566434
          99,3058.32501992105,          0.995326122660588,                 -0.00118726774074822
         100,3058.32412531578,           0.99499043772855,                 -0.00059331570526449
         101,3058.32323071052,          0.995246143050573,                  0.00039533113924551
         102,3058.32233610526,          0.995503540270578,                 0.000987798710330004
         103,3058.32144149999,          0.995363788582441,                   0.0015796291030866
         104,3058.32054689473,          0.995423499020167,                  0.00177613233369974
         105,3058.31965228947,          0.995283939951597,                  0.00236690592140689
         106,3058.31875768421,          0.995343629130509,                  0.00295705177994804
         107,3058.31786307894,          0.995204262177509,                  0.00334952929261882
         108,3058.31696847369,           0.99526393005189,                  0.00452929766347318
         109,3058.31607386842,          0.995518395833702,                  0.00511733457723928
         110,3058.31517926315,          0.995381116872694,                  0.00550803780087657
         111,3058.31428465789,          0.995831858755063,                  0.00530848177421258
         112,3058.31339005263,          0.996087570815754,                  0.00432312617043728
         113,3058.31249544737,          0.995751851568162,                  0.00274961063549394
         114, 3058.3116008421,          0.996399926192598,                 0.000981481408779155
         115,3058.31070623684,          0.995868206377794,                                    0
         116,3058.30981163157,          0.996123354582658,                 -0.00039217454904829
         117,3058.30891702631,          0.995984313541036,                 -0.00019598274567907
         118,3058.30802242105,          0.995847371307686,                                    0
         119,3058.30712781578,          0.995904399442434,                 0.000195774405237357
         120,3058.30623321052,          0.996550327454736,                  0.00117402355482592
         121,3058.30533860526,          0.996606921098693,                  0.00117339904367978
         122,3058.30444399999,          0.996274476843508,                  0.00117277748892703
         123,3058.30354939473,          0.996723822324504,                  0.00117215659230635
         124,3058.30265478946,          0.996584978199704,                 0.000585767032640892
         125,3058.30176018421,          0.996448226064556,                -0.000195152414035362
         126,3058.30086557895,          0.996504724083855,                 -0.00136534215474398
         127,3058.29997097368,          0.996563104941292,                 -0.00175451250869946
         128,3058.29907636841,          0.997011109942054,                 -0.00233811477805445
         129,3058.29818176314,          0.996872480555242,                 -0.00292109537181649
         130,3058.29728715789,          0.996930574938154,                 -0.00291955459275133
         131,3058.29639255263,          0.997183142430279,                 -0.00330708416334661
         132,3058.29549794736,          0.996850209986001,                 -0.00330533519987556
         133, 3058.2946033421,          0.997296882378433,                 -0.00330359450515069
         134,3058.29370873684,          0.997354630949653,                 -0.00310762884034945
         135,3058.29281413159,          0.997216258293958,                 -0.00291186370924847
         136,3058.29191952631,          0.997468010593611,                 -0.00271631047428721
         137,3058.29102492105,          0.997331657862689,                 -0.00232704256160845
         138,3058.29013031578,          0.997195448369697,                 -0.00174436521580705
         139,3058.28923571053,          0.997638599121691,                 -0.00135601362987414
         140,3058.28834110526,          0.997308757187942,                 -0.00135530213556894
         141,    3058.2874465,          0.997946826482649,                 -0.00154810444286624
         142,3058.28655189474,          0.997810580389608,                  -0.0023209395163162
         143,3058.28565728946,          0.997867787350934,                  -0.0032862751617524
         144,3058.28476268421,          0.997924934405515,                 -0.00405739082720539
         145,3058.28386807894,          0.997593879261402,                 -0.00482769008546942
         146,3058.28297347368,           0.99765110969144,                 -0.00559719136797287
         147,3058.28207886841,          0.997901185984243,                 -0.00617298239928393
         148,3058.28118426315,          0.997958196040173,                  -0.0063625619144756
         149,3058.28028965789,          0.997822442333263,                 -0.00635923920374617
         150,3058.27939505263,          0.997686830341236,                 -0.00616331632643234
         151,3058.27850044736,          0.997743862999353,                 -0.00558259155450149
         152, 3058.2776058421,          0.997800836182498,                 -0.00519487515945381
         153,3058.27671123685,          0.997665447468722,                   -0.005961377962901
         154,3058.27581663158,          0.997916522514627,                 -0.00595828432163972
         155,3058.27492202631,          0.997781214280912,                 -0.00595518244950101
         156,3058.27402742104,          0.998222054966534,                 -0.00556807839854385
         157,3058.27313281578,          0.997702922872325,                 -0.00460566842641581
         158,3058.27223821053,          0.997951542864157,                 -0.00326065274431879
         159,3058.27134360526,          0.998391607989433,                 -0.00191703457755268
         160,     3058.270449,          0.997875108495926,                 -0.00095802141752681
         161,3058.26955439473,          0.998123252518289,                -0.000383009690145161
         162,3058.26865978947,          0.997988328092012,                -0.000191405509799005
         163, 3058.2677651842,            0.9978554525263,                 0.000191306643505809
         164,3058.26687057895,          0.998103221464191,                                    0
         165,3058.26597597368,          0.997968516787925,                 0.000382216973109125
         166,3058.26508136842,          0.998026867456302,                  0.00076403970714358
         167,3058.26418676315,          0.998083252514299,                  0.00095455552076731
         168,3058.26329215789,          0.998141483836252,                  0.00114487648690834
         169,3058.26239755263,          0.998007037351362,                  0.00171642716150626
         170,3058.26150294736,          0.998446479799472,                  0.00114369585314945
         171, 3058.2606083421,           0.99812339845871,                 0.000952589614868019
         172,3058.25971373684,           0.99798916893266,                  0.00133293726054734
         173,3058.25881913157,          0.997856977005325,                  0.00114193054778408
         174,3058.25792452631,          0.997915144874604,                   0.0015217920623326
         175,3058.25702992105,          0.998161481613866,                  0.00152100797198303
         176,3058.25613531579,          0.998219433449187,                 0.000760113789034218
         177,3058.25524071052,          0.998087394849451,                  0.00113958598841041
         178,3058.25434610526,          0.997955491602708,                  0.00113900189264148
         179,    3058.2534515,          0.998392932698602,                 0.000948681996102814
         180,3058.25255689473,          0.997881729585809,                  0.00056891774776842
         181,3058.25166228948,          0.997939676299833,                 0.000758168794909655
         182,3058.25076768421,          0.998187008981599,                 0.000947226237408995
         183,3058.24987307894,          0.998244740374948,                 0.000946741976835117
         184,3058.24897847368,          0.998113161126956,                 0.000378503284462251
         185,3058.24808386841,           0.99817087126679,                 0.000567464963767362
         186,3058.24718926316,          0.998041350938488,                 0.000567176369163755
         187,3058.24629465789,          0.998099038937578,                 0.000377924664497379
         188,3058.24540005263,          0.997967802128897,                  0.00056659791945244
         189,3058.24450544736,          0.998027352782943,                   0.0009438503430896
         190, 3058.2436108421,          0.998084959859627,                  0.00113204343273304
         191,3058.24271623684,          0.997955812357152,                  0.00207436015418153
         192,3058.24182163157,          0.997824915088756,                  0.00263875119215009
         193,3058.24092702632,          0.998072803928993,                  0.00320257411604245
         194,3058.24003242105,          0.997941980029863,                  0.00320094597368069
         195,3058.23913781578,          0.998001362536275,                  0.00244654303469198
         196,3058.23824321052,          0.998060684948771,                  0.00150480314353377
         197,3058.23734860526,          0.998307952622673,                 0.000940026320736981
         198,     3058.236454,          0.997991239625006,                 0.000939551157620981
         199,3058.23555939473,          0.998236417692919,                  0.00169033447963053
         200,3058.23466478947,           0.99829550147548,                   0.0033789618327489
         201, 3058.2337701842,          0.998354525617428,                  0.00487825928698612
         202,3058.23287557894,          0.998415362544421,                  0.00581346285478532
         203,3058.23198097368,          0.998286830336224,                  0.00637284120004348
         204,3058.23108636842,          0.998158427675666,                  0.00599494551156556
         205,3058.23019176316,          0.998217402050737,                  0.00543018282863841
         206,3058.22929715789,          0.998278185357089,                   0.0044916903728103
         207,3058.22840255262,          0.998337040230906,                  0.00392825142305584
         208,3058.22750794737,          0.998210736701586,                  0.00336538551425895
         209, 3058.2266133421,          0.998456438296775,                  0.00280307815355636
         210,3058.22571873684,          0.998516980018454,                   0.0026148966929028
         211,3058.22482413158,          0.998575596970483,                  0.00280026807899743
         212,3058.22392952631,           0.99844942725836,                  0.00354523250194521
         213,3058.22303492105,           0.99888287743916,                  0.00391645639025809
         214,3058.22214031578,          0.998570275524869,                  0.00372809511116248
         215,3058.22124571053,           0.99863060914604,                  0.00335361025459491
         216,3058.22035110526,          0.998504663847316,                  0.00297949918343101
         217,    3058.2194565,          0.998751095815706,                  0.00241963552843909
         218,3058.21856189473,          0.998439183017418,                   0.0024184291744413
         219,3058.21766728947,          0.998687258974426,                   0.0026031691725269
         220,3058.21677268421,          0.998933232231998,                   0.0031594167345012
         221,3058.21587807895,          0.998993205062953,                  0.00371511046880979
         222,3058.21498347368,          0.998869309647629,                  0.00427025913046384
         223,3058.21408886842,           0.99911482583224,                  0.00445370650445278
         224,3058.21319426315,           0.99899099312985,                  0.00482245930586263
         225,3058.21229965789,          0.999052670412728,                  0.00444929747446752
         226,3058.21140505263,          0.998743695314614,                  0.00407650487883516
         227,3058.21051044737,          0.998990637935345,                  0.00351887692264953
         228, 3058.2096158421,          0.999052223941712,                  0.00314691269353513
         229,3058.20872123684,          0.999483791229631,                  0.00240527384042673
         230,3058.20782663157,          0.999175213501348,                  0.00240408620683278
         231,3058.20693202631,          0.999421455676666,                  0.00277257662939708
         232,3058.20603742105,          0.999115058962199,                  0.00387969974818901
         233,3058.20514281579,            0.9995457449598,                  0.00424709996934702
         234,3058.20424821052,          0.999608720367951,                  0.00479871246853152
         235,3058.20335360526,          0.999669789827682,                  0.00479634887165893
         236,3058.20245899999,          0.999917026984668,                  0.00405645852732117
         237,3058.20156439474,          0.999795433561059,                  0.00294870542617087
         238,3058.20066978947,          0.999858163082982,                  0.00221044546002133
         239,3058.19977518421,           1.00010494473831,                  0.00110468145589651
         240,3058.19888057894,          0.999983437889325,                 0.000920117259743582
         241,3058.19798597367,           1.00004598335403,                 0.000183933416103371
         242,3058.19709136842,           1.00010846764631,                 0.000183843468317336
         243,3058.19619676315,           1.00054023660158,                -0.000367507892231986
         244, 3058.1953021579,           1.00023509014238,                -0.000918320868658076
         245,3058.19440755263,           1.00029922696641,                 -0.00201932308618655
         246,3058.19351294737,          0.999994495443144,                 -0.00220182274226013
         247, 3058.1926183421,            1.0004254788471,                  -0.0023841487121929
         248,3058.19172373684,           1.00067273657139,                 -0.00274960451521723
         249,3058.19082913158,            1.0005533182606,                 -0.00311470544047431
         250,3058.18993452632,           1.00043401585531,                 -0.00293006484599762
         251,3058.18903992105,            1.0006809096367,                 -0.00292864359871725
         252,3058.18814531578,           1.00056349159885,                 -0.00274427726713893
         253,3058.18725071052,           1.00081008380619,                 -0.00329153691001487
         254,3058.18635610526,           1.00069271696754,                 -0.00310717373304991
         255,    3058.1854615,           1.00075632186428,                 -0.00328835593164604
         256,3058.18456689474,           1.00063909431206,                 -0.00310417237286588
         257,3058.18367228947,           1.00070449012071,                 -0.00310267669743792
         258,3058.18277768421,           1.00095224543853,                 -0.00310118246263075
         259,3058.18188307895,           1.00083509286306,                 -0.00291735498010729
         260,3058.18098847368,           1.00090029997849,                 -0.00218696351051383
         261,3058.18009386842,           1.00114760369419,                  -0.0016394338488442
         262,3058.17919926316,           1.00103234874816,                 -0.00109243253773899
         263,3058.17830465789,           1.00091538261355,                -0.000909923075103231
         264,3058.17741005263,            1.0009822467986,                 -0.00054569266589057
         265,3058.17651544736,           1.00086723646102,                 -0.00054543173649102
         266,3058.17562084211,           1.00093405974348,                -0.000726894742006884
         267,3058.17472623684,           1.00100081918231,                -0.000726547500767416
         268,3058.17383163158,           1.00106751486896,                -0.000363100295563641
         269,3058.17293702631,           1.00149707390101,                  -0.0012702445220705
         270,3058.17204242104,           1.00138209229184,                  -0.0014510155294937
         271,3058.17114781579,           1.00126903553299,                 -0.00163161711385062
         272,3058.17025321052,           1.00115427198417,                 -0.00144963514495445
         273,3058.16935860526,           1.00104143083541,                 -0.00126782884310618
         274,3058.16846399999,           1.00110972922969,                -0.000724130003059449
         275,3058.16756939474,           1.00117796286612,                                    0
         276,3058.16667478947,           1.00124613183677,                 0.000361721868438139
         277,3058.16578018421,           1.00131423623351,                 0.000723101091340322
         278,3058.16488557895,           1.00138408554588,                 0.000722760076178912
         279,3058.16399097368,           1.00145206033636,                 0.000361209038894989
         280,3058.16309636841,           1.00152177876622,                 0.000180519426598093
         281,3058.16220176315,           1.00105012828887,                 -0.00054130324168468
         282,3058.16130715789,           1.00130031975963,                -0.000721397924898869
         283,3058.16041255263,           1.00137001117641,                -0.000901323142373004
         284,3058.15951794737,           1.00161981690123,                -0.000900899277658959
         285, 3058.1586233421,           1.00132910229765,                  -0.0010805709737025
         286,3058.15772873684,           1.00122047371661,                -0.000720043490626834
         287,3058.15683413158,           1.00146999818274,                -0.000359852676314317
         288,3058.15593952632,           1.00136140550281,                 0.000359684412896125
         289,3058.15504492105,           1.00125291432906,                  0.00089879076690221
         290,3058.15415031579,           1.00132419869808,                  0.00161706760959676
         291,3058.15325571052,           1.00103623593135,                  0.00287344452366371
         292,3058.15236110525,           1.00128706135351,                  0.00341062283358135
         293,    3058.1514665,           1.00136002669815,                  0.00394730703948384
         294,3058.15057189473,           1.00125178891037,                   0.0030487695524765
         295,3058.14967728948,           1.00132470274853,                  0.00197181735235121
         296,3058.14878268421,           1.00121837597649,                -0.000179172937719487
         297,3058.14788807894,            1.0012912376719,                 -0.00107453897800598
         298,3058.14699347368,           1.00118502500725,                 -0.00214808158413857
         299,3058.14609886842,           1.00125783462785,                 -0.00232600998037205
         300,3058.14520426316,           1.00115173583043,                 -0.00160956870712288
         301,3058.14430965789,           1.00140504170435,                -0.000357516973118299
         302,3058.14341505263,           1.00130076187481,                 0.000536028245114996
         303,3058.14252044736,            1.0011965781437,                  0.00125015626953369
         304, 3058.1416258421,           1.00127100187794,                   0.0016066034973973
         305,3058.14073123684,            1.0013453570906,                  0.00160586390125008
         306,3058.13983663157,           1.00124129665563,                  0.00160512498573222
         307,3058.13894202631,           1.00113733194049,                  0.00142612155547078
         308,3058.13804742105,           1.00103524649023,                  0.00142546848912813
         309,3058.13715281578,           1.00164566250383,                   0.0010686120154735
         310,3058.13625821052,           1.00136541737801,                 0.000534061555934937
         311,3058.13536360526,           1.00144130678482,                -0.000533817327710458
         312,     3058.134469,           1.00133926904012,                 -0.00142286219401793
         313,3058.13357439473,           1.00141510104817,                 -0.00248887119024931
         314,3058.13267978947,           1.00149264340038,                 -0.00302082592934821
         315,3058.13178518421,           1.00139072177217,                 -0.00266421795434241
         316,3058.13089057894,           1.00111313696911,                 -0.00142027045500139
         317,3058.12999597369,           1.00119071068215,                                    0
         318,3058.12910136842,           1.00109084136683,                  0.00159635321975576
         319,3058.12820676315,           1.00099283738742,                  0.00319126303099071
         320,3058.12731215789,           1.00107036023647,                  0.00425308703233764
         321,3058.12641755262,           1.00114958613128,                  0.00425116597083346
         322,3058.12552294737,           1.00104991616605,                  0.00354103260051664
         323, 3058.1246283421,           1.00112907964082,                   0.0024776042275007
         324,3058.12373373684,           1.00120817169836,                                    0
         325,3058.12283913157,           1.00111215037546,                 -0.00141449968262163
         326,3058.12194452632,           1.00136791169017,                 -0.00300445720062351
         327,3058.12104992105,           1.00109525155455,                 -0.00370972300734878
         328,3058.12015531578,            1.0013507906098,                 -0.00335490478250505
         329,3058.11926071053,           1.00107838309604,                 -0.00300041123283368
         330,3058.11836610526,            1.0013354667871,                 -0.00211698830187547
         331,    3058.1174715,           1.00124141238873,                -0.000705347948142819
         332,3058.11657689473,           1.00114567727153,                 0.000352516083546312
         333,3058.11568228947,           1.00122620700347,                  0.00176179167165841
         334,3058.11478768421,           1.00130842800212,                  0.00228930875202736
         335,3058.11389307894,           1.00121455351956,                  0.00281635598739681
         336,3058.11299847368,           1.00112076261122,                   0.0029910462151829
         337,3058.11210386842,           1.00155465199713,                  0.00334144660016602
         338,3058.11120926315,           1.00111097829373,                  0.00281260327527651
         339,3058.11031465789,           1.00154448702473,                   0.0019328051503986
         340,3058.10942005263,           1.00145247491539,                 0.000526895374385508
         341,3058.10852544737,           1.00118499012508,                 0.000175554092604784
         342, 3058.1076308421,           1.00144417128608,                -0.000350952924929415
         343,3058.10673623684,           1.00152772442728,                                    0
         344,3058.10584163158,           1.00143763806585,                 0.000350643430695326
         345,3058.10494702631,            1.0015211204419,                 0.000876221452705071
         346,3058.10405242105,           1.00160628359927,                  0.00140133792738617
         347,3058.10315781579,           1.00134119138416,                  0.00175090259028529
         348,3058.10226321053,           1.00125134541509,                  0.00297522686104815
         349,3058.10136860526,           1.00151145134316,                  0.00384860295712656
         350,     3058.100474,           1.00142336059984,                  0.00594524083471181
         351,3058.09957939473,           1.00150837998591,                  0.00751568243270405
         352,3058.09868478947,           1.00142036768829,                  0.00856064166376944
         353,3058.09779018421,           1.00150706293865,                  0.00855690428665979
         354,3058.09689557895,           1.00159368252378,                  0.00820406118484099
         355,3058.09600097368,           1.00150749560314,                   0.0066301889952821
         356,3058.09510636842,           1.00141963703334,                  0.00470886976661446
         357,3058.09421176315,           1.00168225439522,                  0.00191759568366644
         358,3058.09331715789,           1.00142189013808,                 0.000348502484822717
         359,3058.09242255263,           1.00185845439994,                 -0.00121922969068143
         360,3058.09152794737,           1.00194643982576,                 -0.00191510179636549
         361, 3058.0906333421,           1.00168629955571,                 -0.00208829666342401
         362,3058.08973873684,           1.00142812661447,                 -0.00243529507948629
         363,3058.08884413158,           1.00186567488572,                 -0.00260811959793228
         364,3058.08794952631,           1.00178144688247,                 -0.00225939604605692
         365,3058.08705492105,           1.00204474108922,                  -0.0022584226134119
         366,3058.08616031579,           1.00196050851666,                 -0.00173650001476025
         367,3058.08526571052,           1.00205166302737,                -0.000173575552230619
         368,3058.08437110526,           1.00231450154936,                 0.000867504328846601
         369,    3058.0834765,           1.00188514653676,                  0.00190769198752023
         370,3058.08258189473,           1.00197621606629,                  0.00277363658426655
         371,3058.08168728947,           1.00206894400682,                  0.00242589749543411
         372,3058.08079268421,           1.00198665287961,                  0.00190524687669415
         373,3058.07989807895,           1.00190616673505,                  0.00103878296188186
         374,3058.07900347368,           1.00217186269674,                 0.000519170365755523
         375,3058.07810886842,           1.00226434938444,                -0.000864915731260303
         376,3058.07721426315,           1.00235675739232,                 -0.00138327653254072
         377,3058.07631965789,           1.00227625077128,                 -0.00190119654397036
         378,3058.07542505263,           1.00219754400271,                 -0.00155486603965254
         379,3058.07453044737,           1.00263524178257,                 -0.00138151600658983
         380, 3058.0736358421,           1.00221121696337,                 -0.00138093174917446
         381,3058.07274123684,           1.00230691055157,                 -0.00138035036743201
         382,3058.07184663158,           1.00222832385893,                 -0.00224212152988576
         383,3058.07095202631,            1.0026669976709,                 -0.00275836863183192
         384,3058.07005742105,           1.00259005302457,                 -0.00275720880859284
         385,3058.06916281579,           1.00234091993503,                 -0.00258379683777718
         386,3058.06826821053,           1.00226417693294,                 -0.00206616906428368
         387,3058.06737360526,           1.00253344072919,                 -0.00223741368746429
         388,     3058.066479,           1.00245668120949,                 -0.00240851098969157
         389,3058.06558439474,            1.0025536744538,                 -0.00257946914524991
         390,3058.06468978947,            1.0024786938899,                 -0.00309407004287006
         391,3058.06379518421,           1.00257559694915,                 -0.00360824122295323
         392,3058.06290057895,           1.00250066982227,                 -0.00326323671862656
         393,3058.06200597368,            1.0024258052111,                 -0.00274684241880076
         394,3058.06111136842,           1.00252432949107,                  -0.0025740953341948
         395,3058.06021676316,           1.00245123685398,                 -0.00308763214636749
         396,3058.05932215789,           1.00237820487541,                 -0.00325781489781606
         397,3058.05842755263,           1.00247662630366,                 -0.00308507082808443
         398,3058.05753294737,           1.00257668375319,                 -0.00291247498697952
         399, 3058.0566383421,           1.00250369046029,                  -0.0025687658621292
         400,3058.05574373684,           1.00243247360826,                 -0.00188298449619038
         401,3058.05484913157,           1.00253242531056,                 -0.00171109818281373
         402,3058.05395452632,           1.00280504908836,                 -0.00102623747135087
         403,3058.05305992105,           1.00239185776738,                -0.000854845520865924
         404,3058.05216531578,            1.0024934161168,                -0.000683595919615956
         405,3058.05127071052,           1.00242406227739,                -0.000512486739405618
         406,3058.05037610526,           1.00252552418714,                -0.000341517807592282
         407,    3058.0494815,           1.00228552506482,                 0.000170688951816216
         408,3058.04858689474,           1.00238696060918,                 0.000682476228499866
         409,3058.04769228947,           1.00231947334311,                  0.00119384657366033
         410,3058.04679768421,           1.00259300111323,                  0.00170480020593986
         411,3058.04590307895,           1.00218466372879,                  0.00221533763449656
         412,3058.04500847368,           1.00228768245673,                  0.00272545936765936
         413,3058.04411386842,           1.00239232413012,                  0.00306489924143744
         414,3058.04321926316,           1.00215647461504,                  0.00323386090653631
         415,3058.04232465789,           1.00243121896113,                  0.00323255145286174
         416,3058.04143005263,           1.00236561005019,                  0.00238091593836149
         417,3058.04053544737,           1.00230005422892,                  0.00203995940480784
         418, 3058.0396408421,           1.00257440716416,                  0.00135942292496835
         419,3058.03874623684,           1.00251052279344,                  0.00101915674970529
         420,3058.03785163158,           1.00244668983749,                 0.000848955530011427
         421,3058.03695702631,           1.00238290823427,                   0.0010183368522529
         422,3058.03606242105,           1.00232087840497,                 0.000508964562494062
         423,3058.03516781579,           1.00225719853002,                 0.000847933332089698
         424,3058.03427321052,           1.00219526872971,                 0.000847594104135412
         425,3058.03337860526,            1.0024722905204,                  0.00118615720649811
         426,     3058.032484,           1.00241032425044,                  0.00186321621607888
         427,3058.03158939473,           1.00235010463722,                  0.00169315896053585
         428,3058.03069478947,           1.00245748483536,                  0.00169248266897747
         429,3058.02980018421,            1.0023972944578,                  0.00135344782374049
         430,3058.02890557895,           1.00250626566416,                  0.00118379619764661
         431,3058.02801097368,           1.00244610373035,                   0.0011833259234591
         432,3058.02711636842,           1.00255666312373,                 0.000844898586822624
         433,3058.02622176315,           1.00283435412873,                 0.000337825283519869
         434,3058.02532715789,           1.00260698076507,                                    0
         435,3058.02443255263,           1.00288612466033,                -0.000168779219902446
         436,3058.02353794737,           1.00249019779864,                -0.000674850351934459
         437,3058.02264334211,             1.002433566009,                 -0.00134917034456124
         438,3058.02174873684,           1.00237697870834,                  -0.0018543805526054
         439,3058.02085413158,           1.00265746356309,                 -0.00202216631306842
         440,3058.01995952631,           1.00243238508497,                 -0.00218982036735079
         441,3058.01906492105,           1.00254424648377,                 -0.00252572450407399
         442,3058.01817031579,           1.00248939189155,                 -0.00252473822672486
         443,3058.01727571052,           1.00276939332452,                 -0.00302849816775861
         444,3058.01638110526,           1.00237812528381,                 -0.00336368498417386
         445,    3058.0154865,           1.00266132272615,                 -0.00353049761523292
         446,3058.01459189473,           1.00260650803547,                 -0.00352912113120096
         447,3058.01369728947,           1.00238543206558,                 -0.00369573981991668
         448,3058.01280268421,           1.00233076747404,                 -0.00386222275957495
         449,3058.01190807895,            1.0022778278553,                 -0.00386072517847461
         450,3058.01101347368,           1.00272998944583,                 -0.00436261374256887
         451,3058.01011886842,           1.00250920825758,                  -0.0038577399681988
         452,3058.00922426315,           1.00262560484479,                 -0.00301793660321175
         453,3058.00832965789,           1.00257431318129,                 -0.00251397771610152
         454,3058.00743505263,           1.00235552711202,                 -0.00217794114197831
         455,3058.00654044737,            1.0024718483933,                 -0.00184216343674011
         456,3058.00564584211,           1.00258975848451,                 -0.00167405202618887
         457,3058.00475123684,           1.00253855949717,                 -0.00150606693965524
         458,3058.00385663157,           1.00265635350244,                 -0.00117093668243528
         459,3058.00296202632,           1.00277405729707,                 -0.00117048831100209
         460,3058.00206742105,           1.00239190063333,                 -0.00117004223852481
         461,3058.00117281579,           1.00234253080211,                  -0.0015037644236071
         462,3058.00027821052,           1.00246189408845,                 -0.00150319177720694
         463,3057.99938360526,           1.00258116650027,                 -0.00133566183713607
         464,     3057.998489,           1.00236655974312,                 -0.00150204779182285
         465,3057.99759439474,           1.00232061914319,                 -0.00150147895677242
         466,3057.99669978947,           1.00227471332608,                 -0.00133414271324604
         467,3057.99580518421,            1.0020604670392,                 -0.00166704453009349
         468,3057.99491057895,           1.00218300588245,                -0.000833208352080521
         469,3057.99401597368,           1.00247036149234,                 -0.00033315731521846
         470,3057.99312136842,           1.00242446848191,                 0.000333031384877711
         471,3057.99222676316,           1.00221382559049,                 0.000665812207666828
         472,3057.99133215789,           1.00233612203742,                 0.000831952292527737
         473,3057.99043755263,           1.00229199862946,                   0.0003326558243045
         474,3057.98954294737,           1.00241417379391,                                    0
         475, 3057.9886483421,           1.00237172018688,                -0.000498609709925491
         476,3057.98775373684,           1.00232929831965,                -0.000996846641789805
         477,3057.98685913158,           1.00228690815664,                 -0.00182686926093174
         478,3057.98596452632,           1.00241056664918,                 -0.00232423781601333
         479,3057.98506992105,           1.00220388600864,                  -0.0034850607064384
         480,3057.98417531579,           1.00216159005436,                 -0.00381554652727203
         481,3057.98328071052,           1.00212098749463,                 -0.00381412919284735
         482,3057.98238610526,           1.00224618521496,                 -0.00364694278444082
         483,    3057.9814915,           1.00220558139689,                 -0.00314846330134605
         484,3057.98059689473,           1.00200102038788,                 -0.00281600551274491
         485,3057.97970228947,           1.00196219666675,                 -0.00182144838263663
         486,3057.97880768421,           1.00208726799627,                -0.000993148927647445
         487,3057.97791307895,           1.00205009919568,                                    0
         488,3057.97701847368,           1.00217670331997,                 0.000992417927037434
         489,3057.97612386842,           1.00230321408317,                  0.00165342001663341
         490,3057.97522926316,           1.00210072575034,                  0.00231393867070835
         491,3057.97433465789,           1.00189838595888,                  0.00231308994119795
         492,3057.97344005263,           1.00186135467643,                  0.00214708170306521
         493,3057.97254544737,           1.00182600455015,                  0.00214629829583915
         494, 3057.9716508421,            1.0021191056186,                  0.00165039378395685
         495,3057.97075623684,           1.00191870814684,                  0.00164979204371289
         496,3057.96986163158,           1.00204829490169,                  0.00098951444526171
         497,3057.96896702631,           1.00201292824183,                 -0.00016485898786473
         498,3057.96807242105,           1.00181443937778,                 -0.00115359451811885
         499,3057.96717781579,           1.00194557336756,                 -0.00148265540287866
         500,3057.96628321052,           1.00191028259008,                 -0.00214083393715829
         501,3057.96538860526,           1.00171369590376,                  -0.0024693024549805
         502,     3057.964494,           1.00184472394142,                 -0.00230384791970761
         503,3057.96359939473,           1.00181115612955,                 -0.00197401213030454
         504,3057.96270478947,           1.00177925994626,                 -0.00197330123429992
         505,3057.96181018421,           1.00174738672808,                 -0.00197259085013734
         506,3057.96091557895,           1.00187985986499,                 -0.00180755756249219
         507,3057.96002097369,           1.00168370908792,                 -0.00180690731386801
         508,3057.95912636842,           1.00181775488388,                 -0.00180626049888915
         509,3057.95823176316,           1.00178755800535,                 -0.00213390762806318
         510, 3057.9573371579,           1.00175738273039,                 -0.00295358442082671
         511,3057.95644255263,           1.00189125838395,                 -0.00377267500701225
         512,3057.95554794737,           1.00186106761332,                 -0.00393529715592795
         513,3057.95465334211,           1.00166862815163,                 -0.00393389741051203
         514,3057.95375873684,            1.0018023922661,                 -0.00376863837456988
         515,3057.95286413158,           1.00193770198045,                 -0.00327591205486498
         516,3057.95196952632,           1.00141960562144,                 -0.00245606508899961
         517,3057.95107492105,           1.00204599394386,                 -0.00212783370161224
         518,3057.95018031579,           1.00185546970872,                 -0.00229070334409964
         519,3057.94928571052,           1.00166344173783,                 -0.00228989029789837
         520,3057.94839110526,           1.00163669332357,                  -0.0022890815714218
         521,    3057.9474965,           1.00161160091139,                 -0.00245172552442409
         522,3057.94660189474,           1.00158488962959,                  -0.0022874695684852
         523,3057.94570728947,           1.00155983307336,                 -0.00179666636722227
         524,3057.94481268421,             1.001534794109,                 -0.00114293178330013
         525,3057.94391807894,           1.00134655404578,                -0.000979312033296609
         526,3057.94302347368,           1.00148476888185,                 -0.00097896849353065
         527,3057.94212886842,            1.0014597825821,                -0.000978625194705638
         528,3057.94123426316,           1.00143644661261,                -0.000652189154420457
         529,3057.94033965789,           1.00141312692227,                -0.000488971253380014
         530,3057.93944505263,            1.0012268899074,                -0.000488800759922248
         531,3057.93855044736,           1.00152941310604,                -0.000488630385317634
         532, 3057.9376558421,           1.00101925512965,                                    0
         533,3057.93676123684,           1.00132164039662,                 0.000325527191286288
         534,3057.93586663158,           1.00130003042624,                 0.000650828749058332
         535,3057.93497202632,           1.00111578461128,                  0.00146385736173867
         536,3057.93407742105,           1.00093329387701,                  0.00162594752091781
         537,3057.93318281579,           1.00074930230366,                  0.00162538460663254
         538,3057.93228821052,            1.0010545112446,                  0.00178730719423642
         539,3057.93139360526,           1.00087223042476,                  0.00259882435683158
         540,     3057.930499,           1.00085244570733,                  0.00292267099654962
         541,3057.92960439474,           1.00067035986801,                  0.00373323897436563
         542,3057.92870978947,           1.00065228185066,                  0.00438099750445401
         543,3057.92781518421,           1.00079479651587,                  0.00502830448816726
         544,3057.92692057895,            1.0006145404486,                  0.00567517564668626
         545,3057.92602597368,           1.00092068493772,                  0.00551114223285549
         546,3057.92513136842,           1.00090254608737,                  0.00534722098443959
         547,3057.92423676316,           1.00088604088747,                   0.0046974745404979
         548,3057.92334215789,           1.00103147371199,                  0.00404816998427691
         549,3057.92244755263,           1.00069119239591,                  0.00323743510966002
         550,3057.92155294737,           1.00067477584335,                  0.00226543448606191
         551, 3057.9206583421,           1.00082013222408,                  0.00210290313866382
         552,3057.91976373684,           1.00064197618705,                  0.00161706848123311
         553,3057.91886913158,           1.00046555837908,                  0.00177817436454514
         554,3057.91797452631,           1.00045085735617,                  0.00129278094957993
         555,3057.91707992105,           1.00075925237872,                 0.000807715296512285
         556,3057.91618531579,           1.00058297361762,                  0.00032297707347244
         557,3057.91529071053,           1.00073129743142,                 -0.00016143431157145
         558,3057.91439610526,           1.00071652658895,                -0.000322759724750507
         559,    3057.9135015,           1.00070338009628,                -0.000322651420311552
         560,3057.91260689474,           1.00069024242346,                -0.000806357971332361
         561,3057.91171228947,           1.00051750905641,                -0.000806088872910416
         562,3057.91081768421,           1.00098793367145,                 -0.00112814611748514
         563,3057.90992307895,           1.00081521651571,                  -0.0017722098167535
         564,3057.90902847368,           1.00096311495212,                 -0.00193267214471849
         565,3057.90813386842,           1.00095152380661,                 -0.00177102569758287
         566,3057.90723926316,            1.0006196534769,                 -0.00160948955038909
         567,3057.90634465789,           1.00076907977513,                  -0.0012871628035693
         568,3057.90545005263,           1.00043749034948,                 -0.00193010448298935
         569,3057.90455544737,           1.00058848688124,                 -0.00241183148051079
         570, 3057.9036608421,           1.00057864789276,                   -0.003375446041084
         571,3057.90276623684,            1.0007294977392,                 -0.00369569339242158
         572,3057.90187163158,            1.0008802477544,                 -0.00385509965432606
         573,3057.90097702631,           1.00055077662716,                 -0.00353267807507583
         574,3057.90008242105,           1.00086200946124,                 -0.00240784765708397
         575,3057.89918781579,           1.00085370237239,                  -0.0014442333367567
         576,3057.89829321052,           1.00068498314813,                                    0
         577,3057.89739860526,           1.00067834445465,                  0.00128292095442904
         578,     3057.896504,           1.00050979348554,                  0.00288562350308281
         579,3057.89560939474,           1.00050321641832,                  0.00336546012250275
         580,3057.89471478947,           1.00033643602108,                  0.00368477546900783
         581,3057.89382018421,           1.00032991989033,                  0.00368357159101465
         582,3057.89292557894,           1.00048351099427,                  0.00352226552118323
         583,3057.89203097368,            1.0006386033313,                  0.00336107016474045
         584,3057.89113636842,           1.00031199750402,                  0.00303997568019456
         585,3057.89024176316,           1.00046704456757,                  0.00255914831544062
         586,3057.88934715789,           1.00062199097873,                  0.00191873823773487
         587,3057.88845255263,           1.00029730792469,                  0.00175827267292612
         588,3057.88755794737,           1.00029401613254,                    0.001278331011032
         589, 3057.8866633421,           1.00044886816534,                 0.000319479121240729
         590,3057.88576873684,           1.00044552961335,                 -0.00047906410037351
         591,3057.88487413158,           1.00044219321449,                 -0.00175600193479486
         592,3057.88397952631,           1.00043885896669,                 -0.00175543586674646
         593,3057.88308492105,           1.00027758899599,                 -0.00223347468037382
         594,3057.88219031579,           1.00043379243032,                 -0.00207327264492176
         595,3057.88129571052,           1.00059149050825,                  -0.0015943140384134
         596,3057.88040110526,           1.00043032688906,                -0.000796901646398801
         597,    3057.8795065,           1.00058792507062,                -0.000637317149726511
         598,3057.87861189474,           1.00042686578575,                                    0
         599,3057.87771728948,           1.00058436419742,                 0.000955363810500404
         600,3057.87682268421,           1.00026582494075,                  0.00175094272347998
         601,3057.87592807894,           1.00058399224738,                  0.00159125952965551
         602,3057.87503347368,           1.00074288177681,                  0.00159075326939566
         603,3057.87413886842,           1.00074264550366,                  0.00127219786493393
         604,3057.87324426316,           1.00058343520928,                  0.00111281920026453
         605, 3057.8723496579,           1.00058483993185,                 0.000953543367152338
         606,3057.87145505263,           1.00090240089478,                   0.0012709871757394
         607,3057.87056044737,           1.00042723436425,                  0.00142940865363999
         608, 3057.8696658421,           1.00058746010828,                  0.00174650302462569
         609,3057.86877123684,           1.00059044994826,                  0.00174595414806961
         610,3057.86787663158,           1.00075052322417,                  0.00190407583299351
         611,3057.86698202631,           1.00075345996748,                  0.00142760835944006
         612,3057.86608742105,           1.00075480793627,                  0.00126858476683412
         613,3057.86519281579,            1.0007577414865,                  0.00110966326475614
         614,3057.86429821052,           1.00091914677823,                  0.00110931507717663
         615,3057.86340360526,           1.00060676439323,                    0.001108968864907
         616,     3057.862509,           1.00076811605679,                  0.00174211889169564
         617,3057.86161439474,           1.00077262623256,                  0.00174157552421423
         618,3057.86071978947,           1.00077713359575,                  0.00205758385841291
         619,3057.85982518421,           1.00093986449496,                  0.00189871615142894
         620,3057.85893057895,           1.00078613989494,                  0.00158177041235173
         621,3057.85803597368,           1.00047438330171,                  0.00094876660341556
         622,3057.85714136842,           1.00079671702003,                 0.000158078773814567
         623,3057.85624676316,           1.00080120987432,                -0.000790147805048412
         624,3057.85535215789,           1.00064930038279,                 -0.00142182565573809
         625,3057.85445755263,           1.00065541666338,                 -0.00205311243949241
         626,3057.85356294737,           1.00050522593072,                 -0.00236824655025419
         627, 3057.8526683421,           1.00066921726833,                 -0.00220967965958306
         628,3057.85177373684,            1.0008346863457,                 -0.00205121408205803
         629,3057.85087913158,           1.00084073776711,                 -0.00173510608596347
         630,3057.84998452631,           1.00069067525333,                 -0.00236532621002204
         631,3057.84908992105,           1.00069834493826,                   -0.003152798818331
         632,3057.84819531579,           1.00054999519345,                 -0.00346701841144368
         633,3057.84730071053,           1.00055770339632,                 -0.00409612663963223
         634,3057.84640610526,           1.00088197309982,                 -0.00440986549910228
         635,    3057.8455115,           1.00088957465736,                 -0.00440851157627906
         636,3057.84461689474,           1.00074134818338,                 -0.00362017159613366
         637,3057.84372228947,           1.00075056292219,                 -0.00298966363137133
         638,3057.84282768421,           1.00076134626154,                 -0.00188763535918555
         639,3057.84193307895,            1.0006132943341,                 -0.00157254957462534
         640,3057.84103847368,           1.00093852725109,                 -0.00172927969212533
         641,3057.84014386842,           1.00063335203529,                 -0.00220023039555428
         642,3057.83924926316,           1.00064415780295,                  -0.0023566748888435
         643,3057.83835465789,            1.0004994644108,                 -0.00251302848203656
         644,3057.83746005263,           1.00066732090285,                 -0.00235525024533857
         645,3057.83656544737,           1.00052113746099,                 -0.00172666026232678
         646, 3057.8356708421,           1.00037661237172,                 -0.00141229639393654
         647,3057.83477623684,           1.00054592345777,                -0.000470623670488131
         648,3057.83388163158,           1.00040147794067,                                    0
         649,3057.83298702631,           1.00025711938492,                 0.000313560225512514
         650,3057.83209242105,           1.00026958064536,                                    0
         651,3057.83119781579,           1.00043872019053,                -0.000313371564664222
         652,3057.83030321053,           1.00060932534057,                 -0.00125311124025119
         653,3057.82940860526,           1.00031005227043,                 -0.00156592055771827
         654,     3057.828514,           1.00016750340095,                  -0.0021916332833954
         655,3057.82761939474,           1.00018153819188,                  -0.0018779812953063
         656,3057.82672478947,           1.00019556459499,                 -0.00187742011186295
         657,3057.82583018421,           1.00005317767914,                 -0.00187685926370811
         658,3057.82493557895,           1.00022515620212,                 -0.00171994321060236
         659,3057.82404097368,            1.0003970325723,                 -0.00156312036339422
         660,3057.82314636842,           1.00025471257327,                 -0.00156265382373577
         661,3057.82225176316,           1.00011403987021,                  -0.0015621900029213
         662,3057.82135715789,          0.999975012337658,                 -0.00124938311708594
         663,3057.82046255263,           1.00030288553113,                -0.000936759374619441
         664,3057.81956794737,           1.00016388453164,                -0.000312161012650325
         665,3057.81867334211,          0.999711336667265,                  0.00046810270173276
         666,3057.81777873684,          0.999728580475889,                 0.000779941161238796
         667,3057.81688413158,          0.999901756377648,                  0.00109159580390573
         668,3057.81598952632,          0.999763037608426,                  0.00124717048196903
         669,3057.81509492105,          0.999936101340158,                    0.001246803118878
         670,3057.81420031579,          0.999799011886344,                  0.00109063317487991
         671,3057.81330571053,          0.999662002719554,                 0.000778795577064159
         672,3057.81241110526,          0.999834943927649,                  0.00093427965481481
         673,    3057.8115165,          0.999698004651351,                 0.000934006232934928
         674,3057.81062189474,           0.99971676766545,                  0.00046686648552247
         675,3057.80972728947,          0.999737075061181,                 0.000155576886875378
         676,3057.80883268421,          0.999755815707738,                -0.000155531396345323
         677,3057.80793807895,          0.999774545398005,                                    0
         678,3057.80704347368,          0.999639377490938,                 0.000155440736664739
         679,3057.80614886842,          0.999659683707863,                 0.000310791134372101
         680,3057.80525426316,          0.999524627702709,                 0.000621401695805228
         681,3057.80435965789,          0.999544955450673,                 0.000621221227750573
         682,3057.80346505263,          0.999410011178736,                 0.000310520432244442
         683,3057.80257044737,          0.999431911663816,                                    0
         684, 3057.8016758421,          0.999607419004955,                                    0
         685,3057.80078123684,          0.999629249859224,                 0.000310251163829678
         686,3057.79988663158,          0.999651068119257,                 0.000775404179428527
         687,3057.79899202632,          0.999517837680288,                  0.00139532504096829
         688,3057.79809742105,          0.999694666900187,                  0.00170490563347319
         689,3057.79720281579,          0.999563049480773,                   0.0023242048895073
         690,3057.79630821053,          0.999584861703182,                  0.00263333994250025
         691,3057.79541360526,          0.999453351358801,                  0.00247772755217552
         692,     3057.794519,          0.999631543584678,                  0.00170294981871325
         693,3057.79362439474,          0.999498548266277,                 0.000309538107236382
         694,3057.79272978947,          0.999523447025257,                -0.000464174975398726
         695,3057.79183518421,          0.999392104786904,                -0.000928084294802883
         696,3057.79094057895,          0.999570110626927,                -0.000927818790804697
         697,3057.79004597368,          0.999440375226864,                -0.000463777436300169
         698,3057.78915136842,          0.999463717473383,                                    0
         699,3057.78825676316,          0.999334086284495,                 0.000463513027033625
         700,3057.78736215789,          0.999667910073137,                 0.000772302155495316
         701,3057.78646755263,          0.999383877986223,                  0.00138974890325649
         702,3057.78557294737,          0.999408752622406,                  0.00169809951789411
         703, 3057.7846783421,          0.999280826463117,                  0.00216060719235269
         704,3057.78378373684,          0.999614286816323,                  0.00231427910205971
         705,3057.78288913158,          0.999640616781808,                   0.0029305927663716
         706,3057.78199452632,          0.999512733687372,                  0.00292976580377354
         707,3057.78109992105,          0.999384922745372,                  0.00354555810938509
         708,3057.78020531579,          0.999719517570221,                  0.00354455817852861
         709,3057.77931071053,          0.999591720397803,                  0.00308135548827929
         710,3057.77841610526,          0.999926068312879,                  0.00277243826704125
         711,    3057.7775215,          0.999645843277951,                  0.00230971775249065
         712,3057.77662689474,          0.999673651348805,                  0.00138544238714802
         713,3057.77573228947,           0.99985380004463,                  0.00107726282904608
         714,3057.77483768421,          0.999881534269674,                                    0
         715,3057.77394307895,           1.00021687002718,                -0.000461425589740356
         716,3057.77304847368,          0.999938493710982,                 -0.00123012578036104
         717,3057.77215386842,          0.999812458302717,                 -0.00169094972960177
         718,3057.77125926316,          0.999993852811724,                 -0.00276623472423713
         719,3057.77036465789,           1.00002304554568,                 -0.00338001336641649
         720,3057.76947005263,          0.999898627788888,                 -0.00399345074078511
         721,3057.76857544737,           1.00008138233266,                 -0.00399234084763538
         722, 3057.7676808421,           1.00026403531933,                   -0.003837722664669
         723,3057.76678623684,           1.00013965430189,                 -0.00291585905044283
         724,3057.76589163158,           1.00001534236487,                 -0.00168766013593335
         725,3057.76499702632,           1.00004601438717,                -0.000153381290550179
         726,3057.76410242105,           1.00022847469374,                  0.00138004848570346
         727,3057.76320781579,           1.00025907093178,                  0.00260603895874947
         728,3057.76231321053,           1.00013639616803,                  0.00367809891327503
         729,3057.76141860526,           1.00032021278063,                  0.00413672013249761
         730,     3057.760524,           1.00019758880391,                  0.00398241000136321
         731,3057.75962939474,           1.00038128721953,                  0.00352193014021876
         732,3057.75873478947,           1.00026024524287,                  0.00260245242870046
         733,3057.75784018421,           1.00059686873479,                  0.00198956244930442
         734,3057.75694557895,           1.00047583420162,                  0.00107100945701351
         735,3057.75605097368,           1.00066078486558,                 0.000611837838499284
         736,3057.75515636842,           1.00053979909687,                 0.000152917591180937
         737,3057.75426176316,           1.00057175528874,                -0.000152875745651449
         738,3057.75336715789,            1.0004508600729,                -0.000611335692070212
         739,3057.75247255263,           1.00063561523276,                -0.000611168493041847
         740,3057.75157794737,           1.00051629695935,                 -0.00045825173906535
         741,3057.75068334211,           1.00070093350905,                                    0
         742,3057.74978873684,           1.00073432984387,                                    0
         743,3057.74889413158,           1.00092033388431,                 0.000152625851461469
         744,3057.74799952632,           1.00080106809079,                                    0
         745,3057.74710492105,           1.00083441003245,                -0.000152542967540382
         746,3057.74621031579,           1.00102023543191,                 -0.00106751091529911
         747,3057.74531571053,           1.00105349979951,                 -0.00152460173591154
         748,3057.74442110526,            1.0013931100496,                 -0.00228628563938264
         749,    3057.7435265,            1.0012754033063,                 -0.00274280280923959
         750,3057.74263189474,           1.00115623490915,                 -0.00335140553377988
         751,3057.74173728947,           1.00134324675839,                 -0.00335050211843111
         752,3057.74084268421,           1.00137790330316,                 -0.00334959919000601
         753,3057.73994807895,            1.0012603276852,                 -0.00350091023666153
         754,3057.73905347368,           1.00114433887039,                 -0.00334779988678349
         755,3057.73815886842,           1.00133115277831,                 -0.00365116190621078
         756,3057.73726426316,           1.00151786610535,                 -0.00319390663450453
         757,3057.73636965789,           1.00155395193393,                 -0.00334510201040631
         758,3057.73547505263,           1.00143800904152,                 -0.00380023531057043
         759,3057.73458044737,           1.00147409692567,                  -0.0047110314119417
         760, 3057.7336858421,           1.00135823739073,                 -0.00562134043141509
         761,3057.73279123684,           1.00154621481146,                 -0.00577172522942608
         762,3057.73189663158,           1.00173409175805,                 -0.00592202964659149
         763,3057.73100202632,           1.00146644927998,                 -0.00531322202892214
         764,3057.73010742105,           1.00165576733661,                 -0.00500827883668306
         765,3057.72921281579,            1.0015415334009,                 -0.00348969175401011
         766,3057.72831821053,           1.00157752631739,                 -0.00212359311955829
         767,3057.72742360526,           1.00176666388651,                -0.000454934906397143
         768,     3057.726529,           1.00165249162384,                  0.00136444262518761
         769,3057.72563709091,           1.00153837992679,                  0.00197033882249521
         770,3057.72474518182,           1.00127280441239,                  0.00242438935693072
         771,3057.72385327273,           1.00161482365702,                  0.00227226593388615
         772,3057.72296136364,           1.00134936825032,                  0.00181733097686083
         773,3057.72206945455,            1.0013883778992,                 0.000757021755291204
         774,3057.72117754545,           1.00127600252476,                                    0
         775,3057.72028563636,           1.00146482010556,                  -0.0012105951285652
         776,3057.71939372727,           1.00135248394114,                 -0.00226926835762459
         777,3057.71850181818,           1.00139145164706,                 -0.00302489488490275
         778,3057.71760990909,           1.00158160380069,                 -0.00347771390208572
         779,     3057.716718,           1.00131967402691,                 -0.00423263147233597
         780,3057.71582609091,           1.00166087099763,                 -0.00513827242213628
         781,3057.71493418182,           1.00155014398511,                 -0.00513692938535129
         782,3057.71404227273,           1.00143796220214,                 -0.00498453284354005
         783,3057.71315036364,           1.00162936542333,                 -0.00483222368363432
         784,3057.71225845455,           1.00151873356341,                 -0.00422709142896826
         785,3057.71136654545,           1.00155908760925,                 -0.00377320331377808
         786,3057.71047463636,           1.00129764311796,                  -0.0031686634275885
         787,3057.70958272727,             1.001187184442,                 -0.00241358971690101
         788,3057.70869081818,           1.00107678340366,                 -0.00150810000512754
         789,3057.70779890909,           1.00111872001544,                -0.000452312674705771
         790,     3057.706907,           1.00130985739286,                                    0
         791,3057.70601509091,           1.00135171179154,                 0.000301385014835677
         792,3057.70512318182,           1.00139354449927,                -0.000150653459380061
         793,3057.70423127273,           1.00098351223818,                -0.000451843294720814
         794,3057.70333936364,           1.00102541863732,                 -0.00105402796787925
         795,3057.70244745455,           1.00106730333544,                 -0.00165590080250974
         796,3057.70155554545,            1.0008081714106,                 -0.00195646710200568
         797,3057.70066363636,            1.0013014662183,                 -0.00225687783520278
         798,3057.69977172727,           1.00089198820109,                 -0.00240671352738464
         799,3057.69887981818,           1.00108575020527,                 -0.00255647555257467
         800,3057.69798790909,            1.0011290703286,                 -0.00300684508283107
         801,     3057.697096,           1.00102056000036,                 -0.00315637113513627
         802,3057.69620409091,            1.0006130802474,                 -0.00345608962992793
         803,3057.69531218182,           1.00080671450869,                 -0.00330497564082727
         804,3057.69442027273,           1.00100024931139,                 -0.00225281376439173
         805,3057.69352836364,           1.00089338668629,                  -0.0004504470687157
         806,3057.69263645455,           1.00078808120989,                  0.00195143918639997
         807,3057.69174454545,           1.00083139990335,                  0.00375180461802127
         808,3057.69085263636,           1.00087469636933,                  0.00510114520709899
         809,3057.68996072727,           1.00076947653097,                  0.00689978955641853
         810,3057.68906881818,            1.0006643103394,                  0.00779777373559849
         811,3057.68817690909,           1.00055769772783,                  0.00764585594607723
         812,     3057.687285,           1.00045263924652,                  0.00674462453424621
         813,3057.68639309091,           1.00049747665456,                  0.00539432516992124
         814,3057.68550118182,           1.00039248701947,                  0.00464393038298943
         815,3057.68460927273,           1.00028755084558,                  0.00344461950433423
         816,3057.68371736364,           1.00048362198429,                  0.00179673802212084
         817,3057.68282545454,           1.00067809600223,                 0.000449070200150588
         818,3057.68193354545,           1.00027386313129,                 -0.00074825992155243
         819,3057.68104163636,           1.00032017427056,                  -0.0016457555963171
         820,3057.68014972727,           1.00051603832145,                 -0.00224364487588904
         821,3057.67925781818,           1.00041123032637,                 -0.00269168940894987
         822,3057.67836590909,           1.00060697210619,                   -0.002242507781502
         823,     3057.677474,           1.00035422673201,                 -0.00209247858572362
         824,3057.67658209091,           1.00054988404619,                 -0.00209195017572381
         825,3057.67569018182,           1.00059605527927,                 -0.00239019660860979
         826,3057.67479827273,           1.00049434785661,                 -0.00224024708431842
         827,3057.67390636364,           1.00039119775196,                 -0.00194105754787693
         828,3057.67301445454,           1.00043886754261,                 -0.00134347206921568
         829,3057.67212254545,           1.00063425735925,                -0.000447711077118233
         830,3057.67123063636,           1.00053264263857,                 0.000895197711874648
         831,3057.67033872727,           1.00072791059826,                  0.00193910610191942
         832,3057.66944681818,           1.00047719884279,                  0.00298249276745504
         833,3057.66855490909,           1.00037569996482,                  0.00342900761537865
         834,     3057.667663,           1.00027425191827,                   0.0034281489784116
         835,3057.66677109091,           1.00061989259169,                  0.00327827812911647
         836,3057.66587918182,           1.00066740955707,                  0.00268155625607075
         837,3057.66498727273,           1.00041851660439,                  0.00223407440063507
         838,3057.66409536364,           1.00046606024238,                  0.00193571346675859
         839,3057.66320345455,           1.00066244389696,                  0.00119091037655097
         840,3057.66231154545,           1.00071139209611,                 0.000595307193394471
         841,3057.66141963636,           1.00061003734619,                 0.000297579193262807
         842,3057.66052772727,           1.00080772680686,                -0.000595010539124174
         843,3057.65963581818,           1.00070788669054,                 -0.00118972553032016
         844,3057.65874390909,           1.00060809615353,                 -0.00163546642759121
         845,     3057.657852,           1.00050835515891,                 -0.00252691160863193
         846,3057.65696009091,           1.00055726864064,                 -0.00297209941672549
         847,3057.65606818182,           1.00060615785064,                 -0.00386277061679533
         848,3057.65517627273,           1.00065502280697,                 -0.00430740621365626
         849,3057.65428436364,           1.00085235794282,                 -0.00460332686887646
         850,3057.65339245455,           1.00060570790627,                 -0.00430527678475991
         851,3057.65250054546,           1.00080295773415,                 -0.00371052557368436
         852,3057.65160863636,            1.0007048262047,                 -0.00252253589049227
         853,3057.65071672727,           1.00090343885321,                 -0.00133513131016435
         854,3057.64982481818,           1.00080384659878,                -0.000741555902933299
         855,3057.64893290909,           1.00085406213302,                 0.000296549351743117
         856,     3057.648041,           1.00075601476452,                 0.000444714567366845
         857,3057.64714909091,            1.0009544190789,                  0.00118561376260456
         858,3057.64625718182,           1.00070822998806,                  0.00103715688627723
         859,3057.64536527273,           1.00075841964307,                  0.00103690185575806
         860,3057.64447336364,           1.00080858462149,                 0.000740462107592106
         861,3057.64358145455,           1.00086020677535,                  0.00118444994884657
         862,3057.64268954545,           1.00091032216523,                   0.0019242582354552
         863,3057.64179763636,           1.00110839643597,                  0.00281168655318305
         864,3057.64090572727,           1.00086401268797,                  0.00325484231768445
         865,3057.64001381818,           1.00120991240708,                  0.00399359840966037
         866,3057.63912190909,           1.00081774854454,                  0.00443624888539247
         867,      3057.63823,           1.00086929267961,                  0.00443516673270137
         868,3057.63733809091,           1.00092081167406,                  0.00384287376011895
         869,3057.63644618182,           1.00111859302571,                  0.00339863138591755
         870,3057.63555427273,           1.00087456493349,                  0.00265915013561666
         871,3057.63466236364,           1.00136912858732,                  0.00162464017912396
         872,3057.63377045455,           1.00112663661318,                 0.000147658795960646
         873,3057.63287854545,           1.00117803018001,                 -0.00118098263660279
         874,3057.63198663636,           1.00108181183558,                   -0.003246911375554
         875,3057.63109472727,           1.00113319129095,                 -0.00501673227765547
         876,3057.63020281818,           1.00118602263474,                 -0.00708073214770407
         877,3057.62931090909,           1.00138483115826,                 -0.00855380268146966
         878,     3057.628419,           1.00143757602566,                  -0.0091415090862177
         879,3057.62752709091,            1.0013414112826,                 -0.00958150916139684
         880,3057.62663518182,           1.00139414107057,                 -0.00928444899005827
         881,3057.62574327273,           1.00144684537614,                 -0.00854552258817359
         882,3057.62485136364,           1.00120344742761,                  -0.0072177385499416
         883,3057.62395945455,           1.00155070267596,                 -0.00603787366706576
         884,3057.62306754545,           1.00130887161721,                 -0.00471134890335993
         885,3057.62217563636,           1.00121435142594,                 -0.00323827046918123
         886,3057.62128372727,           1.00126703544609,                 -0.00147158588395957
         887,3057.62039181818,           1.00117257096114,                -0.000735615408494593
         888,3057.61949990909,            1.0013738001312,                -0.000294175616959813
         889,     3057.618608,           1.00127935532256,                -0.000147052335926356
         890,3057.61771609091,           1.00118495605665,                 0.000147016880478217
         891,3057.61682418182,           1.00123905537828,                  0.00102887160711215
         892,3057.61593227273,            1.0012916574213,                  0.00146946236780349
         893,3057.61504036364,           1.00134570520241,                  0.00264439886937257
         894,3057.61414845455,           1.00110450497027,                  0.00323126454069043
         895,3057.61325654545,           1.00130541210054,                  0.00293681012494659
         896,3057.61236463636,           1.00106433735824,                  0.00234888244577385
         897,3057.61147272727,           1.00126515767505,                  0.00205478044670927
         898,3057.61058081818,           1.00117241207276,                  0.00161408420530564
         899,3057.60968890909,           1.00093301098488,                  0.00102689888273402
         900,     3057.608797,           1.00113371867057,                 0.000146664769802311
         901,3057.60790509091,            1.0013343304154,                 -0.00029325943195648
         902,3057.60701318182,           1.00094846757252,                -0.000732973394531725
         903,3057.60612127273,           1.00085590840608,                 -0.00117247726859696
         904,3057.60522936364,           1.00105644276234,                 -0.00161177120468176
         905,3057.60433745455,           1.00096390201599,                 -0.00219734502125565
         906,3057.60344554545,           1.00101786015041,                 -0.00292909395801144
         907,3057.60255363636,           1.00092683833919,                 -0.00380691892873301
         908,3057.60166172727,           1.00083439462474,                 -0.00424516563465226
         909,3057.60076981818,           1.00088834511696,                 -0.00468320325248466
         910,3057.59987790909,           1.00079741899613,                 -0.00497472401255386
         911,     3057.598986,           1.00070507213093,                 -0.00526609890318862
         912,3057.59809409091,           1.00076047851648,                 -0.00526485126795168
         913,3057.59720218182,           1.00081585865468,                 -0.00526360422374997
         914,3057.59631027273,           1.00086974952675,                 -0.00511617368678785
         915,3057.59541836364,           1.00063279392401,                 -0.00496882065041862
         916,3057.59452645455,           1.00068816487905,                 -0.00482153736910622
         917,3057.59363454545,           1.00074204781826,                 -0.00438217215509384
         918,3057.59274263636,           1.00065132879837,                 -0.00408905972071722
         919,3057.59185072727,           1.00056065269318,                 -0.00321207272132641
         920,3057.59095881818,           1.00047001947224,                 -0.00277340682374854
         921,3057.59006690909,           1.00023349483393,                   -0.001751211254451
         922,     3057.589175,           1.00028888156148,                 -0.00102129844966895
         923,3057.58828309091,           1.00034424211306,                -0.000145865302145387
         924,3057.58739118182,           1.00039957650723,                  0.00102081589439514
         925,3057.58649927273,           1.00045488476253,                  0.00160376038070356
         926,3057.58560736364,           1.00022010089658,                   0.0017491461980121
         927,3057.58471545455,           1.00012969771688,                  0.00145727771778651
         928,3057.58382354545,           1.00018503058832,                  0.00101985363643383
         929,3057.58293163636,           1.00024033734624,                  0.00043697699316131
         930,3057.58203972727,           1.00029707468807,                -0.000582499388375642
         931,3057.58114781818,           1.00020673851073,                -0.000873543003066136
         932,3057.58025590909,           1.00026345705141,                 -0.00174667658390816
         933,     3057.579364,           1.00002764919286,                 -0.00174626481232747
         934,3057.57847209091,           0.99993889504788,                 -0.00160036779361657
         935,3057.57758018182,          0.999994181852033,                 -0.00116362959342782
         936,3057.57668827273,          0.999905477230919,                -0.000581678578959232
         937,3057.57579636364,           0.99981536054851,                -0.000581541579496007
         938,3057.57490445454,          0.999581388047466,                -0.000145351372407658
         939,3057.57401254545,          0.999783477124867,                 0.000435952097583518
         940,3057.57312063636,          0.999402886195339,                 0.000726415820755443
         941,3057.57222872727,          0.999604922204534,                  0.00101674432656666
         942,3057.57133681818,          0.999806863743097,                   0.0011617218460341
         943,3057.57044490909,           0.99957316701365,                  0.00130663159086752
         944,     3057.569553,          0.999483276145356,                  0.00101603005126597
         945,3057.56866109091,           0.99924976455377,                 0.000870679434696866
         946,3057.56776918182,          0.999451600080084,                 0.000870476063359051
         947,3057.56687727273,          0.999363250410841,                 0.000435136393502543
         948,3057.56598536364,          0.999129930394432,                                    0
         949,3057.56509345454,          0.999331652557915,                -0.000434933259491331
         950,3057.56420154546,          0.999243392731352,                -0.000724719605984445
         951,3057.56330963636,          0.999300084192771,                -0.000579640420065412
         952,3057.56241772727,          0.999211872902916,                -0.000289752609222246
         953,3057.56152581818,           0.99897886023421,                 0.000289685039940325
         954,3057.56063390909,          0.999180382468873,                 0.000434426253247336
         955,     3057.559742,          0.999092260762935,                -0.000144774997936956
         956,3057.55885009091,           0.99900562610094,                 -0.00115793176018654
         957,3057.55795818182,          0.999207001539691,                 -0.00173649297878006
         958,3057.55706627273,          0.998829586999012,                 -0.00217011063224003
         959,3057.55617436364,          0.999030909643172,                 -0.00216960527648003
         960,3057.55528245454,          0.998799762844707,                 -0.00159067574797912
         961,3057.55439054546,          0.999000999000999,                 -0.00144573227062373
         962,3057.55349863636,           0.99876852274764,                 -0.00115631666888294
         963,3057.55260672727,          0.998825166579241,                -0.000867035734877813
         964,3057.55171481818,          0.998738754617704,                 -0.00115578041905709
         965,3057.55082290909,          0.998650940153163,                -0.000866633734584752
         966,     3057.549931,          0.998563166521058,                -0.000722026873840244
         967,3057.54903909091,          0.998621247229862,                                    0
         968,3057.54814718182,          0.998677859633727,                 0.000288676935867532
         969,3057.54725527273,          0.998591581815243,                  0.00101013599316571
         970,3057.54636336364,          0.998503903268762,                  0.00115417298456149
         971,3057.54547145454,          0.998273467215349,                  0.00100966829511739
         972,3057.54457954546,          0.998474312791835,                  0.00129784356082128
         973,3057.54368763636,          0.998388161783575,                  0.00100920102996174
         974,3057.54279572727,          0.998300611578039,                  0.00144138118911065
         975,3057.54190381818,          0.998358645356436,                  0.00158515373829688
         976,3057.54101190909,          0.998415213946117,                  0.00187292897277049
         977,      3057.54012,          0.998329156223893,                  0.00172845907873131
         978,3057.53922809091,          0.998241700639814,                  0.00144004861604128
         979,3057.53833618182,          0.998155722658696,                  0.00129574520466296
         980,3057.53744427273,          0.998068347674388,                  0.00143938325306373
         981,3057.53655236364,          0.998126354507542,                  0.00158295702127782
         982,3057.53566045454,          0.998040462577439,                  0.00172646468948094
         983,3057.53476854546,          0.997665497257714,                  0.00158222613463594
         984,3057.53387663636,          0.998011167946297,                  0.00129425079416667
         985,3057.53298472727,          0.997923927170675,                  0.00100640649621016
         986,3057.53209281818,          0.997981900348424,                 0.000862435748536734
         987,3057.53120090909,           0.99789614062518,                 0.000718531207247393
         988,     3057.530309,          0.997808986746166,                 0.000431019000754283
         989,3057.52941709091,          0.998010586266581,                 0.000718199903761213
         990,3057.52852518182,          0.998068486167058,                 0.000574427905707659
         991,3057.52763327273,          0.997694205075046,                 0.000430721343391155
         992,3057.52674136364,          0.997752150958996,                -0.000143540807216083
         993,3057.52584945455,          0.997810070232741,                -0.000861047090665388
         994,3057.52495754545,          0.997867962914607,                 -0.00157822395284841
         995,3057.52406563636,          0.997780955809894,                 -0.00258195186954832
         996,3057.52317372727,          0.997695419664509,                 -0.00344181257322815
         997,3057.52228181818,          0.997753298722377,                 -0.00358439897514864
         998,3057.52138990909,            0.9978097209401,                 -0.00358357176030779
         999,     3057.520498,          0.997580927158392,                 -0.00300951005176357
        1000,3057.51960609091,          0.997925346873979,                 -0.00243571154298028
        1001,3057.51871418182,          0.997696631466764,                  -0.0021486646765257
        1002,3057.51782227273,          0.997753014955554,                 -0.00200495797464874
        1003,3057.51693036364,          0.997667622621627,                 -0.00200449866772428
        1004,3057.51603845455,           0.99758226940304,                 -0.00214718525484942
        1005,3057.51514654545,          0.997640068178988,                 -0.00228980649703971
        1006,3057.51425463636,          0.997554760347914,                 -0.00228928229569229
        1007,3057.51336272727,          0.997468064714549,                 -0.00200266067775759
        1008,3057.51247081818,          0.997668864322183,                 -0.00157315904637959
        1009,3057.51157890909,          0.997583608573185,                 -0.00100087218862151
        1010,     3057.510687,          0.997641340861983,                -0.000714745193338575
        1011,3057.50979509091,          0.997556130396879,                                    0
        1012,3057.50890318182,          0.997469533671205,                                    0
        1013,3057.50801127272,          0.997384401547931,                 0.000428552449820079
        1014,3057.50711936364,          0.997442126505482,                 0.000428454521694795
        1015,3057.50622745455,          0.997214253995496,                 0.000142785546104739
        1016,3057.50533554545,           0.99741474437946,                 0.000142752933215895
        1017,3057.50444363636,          0.997328279137742,                 0.000285440263061746
        1018,3057.50355172727,          0.997243276562714,                 0.000570750194055066
        1019,3057.50265981818,          0.997158312791016,                 0.000570619921482699
        1020,3057.50176790909,          0.997501255077358,                 0.000142622427091415
        1021,     3057.500876,           0.99727368132871,                -0.000427769665997445
        1022,3057.49998409091,            0.9973299043584,                 -0.00071278580928988
        1023,3057.49909218182,          0.997244998453607,                 -0.00128272187881699
