"SCAN INDEX",      WAVENUMBER,"SCIENCE DIRECT ABSORPTION","SCIENCE HARMONIC ABSORPTION SPECTRA"
           0,3058.41469805405,                          1,                                    0
           1,3058.41377927027,                          1,                                    0
           2,3058.41286048648,                          1,                                    0
           3, 3058.4119417027,                          1,                                    0
           4,3058.41102291891,                          1,                                    0
           5,3058.41010413513,                          1,                                    0
           6,3058.40918535135,                          1,                                    0
           7,3058.40826656757,                          1,                                    0
           8,3058.40734778377,                          1,                                    0
           9,     3058.406429,                          1,                                    0
          10,3058.40551021621,                          1,                                    0
          11,3058.40459143243,                          1,                                    0
          12,3058.40367264864,                          1,                                    0
          13,3058.40275386486,                          1,                                    0
          14,3058.40183508107,                          1,                                    0
          15,3058.40091629729,                          1,                                    0
          16,3058.39999751351,                          1,                                    0
          17,3058.39907872973,                          1,                                    0
          18,3058.39815994594,                          1,                                    0
          19,3058.39724116216,                          1,                                    0
          20,3058.39632237837,                          1,                                    0
          21,3058.39540359459,                          1,                                    0
          22,3058.39448481081,                          1,                                    0
          23,3058.39356602702,                          1,                                    0
          24,3058.39264724324,                          1,                                    0
          25,3058.39172845946,                          1,                                    0
          26,3058.39080967567,                          1,                                    0
          27,3058.38989089189,                          1,                                    0
          28,3058.38897210811,                          1,                                    0
          29,3058.38805332432,                          1,                                    0
          30,3058.38713454054,                          1,                                    0
          31,3058.38621575675,                          1,                                    0
          32,3058.38529697297,                          1,                                    0
          33,3058.38437818918,                          1,                                    0
          34, 3058.3834594054,                          1,                                    0
          35,3058.38254062161,                          1,                                    0
          36,3058.38162183783,                          1,                                    0
          37,3058.38070305405,                          1,                                    0
          38,3058.37978427027,                          1,                                    0
          39,3058.37886548648,                          1,                                    0
          40, 3058.3779467027,                          1,                                    0
          41,3058.37702791892,                          1,                                    0
          42,3058.37610913513,                          1,                                    0
          43,3058.37519035135,                          1,                                    0
          44,3058.37427156757,                          1,                                    0
          45,3058.37335278378,                          1,                                    0
          46,     3058.372434,                          1,                                    0
          47,3058.37151521621,                          1,                                    0
          48,3058.37059643243,                          1,                                    0
          49,3058.36967764864,                          1,                                    0
          50,3058.36875886486,                          1,                                    0
          51,3058.36784008107,                          1,                                    0
          52,3058.36692129729,                          1,                                    0
          53, 3058.3660025135,                          1,                                    0
          54,3058.36508372972,                          1,                                    0
          55,3058.36416494595,                          1,                                    0
          56,3058.36324616216,                          1,                                    0
          57,3058.36232737837,                          1,                                    0
          58,3058.36140859459,                          1,                                    0
          59,3058.36048981081,                          1,                                    0
          60,3058.35957102702,                          1,                                    0
          61,3058.35865224324,                          1,                                    0
          62,3058.35773345945,                          1,                                    0
          63,3058.35681467567,                          1,                                    0
          64,3058.35589589189,                          1,                                    0
          65, 3058.3549771081,                          1,                                    0
          66,3058.35405832432,                          1,                                    0
          67,3058.35313954054,                          1,                                    0
          68,3058.35222075675,                          1,                                    0
          69,3058.35130197297,                          1,                                    0
          70,3058.35038318919,                          1,                                    0
          71,3058.34946440541,                          1,                                    0
          72,3058.34854562161,                          1,                                    0
          73,3058.34762683784,                          1,                                    0
          74,3058.34670805405,                          1,                                    0
          75,3058.34578927026,          0.985564208270023,                 0.000396206716892471
          76,3058.34487048648,          0.989591273856218,                 0.000989987268763724
          77, 3058.3439517027,          0.993020361073127,                  0.00138524163561417
          78,3058.34303291892,          0.995656611207367,                  0.00197786374892206
          79,3058.34211413513,          0.997497360961203,                  0.00276753132252415
          80,3058.34119535134,          0.998152666778626,                  0.00355636342082646
          81,3058.34027656756,          0.998015422438562,                  0.00394940808246364
          82,3058.33935778379,           0.99728622884492,                  0.00374993832338284
          83,     3058.338439,          0.996165256912006,                   0.0031561671506123
          84,3058.33752021621,          0.995043512205893,                  0.00374595338456746
          85,3058.33660143243,          0.994319021523874,                  0.00394101871392736
          86,3058.33568264865,          0.994184180103318,                  0.00413586921199875
          87,3058.33476386486,          0.993460913110062,                  0.00413367925011122
          88,3058.33384508108,           0.99312993318801,                  0.00413148347800083
          89,3058.33292629729,          0.992995937565135,                  0.00452255575524715
          90,3058.33200751351,          0.992864035406648,                  0.00373404922262991
          91,3058.33108872973,          0.993319596700851,                  0.00333921952618439
          92,3058.33016994594,          0.993383984137268,                  0.00314113512770678
          93,3058.32925116215,          0.993642571226748,                  0.00333568793658269
          94,3058.32833237837,          0.993510606794546,                  0.00274558793823996
          95,3058.32741359459,          0.993572844041013,                  0.00235211563000437
          96,3058.32649481081,          0.993635015447185,                  0.00156724765843405
          97,3058.32557602703,           0.99369906680399,                  0.00137061940248826
          98,3058.32465724323,           0.99356540662403,                 0.000978496559606096
          99,3058.32373845945,          0.993825023422662,                  0.00117357806347884
         100,3058.32281967568,          0.993495944495598,                  0.00136845171418127
         101,3058.32190089189,          0.993559934036218,                   0.0013677324559004
         102, 3058.3209821081,          0.993426628598657,                 0.000390574652486203
         103,3058.32006332432,          0.993685772004645,                 -0.00019518479120107
         104,3058.31914454054,          0.993942704421533,                -0.000390163966406882
         105,3058.31822575675,          0.994006325140288,                -0.000194979663621084
         106,3058.31730697297,           0.99387306487068,                 0.000389754143086541
         107,3058.31638818918,          0.993741880318574,                  0.00116864980045305
         108, 3058.3154694054,          0.993803571463334,                  0.00272541625866536
         109,3058.31455062162,          0.993867131560924,                   0.0033077018865575
         110,3058.31363183784,          0.993928692276877,                    0.004278307812579
         111,3058.31271305405,          0.993992120367509,                  0.00563663893051579
         112,3058.31179427027,          0.994053551065446,                  0.00660500698382356
         113,3058.31087548648,          0.994116847562278,                  0.00757237442479079
         114, 3058.3099567027,          0.994178148651271,                  0.00776246846497186
         115,3058.30903791892,          0.994241313965735,                  0.00756445790961055
         116,3058.30811913513,          0.994302485853144,                  0.00794821640085375
         117,3058.30720035134,           0.99455927829059,                  0.00775031582536988
         118,3058.30628156757,          0.994426563486438,                  0.00774626339619426
         119,3058.30536278378,          0.994489467663608,                  0.00754867443341392
         120,3058.30444399999,          0.994939216429749,                   0.0069643810599788
         121,3058.30352521621,          0.994999864652175,                  0.00618732912337148
         122,3058.30260643244,           0.99506237257346,                  0.00502459151037288
         123,3058.30168764865,          0.995122893427978,                  0.00424936018156357
         124,3058.30076886486,          0.994992219987104,                  0.00366799615439561
         125,3058.29985008107,          0.995440538876979,                  0.00308723563133004
         126,3058.29893129729,          0.995307916757468,                  0.00231422108139694
         127,3058.29801251351,          0.995370102659589,                  0.00115651057628922
         128,3058.29709372972,          0.996010179724932,                 0.000192651872287221
         129,3058.29617494595,          0.995879385373744,                -0.000962760426695421
         130,3058.29525616216,          0.995939262138912,                 -0.00250187640730548
         131,3058.29433737837,          0.996000992538648,                  -0.0030776392198954
         132,3058.29341859459,          0.996447165037643,                 -0.00403731245722371
         133,3058.29249981081,          0.996316415489886,                 -0.00403522559793396
         134,3058.29158102702,          0.996761964024383,                 -0.00403314089489635
         135,3058.29066224323,           0.99643731908261,                 -0.00345518623453804
         136,3058.28974345946,          0.996690488752458,                 -0.00230226869394216
         137,3058.28882467568,          0.996559883718701,                  -0.0015340540830767
         138,3058.28790589188,          0.997004387049293,                 -0.00153326318654255
         139,3058.28698710811,          0.997256873141876,                 -0.00153247310509701
         140,3058.28606832432,          0.997126178199927,                 -0.00172314431716577
         141,3058.28514954054,          0.997186979734772,                   -0.001913619228046
         142,3058.28423075676,          0.997247718704993,                 -0.00191263467338894
         143,3058.28331197297,          0.997308395207108,                 -0.00114699067878908
         144,3058.28239318918,          0.997560076197464,                -0.000191066860026329
         145, 3058.2814744054,          0.997429561192103,                 0.000572906123602586
         146,3058.28055562162,           0.99768092152353,                 0.000763482625998492
         147,3058.27963683783,          0.997741251163713,                  0.00114463623460464
         148,3058.27871805405,          0.997610844060383,                   0.0013347239886129
         149,3058.27779927028,          0.997861724875267,                  0.00171519395032036
         150,3058.27688048648,          0.997733290157908,                  0.00133335873064249
         151, 3058.2759617027,          0.998174234044538,                  0.00133267587989925
         152,3058.27504291892,          0.998424441704343,                  0.00152227854652844
         153,3058.27412413513,          0.998294018413951,                  0.00152149974229598
         154,3058.27320535135,          0.998165625920751,                  0.00114054346896296
         155,3058.27228656756,          0.998225461399036,                  0.00113996055736472
         156,3058.27136778378,          0.998285235746853,                 0.000569689120646863
         157,     3058.270449,          0.998726443474778,                 0.000379599560423709
         158,3058.26953021622,          0.998596198353379,                -0.000189702925219107
         159,3058.26861143243,          0.998847192306526,                -0.000948032642659952
         160,3058.26769264865,          0.999096037917135,                  -0.0017055888355945
         161,3058.26677386486,            0.9987782818286,                 -0.00265179137978388
         162,3058.26585508108,          0.999026909548024,                 -0.00378634417111247
         163, 3058.2649362973,           0.99889873259638,                 -0.00491975128765029
         164,3058.26401751351,          0.998959810874705,                 -0.00567375886524823
         165,3058.26309872972,          0.999207967955782,                  -0.0060489320799442
         166,3058.26217994594,          0.999268827687058,                 -0.00604586925429871
         167,3058.26126116216,           0.99914078802013,                 -0.00604280952875528
         168,3058.26034237837,          0.999390362441797,                 -0.00528478378628334
         169,3058.25942359459,             0.999639684507,                 -0.00509346508429685
         170,3058.25850481081,          0.999700203069996,                 -0.00546799432082797
         171,3058.25758602702,          0.999381864507715,                 -0.00584213422586068
         172,3058.25666724324,          0.999442452005666,                 -0.00565082426689973
         173,3058.25574845945,          0.999504860090029,                 -0.00545971763846503
         174,3058.25482967567,          0.999565324567065,                 -0.00489245076030567
         175,3058.25391089189,          0.999625728090517,                 -0.00376152672846855
         176,3058.25299210811,          0.999686070752509,                 -0.00263174219453462
         177,3058.25207332431,          0.999558465715332,                 -0.00244253008539461
         178,3058.25115454054,          0.999806573859678,                 -0.00281688553867302
         179,3058.25023575675,          0.999680912964319,                 -0.00300317210053119
         180,3058.24931697297,          0.999741106637801,                 -0.00375207771303359
         181,3058.24839818919,           1.00017813446339,                 -0.00356268926786736
         182, 3058.2474794054,          0.999675770700541,                 -0.00412314716074464
         183,3058.24656062161,          0.999550427094261,                 -0.00412108496927919
         184,3058.24564183784,          0.999610565653388,                 -0.00393178907636658
         185,3058.24472305406,          0.999672514619883,                 -0.00411695906432749
         186,3058.24380427027,          0.999732531801595,                 -0.00392785466189588
         187,3058.24288548648,          0.999607410592436,                 -0.00355199940176852
         188, 3058.2419667027,          0.999669268298152,                 -0.00336337323913397
         189,3058.24104791892,          0.999917825206744,                 -0.00186760893762933
         190,3058.24012913513,          0.999606130917603,                -0.000933339057812888
         191,3058.23921035135,          0.999854471638761,                -0.000186574822100907
         192,3058.23829156756,          0.999729601208403,                -0.000186481925239396
         193,3058.23737278378,          0.999977633305499,                 -0.00130472384587856
         194,     3058.236454,          0.999852825837076,                 -0.00186296408764128
         195,3058.23553521621,          0.999541938679368,                 -0.00279305683312044
         196,3058.23461643243,          0.999789694275032,                  -0.0039083364817155
         197,3058.23369764865,           1.00003906402594,                 -0.00483649844953021
         198,3058.23277886486,          0.999914473659747,                 -0.00483409749259082
         199,3058.23186008108,          0.999977699809705,                 -0.00483170789724072
         200,3058.23094129729,          0.999853263221634,                 -0.00482931169306381
         201,3058.23002251351,          0.999730806003954,                 -0.00482692682564583
         202,3058.22910372973,           0.99979217386141,                  -0.0046389763078202
         203,3058.22818494595,          0.999855335343801,                 -0.00500762271457663
         204,3058.22726616215,            0.9999184345363,                 -0.00500515345429739
         205,3058.22634737838,          0.999981471531007,                 -0.00481740193807786
         206,3058.22542859459,          0.999859253003837,                 -0.00407425515208083
         207,3058.22450981081,           0.99955205259865,                 -0.00370204463925426
         208,3058.22359102702,          0.999800187971316,                 -0.00370022275340976
         209,3058.22267224324,           0.99967823896859,                 -0.00369840265989119
         210,3058.22175345945,          0.999556409877273,                 -0.00388141357385776
         211,3058.22083467567,          0.999806024330091,                  -0.0031405584651906
         212,3058.21991589189,           0.99968425192634,                 -0.00240042395179949
         213, 3058.2189971081,          0.999193484387371,                 -0.00129190143899365
         214,3058.21807832432,          0.999442909267998,                                    0
         215,3058.21715954054,          0.999321493893445,                 0.000368753318779869
         216,3058.21624075675,          0.999754898799004,                 0.000921433086450695
         217,3058.21532197297,          0.999819487270169,                  0.00110517997855951
         218,3058.21440318918,          0.999515799124756,                  0.00110464078002368
         219, 3058.2134844054,          0.999396424181308,                 0.000920085089469074
         220,3058.21256562162,          0.999277165606326,                   0.0003678546532694
         221,3058.21164683784,          0.999158023229735,                 0.000919188613826803
         222,3058.21072805405,          0.999406493294109,                  0.00165373385542324
         223,3058.20980927027,          0.999654721499831,                  0.00293854042696992
         224,3058.20889048649,          0.999351999897201,                  0.00495637472395746
         225, 3058.2079717027,          0.999051405735968,                  0.00587137648917373
         226,3058.20705291892,          0.999299445057787,                  0.00696887115290804
         227,3058.20613413513,          0.999182470405795,                  0.00769870918309363
         228,3058.20521535135,          0.999065608911526,                  0.00769498543449186
         229,3058.20429656756,          0.999130156114087,                  0.00824062628759786
         230,3058.20337778379,          0.999196469591224,                  0.00860271736046667
         231,3058.20245899999,          0.999079770875755,                  0.00878151052957997
         232,3058.20154021621,          0.998963184832875,                  0.00877727125608237
         233,3058.20062143243,          0.999029482884355,                  0.00822472131902597
         234,3058.19970264865,          0.999278400423826,                  0.00803807122827209
         235,3058.19878386486,          0.999346307367006,                  0.00803421113176471
         236,3058.19786508108,          0.999229817382766,                   0.0080303400849026
         237,3058.19694629729,          0.999113439598968,                  0.00802647276654274
         238,3058.19602751351,          0.998998995348702,                  0.00747562672190122
         239,3058.19510872973,          0.999249150738457,                  0.00692530872297307
         240,3058.19418994594,          0.998950773804319,                  0.00601119174608726
         241,3058.19327116216,          0.999200712258234,                   0.0049158927170139
         242,3058.19235237838,          0.999268428504355,                  0.00382164214142988
         243,3058.19143359459,          0.999336079961438,                  0.00309223031658982
         244,3058.19051481081,          0.999403666722421,                   0.0025453249652745
         245,3058.18959602702,          0.999473005142743,                  0.00254411310399971
         246,3058.18867724324,           0.99917719093348,                  0.00236126222180244
         247,3058.18775845946,          0.999426305699181,                  0.00290478126997037
         248,3058.18683967568,          0.999314071692211,                  0.00290340024461147
         249,3058.18592089189,          0.999201944353756,                  0.00308339681503247
         250, 3058.1850021081,          0.999450691892539,                  0.00290063687108301
         251,3058.18408332433,          0.999338606362063,                  0.00289925978273672
         252,3058.18316454054,          0.999588862707312,                  0.00289788400132578
         253,3058.18224575675,           0.99965784981236,                  0.00325857321561436
         254,3058.18132697297,          0.999364879462807,                  0.00325702839585923
         255,3058.18040818918,          0.999435714905808,                  0.00361721214225772
         256, 3058.1794894054,          0.999504676647854,                  0.00343472397473489
         257,3058.17857062162,          0.999575379222492,                  0.00361379385112976
         258,3058.17765183783,          0.999644209739262,                   0.0039732922518995
         259,3058.17673305405,          0.999534260720127,                   0.0041519393166991
         260,3058.17581427027,          0.999604849346558,                  0.00451085220824259
         261,3058.17489548649,          0.999675371519261,                   0.0043283797431828
         262, 3058.1739767027,          0.999385298724991,                  0.00396581467748012
         263,3058.17305791892,          0.999816216878498,                  0.00396394967946061
         264,3058.17213913513,           1.00006663509004,                   0.0036018967588332
         265,3058.17122035135,          0.999958597573818,                  0.00324018987512668
         266,3058.17030156756,           1.00038864019115,                  0.00269889021634304
         267,3058.16938278378,           1.00010071145449,                  0.00233794447921388
         268,3058.16846399999,           1.00017256751704,                   0.0012583048117576
         269,3058.16754521622,           1.00024255926981,                 0.000898367665950967
         270,3058.16662643243,           1.00013469222826,                -0.000179589637677906
         271,3058.16570764864,           1.00020822712553,                 -0.00143604914160163
         272,3058.16478886486,            1.0002798989493,                 -0.00251191364758569
         273,3058.16387008108,           1.00053084267688,                 -0.00322809735941636
         274,3058.16295129729,           1.00078334644886,                 -0.00304734316489891
         275,3058.16203251352,           1.00067547834438,                 -0.00250840764490981
         276,3058.16111372972,           1.00074859146606,                  -0.0017908886747782
         277,3058.16019494594,           1.00046362511882,                -0.000358011674760714
         278,3058.15927616216,           1.00035784576847,                 0.000715691536947576
         279,3058.15835737837,           1.00043100441914,                  0.00125188005558347
         280,3058.15743859459,           1.00086160974441,                  0.00214508650061314
         281,3058.15651981081,           1.00111314204443,                  0.00232276831100796
         282,3058.15560102702,           1.00083045353479,                   0.0030360666863118
         283,3058.15468224324,           1.00108176810176,                  0.00285615340399933
         284,3058.15376345946,            1.0011562096308,                   0.0023195563580824
         285,3058.15284467567,           1.00105223734194,                  0.00142676249754775
         286,3058.15192589189,           1.00112662397855,                                    0
         287,3058.15100710811,           1.00120094222292,                  -0.0010690880322722
         288,3058.15008832433,           1.00127519216932,                 -0.00195909411488128
         289,3058.14916954053,           1.00152917447721,                 -0.00267026975065021
         290,3058.14825075676,           1.00124733318031,                 -0.00195729885640366
         291,3058.14733197297,           1.00132324065906,                 -0.00106712956375743
         292,3058.14641318919,           1.00157685244608,                -0.000177773669230756
         293, 3058.1454944054,           1.00165254011408,                 0.000533077456154379
         294,3058.14457562162,           1.00155054730945,                 0.000888056878266939
         295,3058.14365683783,           1.00162617791381,                 0.000532591019805285
         296,3058.14273805406,           1.00170173953625,                 0.000532348134385963
         297,3058.14181927027,           1.00195637791616,                -0.000177368804729362
         298,3058.14090048648,           1.00167892024331,                -0.000354576608935685
         299, 3058.1399817027,           1.00193156243908,                 -0.00124045294253159
         300,3058.13906291892,           1.00200862255254,                 -0.00247978092906764
         301,3058.13814413513,           1.00226265974059,                 -0.00371798548923378
         302,3058.13722535135,           1.00198733977847,                 -0.00424720878747498
         303,3058.13630656756,           1.00188738318832,                 -0.00459905931548309
         304,3058.13538778378,           1.00196432391719,                 -0.00388975033107079
         305,     3058.134469,           1.00221969306028,                 -0.00300436162617258
         306,3058.13355021621,           1.00194488949813,                 -0.00123653283259642
         307,3058.13263143243,           1.00202346942019,                 0.000176568012232632
         308,3058.13171264865,           1.00192549006458,                   0.0012354198397837
         309,3058.13079386486,           1.00200400801603,                  0.00158768240706766
         310,3058.12987508108,           1.00243511502877,                  0.00176329835537162
         311, 3058.1289562973,           1.00216259850222,                  0.00123375627673506
         312,3058.12803751351,           1.00206649789386,                  0.00105703217077412
         313,3058.12711872972,           1.00196871885356,                 0.000528278762137205
         314,3058.12619994595,           1.00187279102187,                 0.000704056775138347
         315,3058.12528116215,           1.00213058310418,                  0.00070374338701136
         316,3058.12436237837,           1.00221052576045,                 0.000351714520358116
         317,3058.12344359459,           1.00211461828767,                  0.00017577874377963
         318,3058.12252481081,           1.00254765878942,                -0.000527101818501274
         319,3058.12160602703,           1.00210220177976,                 -0.00122935776594082
         320,3058.12068724324,           1.00200647056035,                 -0.00193098654102381
         321,3058.11976845946,            1.0022652739297,                 -0.00210559931497836
         322,3058.11884967567,           1.00217131271463,                 -0.00210466498995022
         323,3058.11793089189,           1.00225274580788,                 -0.00245435340935985
         324,3058.11701210811,           1.00216062957907,                 -0.00297897022256412
         325,3058.11609332432,           1.00206683948714,                 -0.00227702655363273
         326,3058.11517454054,           1.00232504394473,                 -0.00140062888236818
         327,3058.11425575675,           1.00223301786414,                  -0.0005250042000336
         328,3058.11333697297,           1.00214107291543,                                    0
         329,3058.11241818918,           1.00205096104922,                 0.000874237446387389
         330, 3058.1114994054,           1.00195917711066,                  0.00139816386130914
         331,3058.11058062162,           1.00204391803365,                  0.00192163233932533
         332,3058.10966183784,           1.00212683478789,                  0.00227002070957355
         333,3058.10874305405,           1.00186234690618,                  0.00296718813543643
         334,3058.10782427026,           1.00212323114956,                  0.00366375136736435
         335,3058.10690548649,           1.00203336390936,                  0.00401092366340329
         336, 3058.1059867027,           1.00211788699373,                  0.00453210385490295
         337,3058.10506791892,           1.00168137506861,                  0.00453012971852213
         338,3058.10414913513,           1.00159356305024,                  0.00435399740501755
         339,3058.10323035135,           1.00185399566531,                   0.0043521025007181
         340,3058.10231156757,            1.0019401933233,                  0.00382818413565693
         341,3058.10139278378,           1.00167845060746,                  0.00347865410872533
         342,     3058.100474,           1.00176464963447,                  0.00278171370950216
         343,3058.09955521621,           1.00167873292159,                  0.00191160063534654
         344,3058.09863643243,           1.00176659724188,                  0.00156336039104855
         345,3058.09771764865,           1.00185438558719,                 0.000868158046436038
         346,3058.09679886487,           1.00176854148262,                                    0
         347,3058.09588008108,           1.00185625314435,                -0.000867408011380393
         348,3058.09496129729,           1.00194562650214,                   -0.001387255973004
         349,3058.09404251351,           1.00168652186498,                  -0.0019066537014215
         350,3058.09312372973,           1.00142937583922,                 -0.00173257677480833
         351,3058.09220494595,           1.00169200049184,                 -0.00190501590688282
         352,3058.09128616216,           1.00178129073469,                 -0.00155798023442409
         353,3058.09036737838,           1.00152443508519,                 -0.00173034629420386
         354,3058.08944859459,           1.00161545300139,                 -0.00190256777465295
         355,3058.08852981081,           1.00153177481873,                 -0.00172886548389216
         356,3058.08761102703,           1.00162271174315,                 -0.00120968926539027
         357,3058.08669224324,           1.00136809303033,                 -0.00138191215184451
         358,3058.08577345945,           1.00145902219613,                -0.000690661394618021
         359,3058.08485467567,           1.00137901039177,                                    0
         360,3058.08393589189,           1.00146985756873,                  0.00103511096389533
         361, 3058.0830171081,           1.00121746388133,                   0.0017244530897026
         362,3058.08209832432,           1.00131002861378,                  0.00189609404626469
         363,3058.08117954054,           1.00140251487803,                  0.00223988862584556
         364,3058.08026075675,           1.00149492277381,                    0.002927844142245
         365,3058.07934197297,           1.00124294602309,                  0.00292660420948977
         366,3058.07842318918,           1.00116498572591,                  0.00326953157937304
         367,3058.07750440541,           1.00108709113677,                  0.00344016182521226
         368,3058.07658562162,           1.00118119780679,                  0.00309484141516782
         369,3058.07566683784,           1.00127522522677,                  0.00240608533353499
         370,3058.07474805405,           1.00102559169082,                  0.00171790902984523
         371,3058.07382927027,           1.00111960545928,                  0.00103031177234231
         372,3058.07291048648,            1.0013869054158,                 0.000514940129627595
         373, 3058.0719917027,           1.00113925701226,                  0.00085787425622302
         374,3058.07107291892,           1.00106331892708,                  0.00188653358029773
         375,3058.07015413513,           1.00115887568487,                  0.00360005760092161
         376,3058.06923535135,           1.00108299289886,                  0.00531214871274641
         377,3058.06831656757,           1.00135146477199,                   0.0063376674985569
         378,3058.06739778378,            1.0011060621107,                  0.00701989884496981
         379,     3058.066479,           1.00120315524468,                  0.00684583354013455
         380,3058.06556021622,            1.0013001676532,                  0.00650083826598693
         381,3058.06464143243,           1.00139709943689,                   0.0063271333126989
         382,3058.06372264865,           1.00132301812227,                  0.00598264008779097
         383,3058.06280386486,           1.00142157097261,                   0.0059801663511417
         384,3058.06188508108,           1.00117845980427,                  0.00563611210739355
         385,3058.06096629729,           1.00127699094497,                  0.00563378358076456
         386,3058.06004751351,           1.00137544070417,                  0.00580210718881081
         387,3058.05912872973,           1.00147551749725,                  0.00511740172456438
         388,3058.05820994594,           1.00157380425831,                  0.00443325143185496
         389,3058.05729116216,           1.00150327755412,                  0.00374967190370843
         390,3058.05637237837,           1.00160317841621,                  0.00255554476547766
         391,3058.05545359459,           1.00136239782016,                   0.0018732970027248
         392,3058.05453481081,           1.00163250437065,                  0.00102137916829094
         393,3058.05361602702,           1.00156377354381,                 0.000170160342090352
         394,3058.05269724324,           1.00166348597263,                -0.000510271770745099
         395,3058.05177845946,           1.00176481989656,                 -0.00136016947711685
         396,3058.05085967567,           1.00152616748413,                  -0.0022093738634471
         397,3058.04994089189,           1.00162917635707,                  -0.0025482424771635
         398,3058.04902210811,           1.00207002773056,                 -0.00305664472108966
         399,3058.04810332432,           1.00166349809886,                 -0.00339489407930473
         400,3058.04718454054,           1.00210567752423,                 -0.00390254496834697
         401,3058.04626575676,           1.00169946302396,                  -0.0044097842937052
         402,3058.04534697297,           1.00163265444521,                 -0.00457753582769477
         403,3058.04442818919,           1.00190483937662,                 -0.00423674238572658
         404, 3058.0435094054,           1.00183969887213,                  -0.0028798232804914
         405,3058.04259062162,           1.00177461087254,                 -0.00186266408377247
         406,3058.04167183784,           1.00221736996225,                -0.000507794647844412
         407,3058.04075305405,           1.00198298557767,                 0.000169196721644321
         408,3058.03983427027,           1.00208704711585,                 0.000845643077734894
         409,3058.03891548649,           1.00185459752529,                  0.00135248680057413
         410, 3058.0379967027,           1.00196032041099,                  0.00185892452766418
         411,3058.03707791892,           1.00223488412557,                   0.0027028077104347
         412,3058.03615913513,           1.00217151232494,                  0.00320829970247242
         413,3058.03524035135,            1.0019394008956,                  0.00337580660679111
         414,3058.03432156756,           1.00221533456951,                  0.00320573928566005
         415,3058.03340278378,           1.00249104858472,                  0.00286715138390651
         416,     3058.032484,           1.00242767550071,                  0.00269741722300897
         417,3058.03156521622,           1.00219920963271,                  0.00235930535309532
         418,3058.03064643243,           1.00230614641082,                  0.00168454814522826
         419,3058.02972764865,           1.00241468614132,                  0.00151549339413268
         420,3058.02880886486,           1.00252145254519,                  0.00117824885289058
         421,3058.02789008108,           1.00229331170699,                  0.00100952826426758
         422, 3058.0269712973,           1.00273810404795,                 0.000840941046668864
         423,3058.02605251351,           1.00284798741102,                  0.00084061021576783
         424,3058.02513372973,           1.00261998753027,                 0.000504166939757092
         425,3058.02421494594,           1.00256184116585,                                    0
         426,3058.02329616216,           1.00267166407225,                -0.000839617873113589
         427,3058.02237737838,           1.00278140070467,                 -0.00134286093164334
         428,3058.02145859459,           1.00305884287481,                 -0.00218129223107603
         429,3058.02053981081,           1.00266684557455,                 -0.00251589205145838
         430,3058.01962102702,           1.00311345761456,                 -0.00335321229354691
         431,3058.01870224324,           1.00305693542224,                 -0.00368709316278852
         432,3058.01778345946,           1.00300045735615,                 -0.00402071337507057
         433,3058.01686467567,           1.00294402336463,                 -0.00452153759072381
         434,3058.01594589189,           1.00288931222316,                 -0.00485458021273105
         435, 3058.0150271081,           1.00300197789179,                 -0.00468536125808643
         436,3058.01410832433,           1.00294728672316,                 -0.00434900424529722
         437,3058.01318954054,           1.00289263798552,                 -0.00384570368017122
         438,3058.01227075676,           1.00300517130145,                 -0.00334279343876504
         439,3058.01135197297,           1.00328636850433,                 -0.00300735297803129
         440,3058.01043318919,           1.00306464138685,                 -0.00267216687682146
         441, 3058.0095144054,           1.00317865227815,                 -0.00217029829915392
         442,3058.00859562162,           1.00312736763759,                 -0.00183570138812401
         443,3058.00767683784,           1.00307444904305,                 -0.00100090581976689
         444,3058.00675805406,           1.00302324379218,                -0.000667014625963211
         445,3058.00583927027,            1.0033037848506,                -0.000833447237789165
         446,3058.00492048648,           1.00291927991096,                 -0.00133300452555036
         447, 3058.0040017027,           1.00336954946642,                 -0.00183218211223948
         448,3058.00308291892,           1.00315181141745,                 -0.00216447693749823
         449,3058.00216413514,           1.00326877883482,                 -0.00199721721068644
         450,3058.00124535135,           1.00338398778171,                 -0.00232919512998573
         451,3058.00032656757,           1.00333446976941,                 -0.00199569263007342
         452,3057.99940778378,           1.00328665736805,                 -0.00182869150473049
         453,     3057.998489,           1.00356957683564,                 -0.00216035842008003
         454,3057.99757021622,           1.00318947473338,                 -0.00282401408684674
         455,3057.99665143243,           1.00347388277804,                 -0.00315505606036453
         456,3057.99573264865,           1.00326009733814,                 -0.00348584745931518
         457,3057.99481386486,           1.00354426347019,                 -0.00414824844357718
         458,3057.99389508108,            1.0034964802983,                 -0.00464428123113261
         459,3057.99297629729,           1.00361620177776,                 -0.00497414274794858
         460,3057.99205751351,           1.00323860604032,                 -0.00480652892370215
         461,3057.99113872973,           1.00319265440966,                 -0.00497040126049376
         462,3057.99021994594,           1.00314673733024,                 -0.00496853262669758
         463,3057.98930116216,           1.00326807124197,                 -0.00463556204534242
         464,3057.98838237837,           1.00322382052521,                 -0.00347537120274323
         465,3057.98746359459,           1.00334503488961,                 -0.00347407184380573
         466,3057.98654481081,           1.00313541832037,                 -0.00330740329152776
         467,3057.98562602703,           1.00342188352371,                 -0.00396740118691419
         468,3057.98470724324,           1.00321405259809,                 -0.00429641992547364
         469,3057.98378845946,           1.00316990457249,                 -0.00495555691374523
         470,3057.98286967567,           1.00329256975657,                 -0.00478859192280129
         471,3057.98195089189,            1.0032500812933,                 -0.00445668841640656
         472,3057.98103210811,           1.00320927968584,                 -0.00379503510407471
         473,3057.98011332432,             1.003166853599,                 -0.00412350729036089
         474,3057.97919454054,           1.00312611293578,                 -0.00329758748499598
         475,3057.97827575676,           1.00292058385306,                 -0.00313155153544916
         476,3057.97735697297,           1.00320947949756,                 -0.00313039581383701
         477,3057.97643818919,           1.00300572322642,                 -0.00247045744637049
         478,3057.97551940541,           1.00280211656937,                 -0.00263418713923984
         479,3057.97460062162,           1.00276158532772,                 -0.00197491203412648
         480,3057.97368183784,           1.00255986733438,                 -0.00213870664183573
         481,3057.97276305405,           1.00285001488323,                 -0.00164455561640411
         482,3057.97184427027,           1.00297555442305,                 -0.00164395271991978
         483,3057.97092548648,           1.00293831510307,                 -0.00131468237273875
         484, 3057.9700067027,           1.00273682757986,                 -0.00164275364937723
         485,3057.96908791892,           1.00269970244156,                -0.000985292861881647
         486,3057.96816913513,           1.00282675999462,                -0.000984933796033343
         487,3057.96725035135,           1.00262717858086,                -0.000328192202481461
         488,3057.96633156756,           1.00275581509793,                 0.000492109838916046
         489,3057.96541278378,            1.0025564040463,                  0.00163977167819153
         490,     3057.964494,           1.00268497300274,                  0.00213093095455872
         491,3057.96357521621,           1.00248573202924,                  0.00278559291345163
         492,3057.96265643243,           1.00261587576146,                  0.00262078974222895
         493,3057.96173764865,           1.00241844502336,                  0.00278358601198907
         494,3057.96081886486,            1.0027122006472,                  0.00310994642708076
         495,3057.95990008108,           1.00235125490254,                  0.00392693929442718
         496, 3057.9589812973,           1.00248125970137,                  0.00457978059579674
         497,3057.95806251351,           1.00228580024264,                   0.0053956658088103
         498,3057.95714372973,           1.00241737370898,                  0.00555718094017695
         499,3057.95622494594,           1.00222207698843,                  0.00539180445722502
         500,3057.95530616216,           1.00235357912256,                  0.00522654628188397
         501,3057.95438737838,           1.00216008111325,                  0.00473487167681399
         502,3057.95346859459,           1.00212993414342,                  0.00375390691942973
         503,3057.95254981081,           1.00209980861884,                  0.00277363997826772
         504,3057.95163102703,           1.00239589908193,                  0.00146787554372557
         505,3057.95071224324,           1.00220266112768,                 0.000652157254678821
         506,3057.94979345946,           1.00233715688288,                -0.000488944954577014
         507,3057.94887467568,           1.00214570947713,                 -0.00114046821107786
         508,3057.94795589189,           1.00195439739414,                 -0.00146579804560261
         509,3057.94703710811,           1.00208883830959,                  -0.0019537069146572
         510,3057.94611832432,           1.00206043285365,                  -0.0016275141024097
         511,3057.94519954054,           1.00203367770276,                 -0.00146424794598552
         512,3057.94428075676,           1.00216957841221,                 -0.00113845943669027
         513,3057.94336197297,           1.00198022377504,                -0.000975479692138609
         514,3057.94244318919,           1.00211604783373,                  -0.0016252287509467
         515, 3057.9415244054,            1.0020909387779,                 -0.00227452547712234
         516,3057.94060562162,           1.00190181069919,                 -0.00227372756521132
         517,3057.93968683784,           1.00203914641591,                 -0.00243528632473082
         518,3057.93876805405,           1.00201571674798,                 -0.00210984844796302
         519,3057.93784927027,           1.00199067772274,                 -0.00194687307847683
         520,3057.93693048648,           1.00212946429295,                 -0.00113528180127054
         521, 3057.9360117027,           1.00194227645176,                 -0.00048637974585037
         522,3057.93509291892,           1.00224305366473,                -0.000162070351498178
         523,3057.93417413513,            1.0022212177328,                -0.000648057690095572
         524,3057.93325535135,           1.00187385718196,                 -0.00064783307932878
         525,3057.93233656757,           1.00201406608209,                 -0.00129521934539614
         526,3057.93141778378,           1.00183048510283,                 -0.00194215926029628
         527,     3057.930499,           1.00180882148323,                 -0.00275044411582929
         528,3057.92958021621,           1.00194890788378,                 -0.00274949659951965
         529,3057.92866143243,           1.00192883831549,                 -0.00258687452203451
         530,3057.92774264865,           1.00190716317559,                 -0.00242435996896819
         531,3057.92682386486,           1.00172555304945,                 -0.00177725501347482
         532,3057.92590508108,           1.00154406729291,                 -0.00096907989094621
         533, 3057.9249862973,           1.00168723914395,                 -0.00048437487386071
         534,3057.92406751351,           1.00199009953726,                -0.000322806088768446
         535,3057.92314872973,           1.00197167372834,                -0.000322696191216855
         536,3057.92222994595,           1.00195326046107,                -0.000483879552701741
         537,3057.92131116216,           1.00177523665791,                -0.000483715710602565
         538,3057.92039237838,           1.00175690269338,                -0.000805918666688158
         539,3057.91947359459,           1.00174019528858,                 -0.00080564596693629
         540,3057.91855481081,           1.00156242449624,                -0.000644298761335631
         541,3057.91763602702,           1.00170681437589,                 -0.00128816179312122
         542,3057.91671724324,           1.00185110663984,                 -0.00112676056338028
         543,3057.91579845946,           1.00151417873102,                -0.000965469966643013
         544,3057.91487967567,           1.00165843881551,                -0.000643429220372899
         545,3057.91396089189,           1.00164340915742,                -0.000160803244366258
         546,3057.91304210811,           1.00162838959824,                                    0
         547,3057.91212332432,           1.00161498967531,                 0.000803477450405354
         548,3057.91120454054,           1.00159998971894,                  0.00128513230437074
         549,3057.91028575676,            1.0015866082555,                  0.00144529092100361
         550,3057.90936697297,            1.0015732357285,                  0.00176587683811725
         551,3057.90844818919,           1.00139939145729,                  0.00160480671707899
         552, 3057.9075294054,           1.00154812420288,                  0.00128341902829137
         553,3057.90661062162,           1.00169675819752,                 0.000481122362246649
         554,3057.90569183784,           1.00168336673347,                 -0.00112224448897796
         555,3057.90477305405,            1.0013526594824,                 -0.00144240940066287
         556,3057.90385427027,           1.00134099586166,                 -0.00176236015271652
         557,3057.90293548649,           1.00164966286016,                 -0.00144145298460849
         558, 3057.9020167027,           1.00163951224511,                -0.000640434470744953
         559,3057.90109791892,            1.0014693124962,                                    0
         560,3057.90017913513,           1.00145922801718,                 0.000480009216176951
         561,3057.89926035135,           1.00128919983237,                  0.00111965245987645
         562,3057.89834156757,           1.00128078234855,                  0.00111928544816989
         563,3057.89742278378,           1.00111252485598,                 0.000799227626421826
         564,     3057.896504,           1.00142375708882,                -0.000159793163728869
         565,3057.89558521621,           1.00125556297463,                 -0.00111818585526841
         566,3057.89466643243,           1.00140685606793,                 -0.00175657397811309
         567,3057.89374764865,           1.00124037591212,                 -0.00191563847432166
         568,3057.89282886486,           1.00139317329129,                 -0.00191501483338573
         569,3057.89191008108,           1.00138633858249,                 -0.00159532633197784
         570, 3057.8909912973,           1.00137950832091,                -0.000797403653703541
         571,3057.89007251351,            1.0013726825022,                 0.000318857724089223
         572,3057.88915372973,           1.00136745707173,                 0.000956263686524013
         573,3057.88823494595,            1.0010435835544,                  0.00143393160146261
         574,3057.88731616216,           1.00119774212867,                  0.00207056485009111
         575,3057.88639737838,           1.00119257830972,                  0.00286600928905455
         576,3057.88547859459,           1.00134818297724,                  0.00334260242290924
         577,3057.88455981081,            1.0010247336329,                  0.00381888310398819
         578,3057.88364102703,           1.00118029198706,                  0.00397672502378082
         579,3057.88272224324,           1.00117673250008,                   0.0041344655408199
         580,3057.88180345946,            1.0011731752991,                  0.00349727053931091
         581,3057.88088467567,           1.00117121140127,                  0.00286048917543221
         582,3057.87996589189,           1.00116924875767,                  0.00222411448470445
         583,3057.87904710811,           1.00116728736709,                  0.00190577529321147
         584,3057.87812832432,           1.00116532722833,                  0.00111134749295882
         585,3057.87720954054,           1.00116336834019,                 0.000634853118795303
         586,3057.87629075676,           1.00116141070148,                                    0
         587,3057.87537197297,           1.00116104227336,                -0.000475836997278212
         588,3057.87445318919,           1.00131923611155,                -0.000634248130553635
         589,3057.87353440541,           1.00116030611792,                -0.000317023529486358
         590,3057.87261562162,           1.00084301533274,                -0.000633846114840239
         591,3057.87169683784,           1.00116115684805,                -0.000475234726351924
         592,3057.87077805405,            1.0010040128843,                -0.000791808268378662
         593,3057.86985927027,           1.00132031801617,                -0.000791557563649144
         594,3057.86894048649,           1.00116480761683,                -0.000791309522302268
         595, 3057.8680217027,           1.00100781093024,                -0.000474636230882048
         596,3057.86710291892,            1.0011672376325,                -0.000158162280826619
         597,3057.86618413513,           1.00117003446858,                 0.000316225532049458
         598,3057.86526535135,           1.00085670298961,                 0.000632253128862671
         599,3057.86434656757,           1.00117562289052,                 0.000632055317481386
         600,3057.86342778378,           1.00102045007219,                 0.000473893222379134
         601,     3057.862509,           1.00086695480939,                 0.000631661063306651
         602,3057.86159021621,           1.00086984113954,                 0.000315731811085028
         603,3057.86067143243,           1.00087430521143,                                    0
         604,3057.85975264865,           1.00072099873312,                -0.000157767775300824
         605,3057.85883386486,           1.00104252262085,                -0.000630876018667621
         606,3057.85791508108,           1.00073158887228,                -0.000157670015577798
         607, 3057.8569962973,           1.00073766770907,                 0.000315242610713205
         608,3057.85607751351,           1.00042859754061,                 0.000630290500891861
         609,3057.85515872973,           1.00059229014656,                 0.000787619875745088
         610,3057.85423994595,            1.0004409309943,                 0.000944852130641555
         611,3057.85332116216,           1.00060451877786,                  0.00047228029520667
         612,3057.85240237838,           1.00045482372826,                 0.000157378452686529
         613,3057.85148359459,            1.0006198808696,                -0.000629320679792198
         614,3057.85056481081,           1.00031299101448,                -0.000629127667304707
         615,3057.84964602703,           1.00032075673432,                -0.000471701079881006
         616,3057.84872724324,           1.00017133219426,                -0.000471556497969949
         617,3057.84780845946,           1.00033784580089,                 0.000314275163619507
         618,3057.84688967567,           1.00034559678281,                  0.00125671557384775
         619,3057.84597089189,           1.00035491398832,                  0.00235562381629903
         620,3057.84505210811,          0.999893244244609,                  0.00329686891649188
         621,3057.84413332432,           1.00006120901938,                  0.00392365508874523
         622,3057.84321454054,           1.00007060429431,                  0.00470695295400523
         623,3057.84229575676,           1.00039526435657,                  0.00439182618406771
         624,3057.84137697297,          0.999935710578432,                  0.00360647974648015
         625,3057.84045818919,           1.00010345897851,                  0.00297836453300812
         626,3057.83953940541,           1.00011439729082,                  0.00250733788101741
         627,3057.83862062162,            1.0001253289886,                  0.00250657977190124
         628,3057.83770183784,          0.999981206304658,                  0.00281905430125041
         629,3057.83678305405,           1.00015030436634,                  0.00281820686890954
         630,3057.83586427027,           1.00000626079988,                  0.00297387994290151
         631,3057.83494548649,           1.00033172270485,                  0.00312945947975866
         632, 3057.8340267027,           1.00003128519585,                  0.00250281566762608
         633,3057.83310791892,           1.00004378612355,                  0.00218930617759652
         634,3057.83218913513,           1.00005784295793,                  0.00187598782483902
         635,3057.83127035135,           1.00007189140023,                  0.00156285652664514
         636,3057.83035156757,           1.00008593145794,                  0.00156239014444297
         637,3057.82943278378,           1.00009996313859,                  0.00124953923240805
         638,     3057.828514,          0.999959402023028,                  0.00124916852220241
         639,3057.82759521621,           1.00012956259356,                  0.00109269657221085
         640,3057.82667643243,          0.999989076274136,                 0.000312106453269081
         641,3057.82575764865,           1.00000468020911,                -0.000156006970391437
         642,3057.82483886486,            1.0000202748964,                 0.000467882224686402
         643,3057.82392008108,           1.00003586034423,                  0.00109140178085588
         644, 3057.8230012973,            1.0000514365608,                  0.00155868366047506
         645,3057.82208251351,           1.00022438434545,                  0.00186986954543471
         646,3057.82116372973,           1.00008567712187,                  0.00171354243743623
         647,3057.82024494594,          0.999947051549988,                  0.00124584588263509
         648,3057.81932616216,           1.00011987738256,                  0.00062273964967781
         649,3057.81840737838,           1.00013696242249,                 0.000622556465871454
         650,3057.81748859459,          0.999844406410456,                 0.000311187179088222
         651,3057.81656981081,            1.0000171102632,                  0.00108883493106897
         652,3057.81565102703,            1.0001912679197,                  0.00186602848492482
         653,3057.81473224324,           1.00005440992437,                  0.00264276775512425
         654,3057.81381345946,           1.00007304340799,                  0.00264199560807083
         655,3057.81289467567,          0.999936299893885,                  0.00264122391208764
         656,3057.81197589189,          0.999956510123822,                  0.00201917282255509
         657,3057.81105710811,           1.00013198450347,                  0.00124220709144973
         658,3057.81013832432,           1.00015057365458,                 0.000465691715189156
         659,3057.80921954054,           1.00032588960102,                                    0
         660,3057.80830075676,           1.00019082281869,                -0.000465421508989616
         661,3057.80738197297,           1.00005738542689,                -0.000620382993441001
         662,3057.80646318919,          0.999922474610435,                 -0.00062020311652066
         663, 3057.8055444054,          0.999944197812554,                                    0
         664,3057.80462562162,           1.00012086989131,                 0.000619845596461921
         665,3057.80370683784,           1.00029744015566,                  0.00154916747739765
         666,3057.80278805405,           1.00016416444941,                  0.00201333758715429
         667,3057.80186927027,           1.00034062054871,                  0.00247724035424537
         668,3057.80095048649,           1.00020740915015,                  0.00232174421808298
         669, 3057.8000317027,           1.00007582193296,                   0.0018568636644276
         670,3057.79911291892,           1.00009900438713,                  0.00108286048425521
         671,3057.79819413513,            1.0002768236726,                 0.000463950289273005
         672,3057.79727535135,           1.00014532951148,                -0.000154605863272759
         673,3057.79635656757,           1.00032303385982,                -0.000154561655417154
         674,3057.79543778378,           1.00019160166632,                -0.000154517472835828
         675,     3057.794519,           1.00037073652991,                -0.000154473554127533
         676,3057.79360021622,           1.00024091027019,                                    0
         677,3057.79268143243,          0.999956771978361,                                    0
         678,3057.79176264865,          0.999981478966279,                -0.000617367790687624
         679,3057.79084386486,           1.00016047005382,                -0.000925788772033773
         680,3057.78992508108,           1.00003085086691,                 -0.00123403467637441
         681, 3057.7890062973,           1.00021126880022,                 -0.00154210803083599
         682,3057.78808751351,           1.00039004265803,                 -0.00169583764358734
         683,3057.78716872973,           1.00041613365597,                 -0.00184948291540157
         684,3057.78624994595,           1.00028812982174,                 -0.00169488130438065
         685,3057.78533116216,           1.00000616146742,                 -0.00154036685376989
         686,3057.78441237838,           1.00018633186475,                 -0.00123194621322833
         687,3057.78349359459,           1.00036794080925,                -0.000769750646975419
         688,3057.78257481081,           1.00024009456032,                -0.000769533847176734
         689,3057.78165602703,            1.0002677227869,                 -0.00076931835316636
         690,3057.78073724324,           1.00029533554425,                -0.000769102979812585
         691,3057.77981845946,           1.00016915529994,                -0.000768887727014101
         692,3057.77889967567,            1.0000430456653,                 -0.00092240711360366
         693,3057.77798089189,           1.00037808113068,                  -0.0015369151653567
         694,3057.77706210811,           1.00009987170327,                 -0.00199743406546974
         695,3057.77614332432,           1.00028109865027,                 -0.00245769311707682
         696,3057.77522454054,            1.0000030712625,                  -0.0029176993786836
         697,3057.77430575676,            1.0000322392954,                 -0.00276336817735911
         698,3057.77338697297,           1.00006139112284,                 -0.00230216710663638
         699,3057.77246818919,           1.00009052675833,                 -0.00184122220329855
         700,3057.77154940541,          0.999967787507996,                 -0.00122714255254854
         701,3057.77063062162,            1.0001502832379,                -0.000613400971013737
         702,3057.76971183784,           1.00002759542652,                -0.000919847550599281
         703,3057.76879305405,            1.0000582409397,                -0.000766328153976783
         704,3057.76787427027,           0.99993411405623,                  -0.0012257850003754
         705,3057.76695548649,          0.999964768398172,                 -0.00107226614258382
         706, 3057.7660367027,           1.00015007611003,                -0.000918833326697315
         707,3057.76511791892,            1.0000275574036,                -0.000153096686681507
         708,3057.76419913513,          0.999752051695691,                 0.000918327052996654
         709,3057.76328035135,          0.999937264838778,                  0.00229518882518465
         710,3057.76236156757,          0.999816435171021,                  0.00244753105305024
         711,3057.76144278378,          0.999848600471938,                  0.00214100342713477
         712,     3057.760524,           0.99988074816765,                   0.0010702087518614
         713,3057.75960521622,          0.999912878272605,                                    0
         714,3057.75868643243,           1.00009779413113,                 -0.00122242663912132
         715,3057.75776764865,          0.999978613350769,                 -0.00244418848359491
         716,3057.75684886486,           1.00001069040139,                 -0.00290168037837912
         717,3057.75593008108,           1.00019695528504,                 -0.00351160585735857
         718, 3057.7550112973,          0.999925207853481,                 -0.00427383694396237
         719,3057.75409251351,          0.999958799194906,                 -0.00488305838154082
         720,3057.75317372973,          0.999839818155468,                 -0.00503428654243675
         721,3057.75225494595,            0.9998734144396,                 -0.00457538170121842
         722,3057.75133616216,          0.999906992487738,                 -0.00426919728418064
         723,3057.75041737838,          0.999942076526055,                  -0.0033534642810325
         724,3057.74949859459,          0.999975617784388,                 -0.00228583271361869
         725,3057.74857981081,          0.999858316587776,                 -0.00167582530587621
         726,3057.74766102703,          0.999588771951201,                 -0.00121845347792315
         727,3057.74674224324,          0.999623903877749,                -0.000913593819233282
         728,3057.74582345946,           0.99996346609349,                -0.000761123052286109
         729,3057.74490467568,           0.99969411095098,                -0.000608734425910172
         730,3057.74398589189,          0.999578564288724,                 -0.00121714284844898
         731,3057.74306710811,            0.9996136611839,                -0.000912611376613421
         732,3057.74214832432,          0.999498198074905,                 -0.00121648951538099
         733,3057.74122954054,            0.9992307762471,                 -0.00106414353167955
         734,3057.74031075676,          0.999571416847269,                 -0.00136781857254454
         735,3057.73939197297,          0.999456057663965,                -0.000911635200058345
         736,3057.73847318919,          0.999340760161256,                -0.000303797160711736
         737,3057.73755440541,          0.999377382272099,                 0.000455573947244537
         738,3057.73663562162,          0.999263684462224,                  0.00197362927651305
         739,3057.73571683784,          0.999148530570181,                  0.00303554163928355
         740,3057.73479805405,          0.999186690863625,                  0.00303473558348861
         741,3057.73387927027,           0.99937501137722,                  0.00273053281797055
         742,3057.73296048649,          0.999261435242126,                   0.0022748401166538
         743, 3057.7320417027,          0.999299535146052,                  0.00227423653879393
         744,3057.73112291892,          0.999035978027575,                  0.00242521250924612
         745,3057.73020413513,          0.999225653156259,                  0.00333378288890472
         746,3057.72928535135,          0.998960741479141,                  0.00454486233611984
         747,3057.72836656757,          0.999151849271499,                  0.00560385302759519
         748,3057.72744778378,          0.999038512495552,                   0.0062080295562773
         749,     3057.726529,          0.999683625260933,                  0.00635776987597807
         750,3057.72565691111,           0.99911771337943,                  0.00575075327301096
         751,3057.72478482222,          0.999157282546368,                   0.0045388731793445
         752,3057.72391273333,          0.999045574931443,                  0.00317637503006212
         753,3057.72304064444,          0.999387574568467,                   0.0016633777152751
         754,3057.72216855556,          0.999275865144623,                 0.000755881894965675
         755,3057.72129646667,          0.999316861431689,                 0.000453410554188607
         756,3057.72042437778,          0.999205229168996,                 0.000604388464641764
         757,3057.71955228889,          0.999548337686311,                  0.00060423051998568
         758,    3057.7186802,          0.999287194263726,                 0.000755090822324109
         759,3057.71780811111,          0.999479123417554,                 0.000452936158648438
         760,3057.71693602222,          0.999369073745921,                 0.000905635771405456
         761,3057.71606393333,          0.999711781207229,                  0.00075449945751489
         762,3057.71519184444,          0.999450867749644,                 0.000603442033358276
         763,3057.71431975556,          0.999491732738897,                 0.000904926874367494
         764,3057.71344766667,          0.999534083524198,                  0.00135703827903421
         765,3057.71257557778,          0.999725648269022,                  0.00150742709328863
         766,3057.71170348889,          0.999466509131133,                  0.00210985089382326
         767,    3057.7108314,          0.999358168882943,                  0.00241063330350175
         768,3057.70995931111,          0.999399004969129,                  0.00316313174142452
         769,3057.70908722222,          0.999591911105891,                  0.00376465769473445
         770,3057.70821513333,          0.999635674949792,                  0.00376368853520253
         771,3057.70734304444,          0.999677911663511,                  0.00346169707441445
         772,3057.70647095556,          0.999720126514853,                  0.00315986192908066
         773,3057.70559886667,          0.999461458154697,                  0.00270775229482007
         774,3057.70472677778,          0.999505210330727,                  0.00210548795435302
         775,3057.70385468889,          0.999699293339347,                   0.0013531799729364
         776,    3057.7029826,          0.999891773590351,                 0.000601257831383254
         777,3057.70211051111,          0.999785105561258,                 -0.00015027583128833
         778,3057.70123842222,          0.999978966788559,                -0.000600948898310432
         779,3057.70036633333,           0.99957193388256,                 -0.00165218501468192
         780,3057.69949424444,          0.999765750289809,                 -0.00255272120080005
         781,3057.69862215556,          0.999809345665316,                 -0.00330267351420975
         782,3057.69775006667,           1.00015458571778,                 -0.00405224697094539
         783,3057.69687797778,           1.00004801430826,                 -0.00435129668641255
         784,3057.69600588889,           1.00009300399917,                 -0.00450019350832086
         785,    3057.6951338,          0.999986502881635,                 -0.00449903945507634
         786,3057.69426171111,           1.00033134476498,                 -0.00434796297934418
         787,3057.69338962222,           1.00007644469227,                 -0.00419696349690999
         788,3057.69251753333,           1.00012138122847,                  -0.0034466274750157
         789,3057.69164544444,           1.00016629487527,                 -0.00239704324715463
         790,3057.69077335556,           1.00036096270701,                 -0.00104843939795614
         791,3057.68990126667,            1.0002560535706,                 0.000748694650876197
         792,3057.68902917778,           1.00030239611496,                  0.00164671151710035
         793,3057.68815708889,           1.00004789214689,                  0.00269393326229332
         794,     3057.687285,           1.00039351405055,                  0.00299250228552362
         795,3057.68641291111,           1.00043829010018,                  0.00299174129814647
         796,3057.68554082222,           1.00003589182205,                  0.00239278813655642
         797,3057.68466873333,           1.00023174278046,                  0.00119609177014106
         798,3057.68379664444,           1.00042749479084,                 -0.00029894740618283
         799,3057.68292455556,           1.00047371197415,                 -0.00134492358592493
         800,3057.68205246667,           1.00081870226727,                 -0.00283856625512436
         801,3057.68118037778,           1.00041671583117,                 -0.00388337333705739
         802,3057.68030828889,           1.00061222356613,                 -0.00492765309322224
         803,    3057.6794362,           1.00065834750298,                 -0.00582212077467049
         804,3057.67856411111,           1.00040744626709,                 -0.00671614725973729
         805,3057.67769202222,           1.00060280873058,                 -0.00731129400951363
         806,3057.67681993333,           1.00050122023259,                 -0.00730946172527164
         807,3057.67594784444,           1.00069795326696,                 -0.00715849504572489
         808,3057.67507575556,           1.00089458774415,                  -0.0065603101237513
         809,3057.67420366667,           1.00034582063834,                 -0.00566430355897136
         810,3057.67333157778,           1.00069146811796,                 -0.00476874564106844
         811,3057.67245948889,           1.00058998456505,                 -0.00327769202805704
         812,    3057.6715874,           1.00093539796119,                 -0.00223423079902051
         813,3057.67071531111,           1.00068499270334,                 -0.00178693748697025
         814,3057.66984322222,           1.00043471270254,                 -0.00148874213199783
         815,3057.66897113333,           1.00063255813953,                 -0.00163720930232558
         816,3057.66809904444,           1.00068001601088,                  -0.0020832000333312
         817,3057.66722695556,           1.00087770190863,                  -0.0028264976718585
         818,3057.66635486667,           1.00077783743346,                 -0.00342069999419968
         819,3057.66548277778,           1.00082522359099,                 -0.00386591231813485
         820,3057.66461068889,           1.00042811782754,                  -0.0044595607035403
         821,    3057.6637386,           1.00047705456702,                 -0.00460706902726939
         822,3057.66286651111,           1.00067454527625,                 -0.00416019113106682
         823,3057.66199442222,           1.00072339660702,                 -0.00386207634136596
         824,3057.66112233333,           1.00062371914818,                 -0.00282158662270932
         825,3057.66025024444,           1.00067404453445,                 -0.00207855142781636
         826,3057.65937815555,           1.00057442857715,                  -0.0014843115688728
         827,3057.65850606667,           1.00077313583002,                 -0.00118715674475685
         828,3057.65763397778,           1.00052518670833,                 -0.00118686261768485
         829,3057.65676188889,           1.00072380794172,                -0.000889927797191388
         830,    3057.6558898,            1.0006242780395,                -0.000444853709857513
         831,3057.65501771111,           1.00067452875642,                -0.000592992313337138
         832,3057.65414562222,           1.00072475474685,                -0.000148211604672223
         833,3057.65327353333,           1.00062678088007,                -0.000296350297906137
         834,3057.65240144444,           1.00067699391002,                -0.000740693555817926
         835,3057.65152935556,           1.00087528454153,                 -0.00177722749548658
         836,3057.65065726667,           1.00077734591893,                 -0.00296131778641495
         837,3057.64978517778,           1.00067945542906,                  -0.0038487671362656
         838,3057.64891308889,           1.00058161303642,                 -0.00503176672729452
         839,     3057.648041,           1.00063325600114,                 -0.00562236636522892
         840,3057.64716891111,           1.00068339353705,                 -0.00502930308651289
         841,3057.64629682222,           1.00058710180227,                 -0.00428865296368103
         842,3057.64542473333,           1.00078507441944,                 -0.00354835895790611
         843,3057.64455264444,           1.00054099276607,                 -0.00354749354799611
         844,3057.64368055556,           1.00059258252192,                 -0.00354662856011314
         845,3057.64280846667,           1.00049492882628,                 -0.00398897859986851
         846,3057.64193637778,           1.00054650458621,                 -0.00457882220876475
         847,3057.64106428889,           1.00059805521305,                 -0.00502071043052592
         848,    3057.6401922,           1.00050194874218,                 -0.00428132750679107
         849,3057.63932011111,           1.00040588908158,                 -0.00354230471200325
         850,3057.63844802222,           1.00045743629093,                 -0.00265608168926795
         851,3057.63757593333,           1.00021391005451,                 -0.00265543515943675
         852,3057.63670384444,            1.0002669541709,                 -0.00250730436757672
         853,3057.63583175556,           1.00046595024359,                 -0.00235924173970486
         854,3057.63495966667,            1.0003700160242,                 -0.00191641765521877
         855,3057.63408757778,           1.00027560267821,                 -0.00132643000207807
         856,3057.63321548889,            1.0003271065218,                -0.000442035840265929
         857,    3057.6323434,           1.00008543961629,                 0.000147309683254719
         858,3057.63147131111,           1.00043298586463,                  0.00117819282892935
         859,3057.63059922222,          0.999895460789698,                  0.00191409821679665
         860,3057.62972713333,          0.999948479027284,                  0.00250244724620401
         861,3057.62885504444,           1.00000147167251,                  0.00294334502331865
         862,3057.62798295556,          0.999907307003618,                  0.00294263480577875
         863,3057.62711086667,          0.999666091520343,                  0.00294192493090154
         864,3057.62623877778,           1.00001323546929,                  0.00235297231875128
         865,3057.62536668889,           1.00006616138968,                  0.00205835434570061
         866,    3057.6244946,          0.999972071925082,                  0.00176387841586079
         867,3057.62362251111,          0.999731073369945,                  0.00205736219714526
         868,3057.62275042222,          0.999785497894647,                  0.00235070800386691
         869,3057.62187833333,          0.999838427755174,                  0.00220325788399113
         870,3057.62100624445,          0.999597635152003,                  0.00176218181604584
         871,3057.62013415556,          0.999652052377128,                  0.00146813342983864
         872,3057.61926206667,          0.999704976214625,                 0.000587112010697181
         873,3057.61838997778,          0.999759341652677,                                    0
         874,3057.61751788889,          0.999666973285976,                -0.000146707803534778
         875,    3057.6166458,          0.999573182984228,                -0.000586690056043568
         876,3057.61577371111,          0.999627540860527,                 -0.00029327491297067
         877,3057.61490162222,          0.999535270342185,                                    0
         878,3057.61402953333,          0.999443043911591,                 0.000732836958433488
         879,3057.61315744444,          0.999204329152764,                  0.00131879145950651
         880,3057.61228535556,          0.999258723187314,                  0.00190446611954773
         881,3057.61141326667,          0.999459553670421,                   0.0021969362990997
         882,3057.61054117778,          0.999660288286389,                  0.00278212179250643
         883,3057.60966908889,          0.999714534581574,                  0.00307424296766921
         884,     3057.608797,          0.999476039797558,                   0.0038052975596334
         885,3057.60792491111,           0.99923765877841,                  0.00438968073851989
         886,3057.60705282222,          0.999438254845052,                  0.00497378522610242
         887,3057.60618073333,          0.999347710992094,                  0.00438759422358595
         888,3057.60530864444,          0.999548185504212,                  0.00409411193594469
         889,3057.60443655556,          0.999602381035914,                  0.00365458606696371
         890,3057.60356446667,          0.999658011732828,                   0.0033614231388677
         891,3057.60269237778,          0.999566041347347,                  0.00277616646478579
         892,3057.60182028889,          0.999475574786103,                  0.00248335059505463
         893,    3057.6009482,          0.999237646811407,                  0.00160649139358747
         894,3057.60007611111,           0.99929331098405,                  0.00102207089083699
         895,3057.59920402222,           0.99978687562587,                 0.000145975598718918
         896,3057.59833193333,          0.999550501453573,                -0.000437823259506602
         897,3057.59745984444,          0.999604593716396,                 -0.00116725102170941
         898,3057.59658775555,          0.999660118477156,                 -0.00160459088038067
         899,3057.59571566667,          0.999715617001728,                  -0.0021875615251679
         900,3057.59484357778,          0.999771089308704,                 -0.00320766573790163
         901,3057.59397148889,          0.999680766859227,                 -0.00437305672291875
         902,    3057.5930994,          0.999736221201112,                 -0.00437202429096696
         903,3057.59222731111,          0.999500249875062,                  -0.0043709923463924
         904,3057.59135522222,           0.99984705136889,                 -0.00349596871108004
         905,3057.59048313333,          0.999756796234565,                 -0.00276698894806362
         906,3057.58961104444,          0.999520987028795,                  -0.0023295463645245
         907,3057.58873895555,          0.999721975979307,                 -0.00203787240298636
         908,3057.58786686667,          0.999487740703658,                 -0.00203739492863297
         909,3057.58699477778,          0.999543149128346,                 -0.00218240862255097
         910,3057.58612268889,          0.999598531439643,                 -0.00145459623317759
         911,    3057.5852506,           0.99965534140833,                -0.000872553396632235
         912,3057.58437851111,          0.999856062599684,                -0.000290782626901173
         913,3057.58350642222,          0.999765975106147,                 0.000436071230781977
         914,3057.58263433333,          0.999532059721968,                  0.00130790760940647
         915,3057.58176224444,          0.999587379628177,                  0.00203404408645269
         916,3057.58089015556,          0.999498870643261,                  0.00246933306219088
         917,3057.58001806667,          0.999555623970747,                  0.00232353479348132
         918,3057.57914597778,          0.999610899461067,                  0.00275854859691507
         919,3057.57827388889,          0.999667599999419,                  0.00333851528967426
         920,    3057.5774018,            0.9995777045412,                  0.00348284914474286
         921,3057.57652971111,          0.999489301445625,                  0.00333695078142682
         922,3057.57565762222,          0.999691041509226,                  0.00333617149662104
         923,3057.57478553333,          0.999747670300794,                  0.00275532430167031
         924,3057.57391344444,           0.99965784010114,                  0.00217474511987195
         925,3057.57304135556,          0.999859399301635,                  0.00144949173572287
         926,3057.57216926667,          0.999771033739193,                 0.000579661419764715
         927,3057.57129717778,          0.999972472505103,                 0.000144881552087091
         928,3057.57042508889,          0.999739274023002,                 -0.00130362988499087
         929,     3057.569553,          0.999940626262597,                 -0.00289627987331672
         930,3057.56868091111,          0.999997104395238,                 -0.00376428618999221
         931,3057.56780882222,          0.999764063207901,                 -0.00434239494661025
         932,3057.56693673333,          0.999675843386047,                 -0.00448609599666582
         933,3057.56606464444,          0.999732343728524,                 -0.00405101383855263
         934,3057.56519255555,           0.99964417238257,                 -0.00390542506935746
         935,3057.56432046667,          0.999989877181287,                 -0.00332606900580905
         936,3057.56344837778,           0.99961253086741,                 -0.00318071676006408
         937,3057.56257628889,          0.999814982914829,                 -0.00303543655359425
         938,    3057.5617042,          0.999726874271123,                  -0.0030347303208577
         939,3057.56083211111,          0.999638806617063,                 -0.00303402441667269
         940,3057.55996002222,            0.9998396674327,                 -0.00274443133216141
         941,3057.55908793333,          0.999753058250815,                  -0.0024549764538876
         942,3057.55821584444,          0.999665045796325,                 -0.00231002899086384
         943,3057.55734375555,          0.999865760768368,                 -0.00202080563747036
         944,3057.55647166666,          0.999777763026117,                 -0.00173171667960644
         945,3057.55559957778,          0.999691248481491,                 -0.00115421128414662
         946,3057.55472748889,          0.999603332011107,                -0.000576971620208431
         947,    3057.5538554,          0.999516897762588,                                    0
         948,3057.55298331111,          0.999717414748643,                -0.000144176148651376
         949,3057.55211122222,           0.99962955328739,                                    0
         950,3057.55123913333,          0.999399063576768,                -0.000432328362037535
         951,3057.55036704445,          0.999311316595541,                 -0.00144076026037419
         952,3057.54949495555,          0.999369092443802,                 -0.00259277077889715
         953,3057.54862286667,           0.99956941182231,                 -0.00374424502339433
         954,3057.54775077778,          0.999483125263656,                  -0.0046072399896913
         955,3057.54687868889,          0.999251497005988,                  -0.0051819438046983
         956,    3057.5460066,          0.999309233248906,                 -0.00532466037301405
         957,3057.54513451111,          0.999366942909761,                 -0.00503568139963168
         958,3057.54426242222,          0.999279345110263,                 -0.00431529874093967
         959,3057.54339033333,          0.999193224814161,                 -0.00359525483885349
         960,3057.54251824445,          0.999105707655545,                 -0.00258798427655775
         961,3057.54164615556,          0.999307154705742,                 -0.00172492604379587
         962,3057.54077406667,          0.999077376760816,                 -0.00100597549443696
         963,3057.53990197778,          0.998846269340793,                -0.000862065249718751
         964,3057.53902988889,          0.998903992312145,                 -0.00100551164023368
         965,    3057.5381578,          0.998961688756511,                  -0.0014361151362227
         966,3057.53728571111,           0.99887434600077,                 -0.00157936147851207
         967,3057.53641362222,           0.99893202266868,                 -0.00157899874254282
         968,3057.53554153333,          0.998559135711046,                 -0.00143512379377845
         969,3057.53466944445,          0.998616858259537,                 -0.00143479433657979
         970,3057.53379735556,          0.998673121750045,                 -0.00114757037833961
         971,3057.53292526667,          0.998443964806356,                 -0.00129072043712399
         972,3057.53205317778,          0.998501673967123,                  -0.0011470438529203
         973,3057.53118108889,          0.998559356655987,                -0.000716737982095885
         974,     3057.530309,          0.998472267207058,                -0.000429943562741664
         975,3057.52943691111,          0.998529930107203,                -0.000143281665964586
         976,3057.52856482222,          0.998444317748816,                 -0.00014324882607587
         977,3057.52769273333,           0.99835874462582,                -0.000429648003712159
         978,3057.52682064444,          0.998416393902687,                -0.000572732765755162
         979,3057.52594855555,          0.998043136878782,                -0.000858901150498091
         980,3057.52507646667,          0.998100831941516,                 -0.00100182188465595
         981,3057.52420437778,          0.998015415939916,                 -0.00100159253212608
         982,3057.52333228889,          0.998073090936661,                 -0.00100136328458601
         983,    3057.5224602,          0.998130739537791,                -0.000572076652550675
         984,3057.52158811111,          0.997902388874511,                 0.000285972886910592
         985,3057.52071602222,          0.997529762925859,                 0.000857721206299105
         986,3057.51984393333,          0.997587496141137,                  0.00142920844719361
         987,3057.51897184444,          0.997502314788354,                  0.00171465804003155
         988,3057.51809975555,          0.997560027885396,                  0.00171426612267288
         989,3057.51722766667,          0.997474891740268,                  0.00142822865369454
         990,3057.51635557778,          0.997532584731726,                  0.00128511211889286
         991,3057.51548348889,          0.997160554983733,                 0.000999301916232803
         992,    3057.5146114,          0.997075568508626,                 0.000713624082814648
         993,3057.51373931111,          0.997133313071036,                 0.000142692231406846
         994,3057.51286722222,          0.997191031272424,                -0.000142659661126241
         995,3057.51199513333,          0.997106096025125,                -0.000427881317132796
         996,3057.51112304445,          0.997163794099152,                -0.000427783695452231
         997,3057.51025095555,          0.996936341772531,                -0.000142562039435511
         998,3057.50937886667,          0.997136581771328,                 0.000285059057110157
         999,3057.50850677778,          0.996765321971586,                  0.00028499365889109
        1000,3057.50763468889,          0.996965509381277,                 0.000569857393187355
        1001,    3057.5067626,          0.996880741785241,                 0.000997023173667194
        1002,3057.50589051111,          0.996796012815949,                  0.00156639373442506
        1003,3057.50501842222,          0.996711322447004,                  0.00270497287908771
        1004,3057.50414633333,          0.996769005223679,                  0.00370069886274677
        1005,3057.50327424444,          0.996542057404693,                  0.00483827359014131
        1006,3057.50240215556,          0.996599752450597,                  0.00554852110572067
        1007,3057.50153006667,          0.996229292042825,                  0.00554725048396205
        1008,3057.50065797778,          0.996429236744021,                  0.00540378350168015
        1009,3057.49978588889,          0.996486917999178,                   0.0051182093091697
        1010,    3057.4989138,          0.996260292723419,                  0.00469062486230173
        1011,3057.49804171111,          0.996460093990118,                  0.00454745051450139
        1012,3057.49716962222,          0.996517728894326,                  0.00383603916169757
        1013,3057.49629753333,          0.996291251131019,                  0.00326699440775783
        1014,3057.49542544444,          0.996348898207964,                  0.00213016440608886
        1015,3057.49455335555,           0.99597916891466,                 0.000851870992656872
        1016,3057.49368126667,          0.996320753110042,                 0.000141946253470586
        1017,3057.49280917778,                          1,                                    0
        1018,3057.49193708889,                          1,                                    0
        1019,     3057.491065,                          1,                                    0
        1020,3057.49019291111,                          1,                                    0
        1021,3057.48932082222,                          1,                                    0
        1022,3057.48844873333,                          1,                                    0
        1023,3057.48757664445,                          1,                                    0
