"SCAN INDEX",      WAVENUMBER,"SCIENCE DIRECT ABSORPTION","SCIENCE HARMONIC ABSORPTION SPECTRA"
           0,3058.39122071052,                          1,                                    0
           1,3058.39032610526,                          1,                                    0
           2,3058.38943149999,                          1,                                    0
           3,3058.38853689474,                          1,                                    0
           4,3058.38764228947,                          1,                                    0
           5,3058.38674768421,                          1,                                    0
           6,3058.38585307894,                          1,                                    0
           7,3058.38495847368,                          1,                                    0
           8,3058.38406386842,                          1,                                    0
           9,3058.38316926315,                          1,                                    0
          10,3058.38227465789,                          1,                                    0
          11,3058.38138005263,                          1,                                    0
          12,3058.38048544736,                          1,                                    0
          13, 3058.3795908421,                          1,                                    0
          14,3058.37869623684,                          1,                                    0
          15,3058.37780163157,                          1,                                    0
          16,3058.37690702632,                          1,                                    0
          17,3058.37601242105,                          1,                                    0
          18,3058.37511781578,                          1,                                    0
          19,3058.37422321052,                          1,                                    0
          20,3058.37332860526,                          1,                                    0
          21,     3058.372434,                          1,                                    0
          22,3058.37153939473,                          1,                                    0
          23,3058.37064478947,                          1,                                    0
          24, 3058.3697501842,                          1,                                    0
          25,3058.36885557895,                          1,                                    0
          26,3058.36796097368,                          1,                                    0
          27,3058.36706636842,                          1,                                    0
          28,3058.36617176315,                          1,                                    0
          29,3058.36527715789,                          1,                                    0
          30,3058.36438255263,                          1,                                    0
          31,3058.36348794736,                          1,                                    0
          32,3058.36259334211,                          1,                                    0
          33,3058.36169873684,                          1,                                    0
          34,3058.36080413157,                          1,                                    0
          35,3058.35990952631,                          1,                                    0
          36,3058.35901492105,                          1,                                    0
          37,3058.35812031579,                          1,                                    0
          38,3058.35722571053,                          1,                                    0
          39,3058.35633110526,                          1,                                    0
          40,3058.35543649999,                          1,                                    0
          41,3058.35454189473,                          1,                                    0
          42,3058.35364728947,                          1,                                    0
          43,3058.35275268421,                          1,                                    0
          44,3058.35185807894,                          1,                                    0
          45,3058.35096347368,                          1,                                    0
          46,3058.35006886841,                          1,                                    0
          47,3058.34917426315,                          1,                                    0
          48,3058.34827965789,                          1,                                    0
          49,3058.34738505263,                          1,                                    0
          50,3058.34649044737,                          1,                                    0
          51, 3058.3455958421,                          1,                                    0
          52,3058.34470123683,                          1,                                    0
          53,3058.34380663157,                          1,                                    0
          54,3058.34291202632,                          1,                                    0
          55,3058.34201742105,                          1,                                    0
          56,3058.34112281579,                          1,                                    0
          57,3058.34022821052,                          1,                                    0
          58,3058.33933360526,                          1,                                    0
          59,     3058.338439,                          1,                                    0
          60,3058.33754439473,                          1,                                    0
          61,3058.33664978947,                          1,                                    0
          62,3058.33575518421,                          1,                                    0
          63,3058.33486057894,                          1,                                    0
          64,3058.33396597368,                          1,                                    0
          65,3058.33307136841,                          1,                                    0
          66,3058.33217676316,                          1,                                    0
          67,3058.33128215789,                          1,                                    0
          68,3058.33038755263,                          1,                                    0
          69,3058.32949294736,                          1,                                    0
          70, 3058.3285983421,                          1,                                    0
          71,3058.32770373684,                          1,                                    0
          72,3058.32680913158,                          1,                                    0
          73,3058.32591452631,          0.984073896195827,                -0.000192880026694596
          74,3058.32501992105,          0.987984184541951,                 0.000578332205585532
          75,3058.32412531578,          0.991890314040797,                 0.000770699544709244
          76,3058.32323071052,          0.994829428926312,                  0.00115543487680176
          77,3058.32233610526,          0.996803070284336,                  0.00134729127089986
          78,3058.32144149999,          0.997620407935564,                  0.00192367992274501
          79,3058.32054689473,          0.997667814494158,                    0.002307190937354
          80,3058.31965228947,          0.997136762812506,                  0.00365110782297892
          81,3058.31875768421,          0.996416128573788,                  0.00422535752286495
          82,3058.31786307894,          0.995312338033793,                  0.00479899873690353
          83,3058.31696847369,          0.994401574772936,                  0.00422088262492853
          84,3058.31607386842,          0.993683532312932,                  0.00402689196807633
          85,3058.31517926315,          0.993541215478084,                  0.00306648523295705
          86,3058.31428465789,          0.993399049125939,                  0.00268175601383786
          87,3058.31339005263,          0.993448485799947,                  0.00172307503800338
          88,3058.31249544737,          0.993306518585988,                  0.00114811001955614
          89, 3058.3116008421,          0.993547202576529,                  0.00133875465217242
          90,3058.31070623684,           0.99378763261015,                  0.00133804836089076
          91,3058.30981163157,          0.993836760115088,                  0.00171944076144479
          92,3058.30891702631,          0.994076784125323,                  0.00229137944861773
          93,3058.30802242105,          0.994507402982568,                  0.00286271561019737
          94,3058.30712781578,          0.994746821197359,                  0.00419643913065041
          95,3058.30623321052,          0.994795340590624,                  0.00533811221474463
          96,3058.30533860526,           0.99446271574639,                  0.00647858446740319
          97,3058.30444399999,           0.99432088702336,                  0.00780830422676839
          98,3058.30354939473,          0.994750246498578,                  0.00799454847932267
          99,3058.30265478946,          0.994608415741752,                  0.00780010425505199
         100,3058.30176018421,          0.995037173660893,                  0.00703542431214466
         101,3058.30086557895,          0.994515247460024,                  0.00589145283226844
         102,3058.29997097368,          0.994563710201306,                  0.00493862804912795
         103,3058.29907636841,          0.994801969859778,                  0.00322741097091913
         104,3058.29818176314,          0.995039979962582,                  0.00151798623945474
         105,3058.29728715789,          0.995088091941816,                 0.000568946879326367
         106,3058.29639255263,          0.995325703324323,                 -0.00113729846123518
         107,3058.29549794736,          0.995373615589514,                 -0.00189450631060052
         108, 3058.2946033421,          0.995423362626085,                 -0.00246157574931313
         109,3058.29370873684,          0.995660426992788,                 -0.00302804919822935
         110,3058.29281413159,          0.995708089560765,                 -0.00302646835732755
         111,3058.29191952631,          0.995944757961603,                 -0.00245772244751345
         112,3058.29102492105,          0.995992222530852,                 -0.00245644069301861
         113,3058.29013031578,           0.99585077913567,                 -0.00245516027475132
         114,3058.28923571053,          0.995898243209828,                 -0.00207636100745036
         115,3058.28834110526,          0.995947536826854,                 -0.00264127022458343
         116,    3058.2874465,          0.995994901230191,                 -0.00301702355541141
         117,3058.28655189474,          0.996607614021862,                 -0.00320392009046363
         118,3058.28565728946,          0.996277850194772,                 -0.00320225438708851
         119,3058.28476268421,          0.996324969123716,                 -0.00357713046359611
         120,3058.28386807894,          0.996562086608321,                 -0.00338710678983191
         121,3058.28297347368,          0.996420934243365,                 -0.00357342350898904
         122,3058.28207886841,          0.996655883032977,                 -0.00244370548461499
         123,3058.28118426315,          0.997078468027543,                 -0.00225455843533645
         124,3058.28028965789,          0.996939139578991,                 -0.00150226278331737
         125,3058.27939505263,          0.996798084105659,                 -0.00131379901877982
         126,3058.27850044736,          0.996844763094608,                 -0.00168829560930589
         127, 3058.2776058421,          0.996893262861461,                 -0.00224990016068037
         128,3058.27671123685,          0.996752449717315,                 -0.00374789415197336
         129,3058.27581663158,           0.99717367566383,                 -0.00393325454337724
         130,3058.27492202631,          0.997034729606278,                 -0.00393122968864661
         131,3058.27402742104,          0.997455375519216,                 -0.00355499008344871
         132,3058.27313281578,          0.997316427763285,                 -0.00224410221885607
         133,3058.27223821053,          0.997175759003086,                -0.000934560223995395
         134,3058.27134360526,          0.997223913945069,                                    0
         135,     3058.270449,          0.997643596819789,                 0.000746878979464562
         136,3058.26955439473,          0.997131590390361,                    0.001119743504088
         137,3058.26865978947,          0.997550889458006,                  0.00111916704127675
         138, 3058.2677651842,          0.997412320931863,                  0.00111859325711985
         139,3058.26687057895,          0.997458372463963,                 0.000559008988864541
         140,3058.26597597368,          0.997506234413965,                                    0
         141,3058.26508136842,          0.997554047362876,                -0.000558436675142494
         142,3058.26418676315,          0.997599955348006,                 -0.00130234981115928
         143,3058.26329215789,           0.99746171654905,                 -0.00148763865257129
         144,3058.26239755263,          0.997695338636533,                 -0.00223031744851684
         145,3058.26150294736,          0.997557192350204,                 -0.00352953196548489
         146, 3058.2606083421,          0.997231665586688,                 -0.00482741078109363
         147,3058.25971373684,          0.997650621861465,                 -0.00593839655869919
         148,3058.25881913157,          0.997698190269336,                 -0.00686276873767716
         149,3058.25792452631,          0.997745710175449,                 -0.00704465570172186
         150,3058.25702992105,          0.997793181653946,                 -0.00704106609152274
         151,3058.25613531579,          0.997840604778819,                 -0.00592629906327435
         152,3058.25524071052,          0.997887979623909,                 -0.00462756436479275
         153,3058.25434610526,          0.997935306262904,                 -0.00388517638700797
         154,    3058.2534515,          0.997982584769347,                 -0.00295862911919762
         155,3058.25255689473,          0.997660174544326,                 -0.00221784403381473
         156,3058.25166228948,          0.998076997677989,                 -0.00129308513487802
         157,3058.25076768421,          0.997754866916782,                 -0.00184632654869871
         158,3058.24987307894,           0.99780214102098,                 -0.00202992852806192
         159,3058.24897847368,          0.997849367167989,                 -0.00184445354374859
         160,3058.24808386841,          0.997896545430747,                -0.000737407386241084
         161,3058.24718926316,          0.997943675882045,                                    0
         162,3058.24629465789,           0.99799259654874,                 0.000552496362732279
         163,3058.24540005263,          0.997855558521164,                 0.000920361149715148
         164,3058.24450544736,          0.997902638260294,                  0.00110387459984546
         165, 3058.2436108421,          0.998135391880312,                  0.00147109121868874
         166,3058.24271623684,          0.998182282678018,                  0.00147034768208878
         167,3058.24182163157,          0.998047258906281,                 0.000367401899100416
         168,3058.24092702632,          0.997910538743165,                -0.000734432779203801
         169,3058.24003242105,          0.998142819391021,                 -0.00165164283407229
         170,3058.23913781578,          0.998006188702225,                 -0.00238450293202149
         171,3058.23824321052,          0.998054856350867,                 -0.00274996745871841
         172,3058.23734860526,          0.997920236011984,                 -0.00384802147562462
         173,     3058.236454,          0.997967070200179,                  -0.0040292302338785
         174,3058.23555939473,          0.998015684149636,                 -0.00292887948393143
         175,3058.23466478947,          0.998064249356884,                 -0.00274444798173295
         176, 3058.2337701842,          0.997747022851625,                 -0.00182871521783656
         177,3058.23287557894,          0.997978453901072,                 -0.00127945955628343
         178,3058.23198097368,          0.997844276371077,                 -0.00109613065877453
         179,3058.23108636842,           0.99789283014458,                -0.000547791123592633
         180,3058.23019176316,           0.99775882962725,                -0.000730022922719773
         181,3058.22929715789,          0.997807377572501,                -0.000547243534317642
         182,3058.22840255262,          0.997855877011938,                  0.00036464676667712
         183,3058.22750794737,          0.997904328018223,                 0.000911161731207289
         184, 3058.2266133421,          0.997770589263857,                 0.000910707000058285
         185,3058.22571873684,          0.997819034476732,                  0.00127435381159225
         186,3058.22482413158,          0.997687286992945,                 0.000909800553522657
         187,3058.22392952631,          0.998099464394511,                 0.000545608307795833
         188,3058.22303492105,          0.997967708746124,                  0.00018177918192097
         189,3058.22214031578,          0.997652582159624,                -0.000181688687335572
         190,3058.22124571053,           0.99770277755078,                   0.0003631972251732
         191,3058.22035110526,          0.997569603894442,                  0.00145206638121462
         192,    3058.2194565,          0.997801208972228,                  0.00326553122936366
         193,3058.21856189473,          0.997851256153839,                  0.00435188627070546
         194,3058.21766728947,          0.997536968132826,                  0.00561839498766672
         195,3058.21677268421,          0.997587096400209,                  0.00652136108051707
         196,3058.21587807895,          0.997818234490001,                  0.00724237513692615
         197,3058.21498347368,            0.9978681742668,                  0.00741976698312275
         198,3058.21408886842,          0.997918064722683,                  0.00723522251022427
         199,3058.21319426315,          0.997787114643371,                    0.007050860204945
         200,3058.21229965789,          0.997836995863729,                  0.00650527559780772
         201,3058.21140505263,          0.997708016883734,                  0.00596023978225257
         202,3058.21051044737,          0.997757888009936,                  0.00541572944459889
         203, 3058.2096158421,          0.997988145394838,                  0.00487175554613282
         204,3058.20872123684,          0.998039629423233,                  0.00450867197968573
         205,3058.20782663157,          0.998089263825798,                  0.00468671137068282
         206,3058.20693202631,          0.998140647746436,                  0.00468441459231179
         207,3058.20603742105,          0.998190183772881,                  0.00576259893211838
         208,3058.20514281579,          0.998061474827072,                  0.00665974293392275
         209,3058.20424821052,          0.998112796820719,                  0.00719619896770526
         210,3058.20335360526,          0.998164068610968,                  0.00791194722011936
         211,3058.20245899999,          0.998213496191548,                  0.00808779390144394
         212,3058.20156439474,           0.99808502764674,                  0.00862276481768242
         213,3058.20066978947,          0.998495344185529,                  0.00861855359124355
         214,3058.19977518421,          0.998189189334702,                  0.00861436193600606
         215,3058.19888057894,          0.998419677083165,                  0.00843078060059446
         216,3058.19798597367,          0.998291358361138,                  0.00842666915283288
         217,3058.19709136842,          0.998521571614175,                  0.00842256171318489
         218,3058.19619676315,          0.998574233023342,                  0.00841847335463625
         219, 3058.1953021579,          0.998625055499062,                  0.00751922773950531
         220,3058.19440755263,          0.998319730727455,                   0.0067998117525799
         221,3058.19351294737,           0.99873012466241,                  0.00625994884727513
         222, 3058.1926183421,          0.998780797379966,                   0.0051842926658348
         223,3058.19172373684,          0.998833205575598,                  0.00428837154451062
         224,3058.19082913158,          0.999064158707253,                  0.00339331766454019
         225,3058.18993452632,           0.99929488838708,                  0.00285614830550076
         226,3058.18903992105,          0.999168549028844,                  0.00231949841738839
         227,3058.18814531578,          0.999220668513046,                  0.00142669379762705
         228,3058.18725071052,          0.999274518856271,                  0.00106950537159073
         229,3058.18635610526,          0.999148372107939,                 0.000534494492925075
         230,    3058.1854615,          0.999378504814362,                                    0
         231,3058.18456689474,          0.999610194742435,                -0.000533979804883779
         232,3058.18367228947,          0.999485846547433,                -0.000355815538108734
         233,3058.18277768421,          0.999359840671456,                -0.000533466107119994
         234,3058.18188307895,          0.999591205588042,                -0.000710946803405435
         235,3058.18098847368,          0.999644697104281,                  -0.0001776514478593
         236,3058.18009386842,          0.999698137329758,                                    0
         237,3058.17919926316,          0.999751526338208,                 0.000709924747976715
         238,3058.17830465789,          0.999982260382111,                  0.00141916943109045
         239,3058.17741005263,          0.999859923862413,                  0.00195042723221964
         240,3058.17651544736,          0.999913158906795,                  0.00212672064992583
         241,3058.17562084211,           1.00032062694081,                  0.00230284543124324
         242,3058.17472623684,           1.00037536208276,                  0.00194763344830273
         243,3058.17383163158,           1.00007609851749,                  0.00176973296499291
         244,3058.17293702631,           1.00048467609839,                    0.001061334522028
         245,3058.17204242104,           1.00018387683081,                 0.000884023225058169
         246,3058.17114781579,           1.00023857280447,                 0.000706882383607398
         247,3058.17025321052,           1.00046985342693,                 0.000529909879993076
         248,3058.16935860526,            1.0007026811346,                 0.000706212195578405
         249,3058.16846399999,           1.00040411455677,                 0.000882346193823224
         250,3058.16756939474,           1.00045860232123,                  0.00211662609799979
         251,3058.16667478947,            1.0003385001622,                  0.00282083468498329
         252,3058.16578018421,           1.00039296746828,                  0.00334815331722695
         253,3058.16488557895,           1.00062528071581,                  0.00387497908391972
         254,3058.16399097368,           1.00050527012586,                  0.00387315079056289
         255,3058.16309636841,           1.00073731129494,                  0.00316744709043589
         256,3058.16220176315,           1.00079324737182,                   0.0022865223577915
         257,3058.16130715789,           1.00067332727397,                   0.0014064277263162
         258,3058.16041255263,           1.00072924079883,                 0.000702882697663794
         259,3058.15951794737,            1.0009624977167,                 0.000351276538942517
         260, 3058.1586233421,           1.00119377830835,                  0.00105333380148169
         261,3058.15772873684,           1.00125112522307,                  0.00140378706655881
         262,3058.15683413158,           1.00113302721721,                  0.00175391210094115
         263,3058.15593952632,           1.00119034888267,                  0.00192840025174389
         264,3058.15504492105,           1.00142284400583,                  0.00140181675451385
         265,3058.15415031579,           1.00112968622746,                 0.000350290303088685
         266,3058.15325571052,           1.00118692907486,                -0.000700253141510656
         267,3058.15236110525,           1.00124411843448,                 -0.00244974093989561
         268,    3058.1514665,           1.00147790574634,                 -0.00454740229643816
         269,3058.15057189473,           1.00136008754908,                 -0.00576900888427368
         270,3058.14967728948,            1.0014188660255,                 -0.00629053902929993
         271,3058.14878268421,           1.00130293387174,                 -0.00646227255420449
         272,3058.14788807894,           1.00136168429873,                 -0.00558639712300548
         273,3058.14699347368,           1.00142038018727,                 -0.00453684089298988
         274,3058.14609886842,           1.00130460868716,                  -0.0040114973000879
         275,3058.14520426316,           1.00171194069921,                 -0.00383530502878222
         276,3058.14430965789,           1.00159788667725,                  -0.0045305401972179
         277,3058.14341505263,           1.00130802283031,                 -0.00487678285601821
         278,3058.14252044736,           1.00154244151431,                 -0.00557089485980495
         279, 3058.1416258421,           1.00142862363163,                 -0.00609035652947123
         280,3058.14073123684,           1.00166277063505,                 -0.00660933934435354
         281,3058.13983663157,           1.00172285204161,                 -0.00625859470209958
         282,3058.13894202631,           1.00178287811439,                 -0.00538686369844685
         283,3058.13804742105,           1.00184458903182,                 -0.00434225289975649
         284,3058.13715281578,           1.00155728355581,                 -0.00364581434471695
         285,3058.13625821052,           1.00161904117362,                 -0.00312355210345205
         286,3058.13536360526,           1.00150555389814,                 -0.00277521455877558
         287,     3058.134469,           1.00139390703126,                 -0.00225382977690553
         288,3058.13357439473,           1.00128236231934,                 -0.00207950646379926
         289,3058.13267978947,           1.00151908030686,                 -0.00155891935710166
         290,3058.13178518421,           1.00140758015676,                -0.000865670453109229
         291,3058.13089057894,            1.0014692368794,                -0.000346109983369415
         292,3058.12999597369,           1.00170554596498,                 0.000345952528394054
         293,3058.12910136842,           1.00142294731637,                  0.00103738564984431
         294,3058.12820676315,            1.0014862436057,                  0.00190100926309968
         295,3058.12731215789,           1.00137674187213,                  0.00190014562025072
         296,3058.12641755262,            1.0012673395883,                  0.00172662069251303
         297,3058.12552294737,           1.00115803661881,                  0.00155325328901384
         298, 3058.1246283421,           1.00139557108874,                  0.00103503418200386
         299,3058.12373373684,           1.00128630891416,                  0.00155184721546881
         300,3058.12283913157,           1.00117887131689,                  0.00206819529278751
         301,3058.12194452632,           1.00124380252137,                  0.00223953362573603
         302,3058.12104992105,            1.0014808692358,                  0.00275510555498158
         303,3058.12015531578,           1.00137348924789,                  0.00240963025944833
         304,3058.11926071053,           1.00126792863127,                  0.00258058744492596
         305,3058.11836610526,           1.00133270280727,                   0.0027513864408237
         306,    3058.1174715,           1.00139913988993,                  0.00240638310306539
         307,3058.11657689473,           1.00129370995813,                   0.0024053040390209
         308,3058.11568228947,           1.00118837453719,                    0.002060765093387
         309,3058.11478768421,           1.00091148001353,                  0.00171653486539792
         310,3058.11389307894,           1.00114956333751,                  0.00137261294030849
         311,3058.11299847368,           1.00121593370503,                  0.00154349835617425
         312,3058.11210386842,           1.00128396111432,                  0.00154281041774163
         313,3058.11120926315,           1.00100923389038,                  0.00257020515377537
         314,3058.11031465789,           1.00124856346693,                  0.00325414346662191
         315,3058.10942005263,           1.00097409656396,                  0.00342388950423792
         316,3058.10852544737,           1.00121322881427,                  0.00410683942771193
         317, 3058.1076308421,           1.00111006395268,                  0.00427605528768445
         318,3058.10673623684,           1.00083773572003,                  0.00444512831033834
         319,3058.10584163158,            1.0009074301612,                  0.00427227006215298
         320,3058.10494702631,           1.00097535311712,                    0.004953632293583
         321,3058.10405242105,           1.00070515480111,                  0.00580514848374644
         322,3058.10315781579,           1.00128680799937,                  0.00631457506323108
         323,3058.10226321053,           1.00101500328383,                   0.0068235514879607
         324,3058.10136860526,           1.00091565878836,                  0.00716157711569187
         325,     3058.100474,           1.00098513435665,                  0.00698797727032564
         326,3058.09957939473,           1.00088589049031,                  0.00647381512146921
         327,3058.09868478947,           1.00078673382853,                  0.00544923863918888
         328,3058.09779018421,            1.0008578781813,                  0.00425534812151913
         329,3058.09689557895,           1.00093066305064,                  0.00289237145535625
         330,3058.09600097368,            1.0008316170956,                  0.00238090784015945
         331,3058.09510636842,           1.00090434971816,                  0.00203988658230602
         332,3058.09421176315,           1.00097701881823,                  0.00186907947835691
         333,3058.09331715789,           1.00104962447901,                  0.00101905289224195
         334,3058.09242255263,            1.0009523987376,                -0.000679072183675444
         335,3058.09152794737,           1.00119634478487,                 -0.00186663725298874
         336, 3058.0906333421,            1.0012687600076,                 -0.00305316579368741
         337,3058.08973873684,           1.00117326316361,                 -0.00373002739874671
         338,3058.08884413158,           1.00107784918246,                 -0.00372840912172239
         339,3058.08794952631,           1.00132131725166,                 -0.00254099471473099
         340,3058.08705492105,           1.00122592181193,                 -0.00101595730270109
         341,3058.08616031579,            1.0013015566211,                 0.000846265683418778
         342,3058.08526571052,           1.00103707237682,                   0.0021993378301333
         343,3058.08437110526,           1.00111272326336,                  0.00338213757859242
         344,    3058.0834765,           1.00118830893328,                  0.00439488367926139
         345,3058.08258189473,           1.00126382947088,                  0.00473091245784419
         346,3058.08168728947,           1.00117208743029,                  0.00472888300405671
         347,3058.08079268421,           1.00141636603355,                  0.00371395145865444
         348,3058.07989807895,           1.00149338103153,                  0.00236241067134649
         349,3058.07900347368,           1.00157033003918,                  0.00134937060294939
         350,3058.07810886842,           1.00131001495474,                 0.000842995466370382
         351,3058.07721426315,           1.00121844965342,                  0.00050558076905576
         352,3058.07631965789,           1.00163401445345,                 0.000673820393174199
         353,3058.07542505263,           1.00187915485179,                  0.00117868135864916
         354,3058.07453044737,           1.00162083829151,                  0.00117817944346169
         355, 3058.0736358421,           1.00169922105015,                  0.00134591766348694
         356,3058.07274123684,           1.00161105337329,                  0.00134534728458467
         357,3058.07184663158,           1.00168937375503,                    0.001176678237336
         358,3058.07095202631,           1.00160128506067,                 0.000168025714655371
         359,3058.07005742105,           1.00167954316426,                -0.000503862949277796
         360,3058.06916281579,           1.00175941657209,                 -0.00151094934626258
         361,3058.06826821053,           1.00167309109033,                 -0.00218156310674724
         362,3058.06737360526,            1.0017528998331,                 -0.00234838255151764
         363,     3058.066479,           1.00200031186757,                 -0.00285040249359917
         364,3058.06558439474,            1.0017463940817,                 -0.00318440379580932
         365,3058.06468978947,           1.00182774928842,                 -0.00284800530734165
         366,3058.06379518421,           1.00207649541161,                 -0.00251188961082457
         367,3058.06290057895,           1.00182454260893,                 -0.00200867076212317
         368,3058.06200597368,           1.00207308156296,                 -0.00184050824798674
         369,3058.06111136842,           1.00198859027514,                 -0.00117074280285862
         370,3058.06021676316,            1.0019041696132,                -0.000501537211553411
         371,3058.05932215789,           1.00215403794382,                -0.000501327682813317
         372,3058.05842755263,           1.00223665814209,                -0.000501118329071044
         373,3058.05753294737,           1.00198694294635,                 -0.00033393999098362
         374, 3058.0566383421,            1.0022381371222,                -0.000333801211364596
         375,3058.05574373684,           1.00248912260097,                -0.000333662547046419
         376,3058.05484913157,           1.00240637564474,                -0.000500285996828187
         377,3058.05395452632,           1.00232369737926,                -0.000666771127476638
         378,3058.05305992105,           1.00224275769219,                -0.000833119499328506
         379,3058.05216531578,           1.00232677051913,                 -0.00116588358152774
         380,3058.05127071052,           1.00224589653559,                 -0.00116540220527394
         381,3058.05037610526,           1.00249959227689,                -0.000998505569996905
         382,    3058.0494815,           1.00241871359038,                -0.000665395760763608
         383,3058.04858689474,           1.00217328768376,                -0.000166280618497389
         384,3058.04769228947,           1.00209261004486,                 0.000498636229911193
         385,3058.04679768421,           1.00251209527354,                  0.00132915093838056
         386,3058.04590307895,           1.00226859801971,                 0.000830379948649304
         387,3058.04500847368,           1.00252165987971,                  0.00132806313612149
         388,3058.04411386842,           1.00227835792289,                  0.00199128150580707
         389,3058.04321926316,           1.00253120884298,                  0.00281982636504477
         390,3058.04232465789,           1.00245390635363,                  0.00364769863377106
         391,3058.04143005263,           1.00221259105185,                  0.00497211472326038
         392,3058.04053544737,           1.00230115090679,                  0.00563276679848445
         393, 3058.0396408421,           1.00272250337829,                  0.00612728862510267
         394,3058.03874623684,           1.00248137314787,                  0.00480052176705551
         395,3058.03785163158,           1.00273684280197,                  0.00347483064337317
         396,3058.03695702631,           1.00266130326121,                  0.00132320858233086
         397,3058.03606242105,           1.00258748253656,                -0.000992006084303984
         398,3058.03516781579,           1.00284259932571,                    -0.00330534805315
         399,3058.03427321052,           1.00260356437214,                 -0.00479082276598978
         400,3058.03337860526,           1.00286012470936,                 -0.00528429507503699
         401,     3058.032484,           1.00295306622032,                 -0.00495203949746703
         402,3058.03158939473,           1.00287927663331,                 -0.00412503815660295
         403,3058.03069478947,            1.0028072004196,                 -0.00346364329092295
         404,3058.02980018421,           1.00257031264168,                  -0.0026379090613825
         405,3058.02890557895,           1.00249841788841,                 -0.00214244278029744
         406,3058.02801097368,           1.00275770724812,                 -0.00181211348443065
         407,3058.02711636842,           1.00285046659718,                 -0.00148204502452785
         408,3058.02622176315,            1.0026155904996,                -0.000823030364882282
         409,3058.02532715789,           1.00270998250934,                -0.000164540528800351
         410,3058.02443255263,           1.00247534930386,                 0.000657900147205158
         411,3058.02353794737,           1.00290019005781,                  0.00115086907055814
         412,3058.02264334211,           1.00283166002988,                 0.000657378997069733
         413,3058.02174873684,            1.0030917436317,                                    0
         414,3058.02085413158,           1.00285897736958,                 -0.00131371734386059
         415,3058.01995952631,           1.00311884438608,                 -0.00262639527248851
         416,3058.01906492105,           1.00305198214755,                 -0.00360987135731163
         417,3058.01817031579,           1.00331321348904,                 -0.00426453221362026
         418,3058.01727571052,           1.00308237145855,                 -0.00508263378803778
         419,3058.01638110526,           1.00301560246493,                  -0.0052445260259604
         420,    3058.0154865,           1.00294888597641,                 -0.00491480996068152
         421,3058.01459189473,           1.00255633852407,                 -0.00425783482548609
         422,3058.01369728947,           1.00281889346154,                 -0.00360137376039078
         423,3058.01280268421,           1.00259033867492,                 -0.00245452180188082
         424,3058.01190807895,           1.00285267503713,                 -0.00196284979619076
         425,3058.01101347368,           1.00295293936827,                 -0.00130805730599058
         426,3058.01011886842,           1.00338001281398,                -0.000980661358019849
         427,3058.00922426315,           1.00298985410166,                -0.000653520022219681
         428,3058.00832965789,           1.00292663169516,                -0.000816582504229897
         429,3058.00743505263,            1.0030267114633,                -0.000816265227427818
         430,3058.00654044737,            1.0028019706813,                 -0.00163189905725191
         431,3058.00564584211,           1.00257740367362,                 -0.00163126814785814
         432,3058.00475123684,           1.00284220155661,                 -0.00195676527132996
         433,3058.00385663157,           1.00261779251305,                 -0.00195600934972469
         434,3058.00296202632,           1.00320988056637,                 -0.00195525719779056
         435,3058.00206742105,           1.00266138515814,                 -0.00211738109276409
         436,3058.00117281579,           1.00292737568422,                 -0.00260500617060837
         437,3058.00027821052,           1.00286766117981,                  -0.0029295063130861
         438,3057.99938360526,           1.00280799252937,                 -0.00357913300383618
         439,     3057.998489,           1.00258737471723,                 -0.00422826792257066
         440,3057.99759439474,           1.00269205259256,                 -0.00438921618352776
         441,3057.99669978947,           1.00279665051944,                 -0.00390003558782474
         442,3057.99580518421,           1.00273872913871,                 -0.00373610736597933
         443,3057.99491057895,           1.00284485782206,                 -0.00308517686182305
         444,3057.99401597368,           1.00262627377524,                 -0.00211010871929386
         445,3057.99312136842,           1.00273236456623,                 -0.00162254427923338
         446,3057.99222676316,           1.00251398913308,                 -0.00129754277836347
         447,3057.99133215789,           1.00278379916437,                -0.000810657881296988
         448,3057.99043755263,           1.00256556950619,                -0.000486210266491847
         449,3057.98954294737,           1.00267314702309,                -0.000162008910490077
         450, 3057.9886483421,           1.00229480001879,                 0.000161947778319403
         451,3057.98775373684,           1.00256590822629,                 0.000485660863019354
         452,3057.98685913158,           1.00267336410183,                 0.000485477742463767
         453,3057.98596452632,           1.00245883076127,                 0.000647060726649196
         454,3057.98506992105,            1.0024061628817,                -0.000323408989476271
         455,3057.98417531579,           1.00251517835783,                   -0.000969863119985
         456,3057.98328071052,           1.00246414865684,                 -0.00145425166633003
         457,3057.98238610526,           1.00241315703611,                 -0.00161523228655513
         458,    3057.9814915,           1.00252366643685,                 -0.00177609282184013
         459,3057.98059689473,           1.00231128786509,                 -0.00145262505487695
         460,3057.97970228947,           1.00242175285859,                -0.000806713144099942
         461,3057.97880768421,           1.00237246967481,                 0.000483848336126213
         462,3057.97791307895,            1.0023232230407,                  0.00128978378387093
         463,3057.97701847368,           1.00243517612722,                  0.00273977459713226
         464,3057.97612386842,           1.00206373576449,                  0.00289986290092618
         465,3057.97522926316,           1.00233836005591,                  0.00289879345774525
         466,3057.97433465789,           1.00212821445705,                  0.00273673568606744
         467,3057.97344005263,           1.00191983675755,                  0.00209202664276392
         468,3057.97254544737,           1.00203334427221,                  0.00112606091024329
         469, 3057.9716508421,           1.00182676598099,                 0.000482420593570298
         470,3057.97075623684,           1.00210258289771,                                    0
         471,3057.96986163158,           1.00205520944979,                -0.000321377552742074
         472,3057.96896702631,           1.00233235027661,                -0.000321260368678399
         473,3057.96807242105,           1.00212596503398,                                    0
         474,3057.96717781579,           1.00208024346553,                 0.000481537839243408
         475,3057.96628321052,           1.00187570900677,                 0.000962724896547187
         476,3057.96538860526,           1.00199211494599,                  0.00160395728340963
         477,     3057.964494,           1.00162742410031,                  0.00192404819740734
         478,3057.96359939473,           1.00190572052745,                  0.00160279270601095
         479,3057.96270478947,           1.00170315171188,                 0.000961327400875128
         480,3057.96181018421,           1.00198121925867,                 0.000320326476745099
         481,3057.96091557895,           1.00177876971897,                -0.000320210570471142
         482,3057.96002097369,           1.00189656138217,                -0.000800236870113554
         483,3057.95912636842,            1.0018558812236,                 -0.00079994880327659
         484,3057.95823176316,           1.00197356005284,                 -0.00095959159781597
         485, 3057.9573371579,            1.0017730071256,                -0.000639497610677052
         486,3057.95644255263,           1.00189383345453,                 0.000319634338316965
         487,3057.95554794737,           1.00201297248938,                 0.000958558328274276
         488,3057.95465334211,           1.00165451862451,                  0.00159702569933755
         489,3057.95375873684,           1.00177525750813,                  0.00191574551236614
         490,3057.95286413158,           1.00205549845838,                  0.00223423745475669
         491,3057.95196952632,           1.00169741367758,                  0.00223343904944834
         492,3057.95107492105,           1.00181960549167,                  0.00223264477505307
         493,3057.95018031579,            1.0016228745604,                   0.0020724331321479
         494,3057.94928571052,           1.00174500601589,                  0.00191233535987761
         495,3057.94839110526,           1.00170774603013,                  0.00127443733591619
         496,    3057.9474965,           1.00183135599968,                 0.000796241738991958
         497,3057.94660189474,           1.00163489993998,                                    0
         498,3057.94570728947,           1.00175844810987,                -0.000159135575553593
         499,3057.94481268421,            1.0012455915128,                -0.000636317503344644
         500,3057.94391807894,           1.00168882923742,                 -0.00111316428078456
         501,3057.94302347368,           1.00165326042031,                 -0.00127173878485359
         502,3057.94212886842,           1.00177821990494,                 -0.00174802671620468
         503,3057.94123426316,           1.00174423591982,                 -0.00206512449523592
         504,3057.94033965789,           1.00186907576823,                 -0.00254079968494084
         505,3057.93944505263,           1.00167792959045,                 -0.00301614590526444
         506,3057.93855044736,           1.00164560597814,                 -0.00364984932469853
         507, 3057.9376558421,           1.00177193864682,                 -0.00380720926801643
         508,3057.93676123684,           1.00173960479097,                 -0.00348872428453401
         509,3057.93586663158,           1.00170729348803,                 -0.00269489222808934
         510,3057.93497202632,           1.00183506010693,                 -0.00174314863352994
         511,3057.93407742105,           1.00148591234701,                 -0.00158412830171941
         512,3057.93318281579,           1.00145530902751,                -0.000633431568012339
         513,3057.93228821052,           1.00142631221515,                -0.000316606485050633
         514,3057.93139360526,           1.00155399909482,                -0.000632993521311309
         515,     3057.930499,           1.00136679448726,                 -0.00142374425756483
         516,3057.92960439474,           1.00149599749507,                   -0.002055810511201
         517,3057.92870978947,           1.00130894190701,                 -0.00252935634204486
         518,3057.92781518421,           1.00143807582294,                 -0.00316060620426998
         519,3057.92692057895,           1.00125275075947,                 -0.00331749885862242
         520,3057.92602597368,           1.00153973706029,                 -0.00284259149591377
         521,3057.92513136842,           1.00135450443766,                 -0.00221014710107634
         522,3057.92423676316,           1.00132721227032,                 -0.00173594946177676
         523,3057.92334215789,           1.00130151843818,                -0.000788799053441136
         524,3057.92244755263,           1.00127426304069,                 -0.00047311746560436
         525,3057.92155294737,           1.00109095266022,                -0.000157652118529169
         526, 3057.9206583421,           1.00138056243735,                  0.00047279535525843
         527,3057.91976373684,           1.00119734064341,                 0.000945268929010303
         528,3057.91886913158,           1.00117331149452,                  0.00220488066083423
         529,3057.91797452631,           1.00099186044681,                  0.00362107782168553
         530,3057.91707992105,           1.00128268687489,                  0.00424939210085224
         531,3057.91618531579,            1.0011013215859,                  0.00471994965387036
         532,3057.91529071053,           1.00123463586106,                  0.00550474587733853
         533,3057.91439610526,           1.00121063471849,                  0.00597456094838294
         534,    3057.9135015,             1.001188223386,                  0.00581537900553876
         535,3057.91260689474,           1.00100870756594,                  0.00502782587382043
         536,3057.91171228947,           1.00114344591878,                  0.00376960193003619
         537,3057.91081768421,           1.00112265165611,                  0.00235521326456111
         538,3057.90992307895,           1.00125726143033,                 0.000941768861668281
         539,3057.90902847368,           1.00107953404298,                                    0
         540,3057.90813386842,           1.00121563860241,                -0.000627426375436257
         541,3057.90723926316,           1.00103804383618,                  -0.0010976294340309
         542,3057.90634465789,           1.00117564072419,                -0.000627008386237166
         543,3057.90545005263,           1.00115487735892,                -0.000940198663977699
         544,3057.90455544737,           1.00097904836499,                 -0.00156647738398277
         545, 3057.9036608421,           1.00111652758356,                 -0.00219234027626619
         546,3057.90276623684,            1.0012539155509,                  -0.0023481564623614
         547,3057.90187163158,           1.00092330323469,                 -0.00234738110514702
         548,3057.90097702631,           1.00106223043361,                 -0.00265948709444777
         549,3057.90008242105,           1.00104311163171,                  -0.0029713824591474
         550,3057.89918781579,           1.00087079824214,                 -0.00297040693011571
         551,3057.89829321052,           1.00085331966355,                 -0.00281314174796125
         552,3057.89739860526,           1.00130455500613,                 -0.00218727785459289
         553,     3057.896504,           1.00097614306353,                 -0.00156182890164382
         554,3057.89560939474,           1.00096020984098,                -0.000624526725840574
         555,3057.89471478947,           1.00094428706327,                -0.000468241518975488
         556,3057.89382018421,           1.00092837472012,                 -0.00109220555308509
         557,3057.89292557894,            1.0012259910094,                -0.000935870999541423
         558,3057.89203097368,           1.00074377497766,                 -0.00171520435100566
         559,3057.89113636842,             1.000727943847,                 -0.00233814940151169
         560,3057.89024176316,           1.00118272013164,                 -0.00296069598171225
         561,3057.88934715789,           1.00070098917361,                 -0.00327128281018771
         562,3057.88845255263,           1.00068674580595,                 -0.00264731943334906
         563,3057.88755794737,            1.0006740694961,                 -0.00186809098225781
         564, 3057.8866633421,           1.00066140139283,                 -0.00140061471423569
         565,3057.88576873684,           1.00095988848492,                                    0
         566,3057.88487413158,            1.0003265991695,                 0.000933140484299911
         567,3057.88397952631,           1.00062500194341,                  0.00217662368353135
         568,3057.88308492105,           1.00045849814658,                  0.00295303891017322
         569,3057.88219031579,           1.00044747456542,                  0.00388432782483857
         570,3057.88129571052,           1.00043645807284,                  0.00403840209748392
         571,3057.88040110526,           1.00042544866201,                   0.0038818308577604
         572,    3057.8795065,           1.00041599920526,                  0.00434626035341306
         573,3057.87861189474,           1.00056017714632,                  0.00387934311858842
         574,3057.87771728948,           1.00024044241404,                  0.00325760689992166
         575,3057.87682268421,           1.00054121029509,                  0.00201596958056977
         576,3057.87592807894,           1.00053328703244,                  0.00170527830141879
         577,3057.87503347368,           1.00021386661542,                  0.00139478227448695
         578,3057.87413886842,           1.00051590553816,                  0.00170419246839885
         579,3057.87324426316,           1.00035312046984,                  0.00185852878861094
         580, 3057.8723496579,           1.00050009521937,                  0.00232242361935787
         581,3057.87145505263,            1.0003374184701,                  0.00263124495033138
         582,3057.87056044737,            1.0003311227537,                  0.00355879595101859
         583, 3057.8696658421,           1.00047796489046,                  0.00402171105243538
         584,3057.86877123684,           1.00016236402013,                  0.00402044240329676
         585,3057.86787663158,           1.00031071310977,                  0.00371000728088929
         586,3057.86698202631,           1.00030597958282,                  0.00324523799957348
         587,3057.86608742105,           1.00045419013573,                  0.00293524237377685
         588,3057.86519281579,           1.00029497659492,                  0.00293432214841801
         589,3057.86429821052,           1.00044464206314,                   0.0021614544735932
         590,3057.86340360526,           1.00043987251414,                  0.00216077726244955
         591,     3057.862509,           1.00012652017071,                  0.00138863601998402
         592,3057.86161439474,           1.00058458695615,                  0.00123395663567893
         593,3057.86071978947,            1.0002729278684,                 0.000925179214923758
         594,3057.85982518421,           1.00026975991368,                 0.000770742610505222
         595,3057.85893057895,           1.00026659393121,                  0.00030820107654636
         596,3057.85803597368,           1.00026342991917,                 0.000308105168618256
         597,3057.85714136842,           1.00026026787571,                 0.000616018640724068
         598,3057.85624676316,           1.00025864776485,                 0.000769785014441167
         599,3057.85535215789,           1.00040939830761,                  0.00153909138201172
         600,3057.85445755263,             1.000407733081,                  0.00215406156000215
         601,3057.85356294737,           1.00025225491282,                  0.00276865148215143
         602, 3057.8526683421,           1.00025217733602,                  0.00322910003444373
         603,3057.85177373684,           1.00009684306965,                  0.00338182147979285
         604,3057.85087913158,           1.00009681330553,                  0.00368812592491283
         605,3057.84998452631,            1.0000967835597,                  0.00384061744838594
         606,3057.84908992105,           1.00025033134348,                  0.00399301529478435
         607,3057.84819531579,           1.00040378483028,                  0.00383825884296455
         608,3057.84730071053,           1.00040366088188,                  0.00353011417617112
         609,3057.84640610526,           1.00040507199234,                  0.00276185449323039
         610,    3057.8455115,           1.00055987176636,                  0.00184067430035203
         611,3057.84461689474,           1.00025454891173,                 0.000460028153723008
         612,3057.84372228947,            1.0002560042187,                 0.000306591878687725
         613,3057.84282768421,           1.00041070782736,                -0.000153249189311789
         614,3057.84193307895,           1.00056531710613,                -0.000153202467785351
         615,3057.84103847368,           1.00041505278522,                                    0
         616,3057.84014386842,           1.00057109872965,                 0.000459328736983772
         617,3057.83924926316,           1.00042092373627,                 0.000459189530478705
         618,3057.83835465789,           1.00057687334646,                 0.000612067211100451
         619,3057.83746005263,           1.00042831793428,                 0.000458912072446919
         620,3057.83656544737,           1.00058417110402,                                    0
         621, 3057.8356708421,           1.00074145983504,                -0.000917269899023872
         622,3057.83477623684,           1.00044015698933,                 -0.00198681974348629
         623,3057.83388163158,           1.00044460809553,                 -0.00320851202962832
         624,3057.83298702631,           1.00075453715103,                 -0.00366576753535175
         625,3057.83209242105,           1.00076041911614,                 -0.00458083804905161
         626,3057.83119781579,           1.00061212122137,                 -0.00473210919265638
         627,3057.83030321053,           1.00061804225578,                 -0.00442548775742223
         628,3057.82940860526,           1.00077651714516,                 -0.00396649229356315
         629,     3057.828514,           1.00062987370498,                 -0.00259270048056466
         630,3057.82761939474,           1.00048484331023,                 -0.00121973159806185
         631,3057.82672478947,           1.00079563710412,                                    0
         632,3057.82583018421,           1.00080301947513,                 0.000761878059892758
         633,3057.82493557895,           1.00081039746035,                 0.000609321398758203
         634,3057.82404097368,           1.00066548594941,                 0.000456855342847092
         635,3057.82314636842,           1.00052066047761,                -0.000304479811466101
         636,3057.82225176316,           1.00083250514038,                 -0.00121755779214158
         637,3057.82135715789,           1.00053708879615,                 -0.00228224700911529
         638,3057.82046255263,           1.00054605660432,                 -0.00288999317048982
         639,3057.81956794737,           1.00070707915485,                 -0.00273708059942065
         640,3057.81867334211,           1.00071599154187,                 -0.00243224302972353
         641,3057.81777873684,           1.00072489867375,                 -0.00212758520598824
         642,3057.81688413158,           1.00042994939359,                 -0.00212695813082919
         643,3057.81598952632,           1.00059233608238,                 -0.00227821570146261
         644,3057.81509492105,           1.00075462759811,                 -0.00212571154398021
         645,3057.81420031579,           1.00061323991038,                 -0.00166971262727764
         646,3057.81330571053,           1.00047193503989,                 -0.00151747601249793
         647,3057.81241110526,            1.0006341192569,                 -0.00151703171506504
         648,    3057.8115165,           1.00064454976303,                 -0.00106161137440758
         649,3057.81062189474,           1.00050487668425,                 -0.00151614619894567
         650,3057.80972728947,           1.00036528489949,                 -0.00212198696796861
         651,3057.80883268421,            1.0005288271402,                 -0.00287900162284776
         652,3057.80793807895,           1.00038930958898,                  -0.0033326112675587
         653,3057.80704347368,           1.00024987317044,                 -0.00363451884270862
         654,3057.80614886842,           1.00056470061027,                  -0.0037848566372003
         655,3057.80525426316,           1.00042680841146,                 -0.00332971101135431
         656,3057.80435965789,           1.00044030267404,                 -0.00257221493427991
         657,3057.80346505263,           1.00045378913931,                 -0.00181515655725306
         658,3057.80257044737,           1.00016482909944,                 -0.00136097421558739
         659, 3057.8016758421,           1.00048073870491,                -0.000755878466836588
         660,3057.80078123684,           1.00034306976407,                -0.000906792327932378
         661,3057.79988663158,            1.0003580801465,                 -0.00181306403288898
         662,3057.79899202632,           1.00006948073722,                  -0.0024167212946376
         663,3057.79809742105,           1.00023556272311,                 -0.00256702967486304
         664,3057.79720281579,           1.00025059100227,                 -0.00196245965635822
         665,3057.79630821053,           1.00011620484046,                -0.000905492263323187
         666,3057.79541360526,           1.00013125874115,                 0.000150872116268088
         667,     3057.794519,          0.999995475133597,                  0.00120663104088518
         668,3057.79362439474,           1.00001206287169,                  0.00150785896090423
         669,3057.79272978947,           1.00002864115795,                   0.0012059434925028
         670,3057.79183518421,          0.999894509998945,                    0.000301400003014
         671,3057.79094057895,           1.00021242649817,                -0.000903942545411814
         672,3057.79004597368,          0.999927705181731,                 -0.00180737045672251
         673,3057.78915136842,          0.999945794234916,                 -0.00271028825421299
         674,3057.78825676316,          0.999962367816957,                 -0.00331163210777857
         675,3057.78736215789,          0.999829950655593,                 -0.00316020905535332
         676,3057.78646755263,          0.999998495564171,                 -0.00285842807517967
         677,3057.78557294737,           1.00001654411488,                 -0.00255681775454249
         678, 3057.7846783421,           1.00003458246188,                 -0.00195466088888956
         679,3057.78378373684,           1.00005411385555,                 -0.00105221385795714
         680,3057.78288913158,          0.999921857624592,                -0.000450821396584577
         681,3057.78199452632,          0.999941409683026,                 0.000300463163967256
         682,3057.78109992105,          0.999960950758907,                 0.000750946944096506
         683,3057.78020531579,           1.00013062808083,                  0.00120117775478857
         684,3057.77931071053,                          1,                  0.00195136595616932
         685,3057.77841610526,          0.999869445232275,                  0.00180075541689739
         686,    3057.7775215,          0.999888984568855,                  0.00165022938188408
         687,3057.77662689474,          0.999760033595297,                  0.00179974803527506
         688,3057.77573228947,          0.999631154546245,                 0.000749685881615603
         689,3057.77483768421,          0.999800639452703,                                    0
         690,3057.77394307895,           0.99982167449151,                  -0.0010489735793526
         691,3057.77304847368,          0.999844195690213,                 -0.00179774203600278
         692,3057.77215386842,          0.999715436804505,                 -0.00179724123470473
         693,3057.77125926316,          0.999736478028856,                  -0.0020961974977391
         694,3057.77036465789,          0.999459630183471,                 -0.00194593008722257
         695,3057.76947005263,          0.999781517584841,                 -0.00194539136784956
         696,3057.76857544737,          0.999804018664604,                 -0.00164564480103406
         697, 3057.7676808421,          0.999676944613949,                 -0.00119650142981921
         698,3057.76678623684,          0.999549940864323,                 -0.00044856392260179
         699,3057.76589163158,          0.999721967275847,                 0.000597919836887469
         700,3057.76499702632,          0.999596515085853,                  0.00224158285637431
         701,3057.76410242105,          0.999619036236377,                  0.00373493885905088
         702,3057.76320781579,          0.999792394468433,                  0.00477940792097249
         703,3057.76231321053,          0.999965657443451,                  0.00582330306708893
         704,3057.76141860526,          0.999541727433808,                  0.00597097806113386
         705,     3057.760524,          0.999714964086967,                  0.00671550580443552
         706,3057.75962939474,          0.999589720637052,                  0.00641527731155123
         707,3057.75873478947,          0.999316884875712,                  0.00596607095448186
         708,3057.75784018421,          0.999639151738185,                  0.00492065811565634
         709,3057.75694557895,          0.999515521931949,                  0.00402489471918906
         710,3057.75605097368,          0.999690018598884,                  0.00327864943488006
         711,3057.75515636842,          0.999715431225985,                  0.00283078885145957
         712,3057.75426176316,          0.999591881723153,                  0.00238317241954559
         713,3057.75336715789,          0.999617307242721,                  0.00208470762720067
         714,3057.75247255263,          0.999495339707833,                  0.00267961217079848
         715,3057.75157794737,          0.999669604507666,                  0.00267888237027512
         716,3057.75068334211,          0.999696475545451,                  0.00238058395724471
         717,3057.74978873684,          0.999723332034283,                  0.00237993949003847
         718,3057.74889413158,          0.999601468025244,                  0.00193317748948649
         719,3057.74799952632,          0.999777001412324,                  0.00133799152605367
         720,3057.74710492105,          0.999803814325121,                  0.00148625511271759
         721,3057.74621031579,          0.999980683879806,                  0.00178302647942907
         722,3057.74531571053,           1.00000742726847,                  0.00178254443363364
         723,3057.74442110526,          0.999887135864658,                   0.0017820652948724
         724,    3057.7435265,          0.999765424803803,                  0.00163311845453547
         725,3057.74263189474,          0.999942114082753,                  0.00133582885954353
         726,3057.74173728947,           0.99997032288699,                 0.000296771130104463
         727,3057.74084268421,           1.00014834594274,                 0.000296691885476932
         728,3057.73994807895,          0.999879872041478,                                    0
         729,3057.73905347368,           1.00020460752422,                -0.000148266321898046
         730,3057.73815886842,           1.00023419828591,                -0.000592907052925848
         731,3057.73726426316,           1.00011410399468,                 -0.00118549604859348
         732,3057.73636965789,          0.999995555575309,                 -0.00162962238686347
         733,3057.73547505263,           1.00017328635348,                 -0.00162918793867737
         734,3057.73458044737,           1.00020285387266,                 -0.00177682224226083
         735, 3057.7336858421,           1.00052846376915,                 -0.00162831973686353
         736,3057.73279123684,           1.00011543208598,                  -0.0013319086843406
         737,3057.73189663158,           1.00014499143367,                -0.000591801770079094
         738,3057.73100202632,           1.00047183695445,                 0.000739556354933802
         739,3057.73010742105,           1.00035341384465,                  0.00266169422752458
         740,3057.72921281579,           1.00023653243451,                  0.00413931760392644
         741,3057.72831821053,            1.0004153001911,                  0.00591174649248691
         742,3057.72742360526,           1.00029846423896,                  0.00723997411339868
         743,     3057.726529,           1.00062483658972,                  0.00782892180975129
         744,3057.72565691111,           1.00050948453456,                  0.00767918718757153
         745,3057.72478482222,           1.00054035379886,                  0.00782479544803598
         746,3057.72391273333,           1.00057268358346,                  0.00664194877729103
         747,3057.72304064444,           1.00060351989328,                  0.00545971541602294
         748,3057.72216855556,           1.00063581606476,                  0.00383554934655516
         749,3057.72129646667,           1.00081557768119,                  0.00147482401662422
         750,3057.72042437778,           1.00070035755096,                -0.000737218474694976
         751,3057.71955228889,           1.00088000790091,                 -0.00191626511085594
         752,    3057.7186802,           1.00076630610982,                  -0.0027999646320257
         753,3057.71780811111,           1.00094584520551,                 -0.00309388618624016
         754,3057.71693602222,           1.00097947520749,                 -0.00324036910749925
         755,3057.71606393333,           1.00101161367843,                 -0.00382852338270656
         756,3057.71519184444,           1.00075078390673,                 -0.00368031326826539
         757,3057.71431975556,           1.00107878675491,                 -0.00338500618867436
         758,3057.71344766667,            1.0009652111988,                  -0.0027955812160484
         759,3057.71257557778,           1.00114588987395,                 -0.00250065826151296
         760,3057.71170348889,           1.00132647448963,                 -0.00191177032873626
         761,    3057.7108314,           1.00121292314478,                 -0.00191127283419708
         762,3057.70995931111,           1.00095391937397,                 -0.00279267613334882
         763,3057.70908722222,           1.00128135800437,                 -0.00293889450544283
         764,3057.70821513333,           1.00116937758556,                 -0.00381957502820609
         765,3057.70734304444,           1.00120432381624,                 -0.00411232522617789
         766,3057.70647095556,           1.00123925198515,                 -0.00425809331391251
         767,3057.70559886667,           1.00112736923691,                 -0.00425699321229772
         768,3057.70472677778,           1.00101554428478,                 -0.00396238377007608
         769,3057.70385468889,           1.00119721120214,                 -0.00366792647714735
         770,    3057.7029826,           1.00123357374087,                 -0.00366698496096128
         771,3057.70211051111,            1.0014150908811,                 -0.00410596317830878
         772,3057.70123842222,            1.0010115670493,                  -0.0045447215258536
         773,3057.70036633333,           1.00119304807661,                 -0.00556951190556453
         774,3057.69949424444,           1.00108284575968,                 -0.00630072634187155
         775,3057.69862215556,            1.0012656818568,                 -0.00673858395982632
         776,3057.69775006667,           1.00130197082355,                 -0.00673685690476574
         777,3057.69687797778,           1.00119182530828,                 -0.00644229896366836
         778,3057.69600588889,           1.00108173622323,                 -0.00658702706975369
         779,    3057.6951338,            1.0012658505711,                 -0.00570730315291914
         780,3057.69426171111,           1.00100949510614,                 -0.00438910915714474
         781,3057.69338962222,           1.00104726745104,                 -0.00292532807554367
         782,3057.69251753333,           1.00108355669809,                 -0.00146228974101386
         783,3057.69164544444,           1.00097509915457,                 0.000584767109189177
         784,3057.69077335556,           1.00086669677451,                  0.00248462819000683
         785,3057.68990126667,           1.00090446695627,                  0.00467575809381032
         786,3057.68902917778,           1.00123437853788,                  0.00628145291466719
         787,3057.68815708889,           1.00083390655281,                  0.00817841803107507
         788,     3057.687285,           1.00101766235511,                  0.00846835245282909
         789,3057.68641291111,           1.00091084784754,                  0.00788233714215649
         790,3057.68554082222,            1.0009485589201,                  0.00554542137905874
         791,3057.68466873333,           1.00098771123817,                  0.00291790616889133
         792,3057.68379664444,            1.0008795254355,                -0.000145858281176843
         793,3057.68292455556,           1.00091867535763,                 -0.00320807267742829
         794,3057.68205246667,           1.00095780553195,                 -0.00481089536594148
         795,3057.68118037778,           1.00099691597339,                 -0.00582991797305412
         796,3057.68030828889,           1.00103600669689,                 -0.00597415957417356
         797,    3057.6794362,           1.00092940322989,                   -0.005535630522884
         798,3057.67856411111,           1.00082431105946,                 -0.00509732987297454
         799,3057.67769202222,           1.00100901708923,                 -0.00451364065887506
         800,3057.67681993333,           1.00061137151009,                 -0.00407581006725087
         801,3057.67594784444,           1.00094302279554,                 -0.00378373343888979
         802,3057.67507575556,           1.00069254092684,                  -0.0032008194097689
         803,3057.67420366667,           1.00073163955625,                   -0.002472738062857
         804,3057.67333157778,           1.00062675502313,                 -0.00174502558643766
         805,3057.67245948889,           1.00081268781593,                -0.000581529743065621
         806,    3057.6715874,           1.00070783546241,                                    0
         807,3057.67071531111,           1.00074834528506,                  0.00130778787680638
         808,3057.66984322222,           1.00064501507941,                  0.00203383133146221
         809,3057.66897113333,            1.0005402830386,                  0.00232379801547649
         810,3057.66809904444,           1.00058080441411,                  0.00174241324234064
         811,3057.66722695556,           1.00062275810711,                  0.00101615541951976
         812,3057.66635486667,            1.0003744329083,                -0.000725645171121644
         813,3057.66548277778,           1.00056005826927,                 -0.00217639223811472
         814,3057.66461068889,           1.00060198582795,                 -0.00333630699826657
         815,    3057.6637386,           1.00064389259175,                 -0.00362552134997013
         816,3057.66286651111,           1.00054079367634,                  -0.0034796375957444
         817,3057.66199442222,           1.00043774586968,                 -0.00333382615980913
         818,3057.66112233333,           1.00047966217871,                 -0.00362282612318478
         819,3057.66025024444,           1.00037668057487,                 -0.00333217431617988
         820,3057.65937815555,           1.00027519879492,                 -0.00362103677524949
         821,3057.65850606667,           1.00046192988223,                 -0.00318572332572139
         822,3057.65763397778,           1.00050379875845,                 -0.00275062540535532
         823,3057.65676188889,           1.00040236090326,                 -0.00246048034365674
         824,    3057.6558898,           1.00030097295295,                 -0.00245987509622453
         825,3057.65501771111,           1.00034285069503,                 -0.00173595288623867
         826,3057.65414562222,           1.00038615455149,                 -0.00173552607410986
         827,3057.65327353333,           1.00042943711927,                 -0.00159050784915624
         828,3057.65240144444,           1.00018358623421,                 -0.00187922916910605
         829,3057.65152935556,           1.00022689730223,                 -0.00158972632138774
         830,3057.65065726667,           1.00027018709373,                 -0.00101139553801186
         831,3057.64978517778,           1.00002600096492,                -0.000722249025686064
         832,3057.64891308889,            1.0000693188842,                -0.000288828684154281
         833,     3057.648041,          0.999969680387976,                 0.000866274629270553
         834,3057.64716891111,           1.00015733460741,                  0.00202081147128066
         835,3057.64629682222,           1.00005772338952,                  0.00317478642345879
         836,3057.64542473333,          0.999956718075974,                  0.00375110008223566
         837,3057.64455264444,           1.00000144237912,                  0.00418289944165504
         838,3057.64368055556,           1.00019034764402,                  0.00389347453667653
         839,3057.64280846667,           1.00009082560475,                  0.00346002303798673
         840,3057.64193637778,          0.999847219539756,                  0.00273851768361761
         841,3057.64106428889,           1.00018012176231,                  0.00259375337728304
         842,    3057.6401922,          0.999936612576065,                  0.00273718421537894
         843,3057.63932011111,          0.999981276456008,                  0.00316859975256116
         844,3057.63844802222,           0.99973793417252,                  0.00316782868382478
         845,3057.63757593333,          0.999928021305693,                  0.00273519038364644
         846,3057.63670384444,          0.999972654748935,                  0.00201491323639682
         847,3057.63583175556,          0.999874817802347,                  0.00100721308456129
         848,3057.63495966667,           1.00020714774813,                 0.000431557808606989
         849,3057.63408757778,          0.999965483716943,                 0.000143817846068883
         850,3057.63321548889,          0.999867719542425,                  0.00014378310606017
         851,    3057.6323434,           1.00005749935313,                 0.000574993531322773
         852,3057.63147131111,           1.00010203656358,                  0.00129342122849148
         853,3057.63059922222,           1.00014798914363,                  0.00244253926381867
         854,3057.62972713333,           1.00019391954494,                   0.0024419498251133
         855,3057.62885504444,           1.00009621833232,                  0.00272857957327888
         856,3057.62798295556,                          1,                  0.00287150035893754
         857,3057.62711086667,           1.00004593292644,                    0.002583727112484
         858,3057.62623877778,           1.00009184370498,                  0.00229609262437647
         859,3057.62536668889,           1.00013916726327,                  0.00200859967604157
         860,    3057.6244946,           1.00018503351402,                  0.00229498932112782
         861,3057.62362251111,           1.00023231202086,                  0.00301145212221333
         862,3057.62275042222,           1.00013476586581,                  0.00301072678944697
         863,3057.62187833333,           1.00018203370347,                  0.00315333974512415
         864,3057.62100624445,           1.00008454647979,                  0.00272268324732998
         865,3057.62013415556,           1.00041833331423,                  0.00157591317004963
         866,3057.61926206667,           1.00046549933756,                -0.000143230565402657
         867,3057.61838997778,           1.00036944648897,                 -0.00143196313554104
         868,3057.61751788889,           1.00027343956914,                 -0.00214743117125191
         869,    3057.6166458,           1.00017747854513,                 -0.00229004574366373
         870,3057.61577371111,           1.00051084435274,                 -0.00228949849966301
         871,3057.61490162222,           1.00027181299266,                 -0.00243201098696728
         872,3057.61402953333,           1.00046340263396,                 -0.00214538256461892
         873,3057.61315744444,           1.00051047912112,                 -0.00243085295770459
         874,3057.61228535556,           1.00041457591743,                 -0.00228731540649883
         875,3057.61141326667,           1.00017722488695,                 -0.00242969603073423
         876,3057.61054117778,           1.00036722522051,                  -0.0020004486720593
         877,3057.60966908889,           1.00041570894088,                 -0.00199997428604489
         878,     3057.608797,           1.00031991956308,                  -0.0014282123351843
         879,3057.60792491111,           1.00036839144304,                 -0.00128508642920173
         880,3057.60705282222,           1.00055959389472,                 -0.00128478190113461
         881,3057.60618073333,           1.00032111892104,                  -0.0012844756841617
         882,3057.60530864444,            1.0002268702887,                -0.000856114296966074
         883,3057.60443655556,           1.00041797014866,                -0.000570607711477917
         884,3057.60356446667,           1.00046636136874,                -0.000285236311152882
         885,3057.60269237778,           1.00065731408064,                -0.000142584399270538
         886,3057.60182028889,           1.00027797378493,                -0.000855303953642526
         887,    3057.6009482,           1.00032636378018,                -0.000855101607448505
         888,3057.60007611111,           1.00037615625303,                -0.000712417145885933
         889,3057.59920402222,            1.0004245002151,                -0.000142449736610437
         890,3057.59833193333,           1.00047282131911,                -0.000284832119948502
         891,3057.59745984444,           1.00066350198054,                -0.000142382399257333
         892,3057.59658775555,           1.00042847036081,                -0.000427046871241098
         893,3057.59571566667,           1.00047675634904,                 -0.00085389196843446
         894,3057.59484357778,           1.00038416117696,                -0.000711409586955594
         895,3057.59397148889,           1.00043243489294,                -0.000568993280189361
         896,    3057.5930994,           1.00062432359019,                -0.000284429881634505
         897,3057.59222731111,           1.00067394067616,                                    0
         898,3057.59135522222,           1.00057996395126,                  0.00056859210907871
         899,3057.59048313333,           1.00048745340414,                 0.000852688170514896
         900,3057.58961104444,           1.00053706761084,                  0.00142081378530367
         901,3057.58873895555,           1.00030256240527,                  0.00142048077592342
         902,3057.58786686667,           1.00035219668481,                  0.00113611833808609
         903,3057.58699477778,           1.00040180770874,                 0.000567926090098635
         904,3057.58612268889,           1.00030944722505,                -0.000567793073492296
         905,    3057.5852506,           1.00050096005518,                 -0.00198681041713085
         906,3057.58437851111,           1.00055050141031,                 -0.00326328155593265
         907,3057.58350642222,           1.00031632237647,                 -0.00411360938016418
         908,3057.58263433333,           1.00022406834368,                 -0.00467990844397299
         909,3057.58176224444,           1.00027363970583,                   -0.004820595854004
         910,3057.58089015556,           1.00032318787989,                  -0.0049612174544135
         911,3057.58001806667,           1.00037413057157,                 -0.00510178052140197
         912,3057.57914597778,           1.00028194916131,                 -0.00481722185148505
         913,3057.57827388889,           1.00004816095959,                 -0.00410784655351674
         914,    3057.5774018,            1.0000991318879,                 -0.00325719060229703
         915,3057.57652971111,           1.00000707919495,                 -0.00198217458710595
         916,3057.57565762222,          0.999916484891551,                -0.000990857218890268
         917,3057.57478553333,           1.00010755366362,                -0.000424553935331945
         918,3057.57391344444,          0.999875493075717,                -0.000565940564921872
         919,3057.57304135556,          0.999784992474737,                 -0.00113161855401781
         920,3057.57216926667,          0.999693120091866,                  -0.0015556124375457
         921,3057.57129717778,          0.999602703875829,                 -0.00169663825268882
         922,3057.57042508889,           0.99979503707002,                 -0.00169624493776901
         923,     3057.569553,           0.99956331816017,                 -0.00113056787010906
         924,3057.56868091111,          0.999471582736862,                -0.000847728229632623
         925,3057.56780882222,          0.999522557060082,                                    0
         926,3057.56693673333,          0.999432285179254,                 0.000423667776676242
         927,3057.56606464444,          0.999483244995524,                  0.00084713935159954
         928,3057.56519255555,           0.99925186680406,                  0.00127041486103073
         929,3057.56432046667,           0.99958509386193,                  0.00127012083082837
         930,3057.56344837778,          0.999353799181103,                  0.00141091881855302
         931,3057.56257628889,          0.999263670756444,                 0.000846355452362883
         932,    3057.5617042,          0.999173584022248,                 0.000282053234727523
         933,3057.56083211111,          0.999224532957349,                                    0
         934,3057.55996002222,          0.999275458336035,                -0.000704807066113722
         935,3057.55908793333,          0.999045910450874,                 -0.00112743225893737
         936,3057.55821584444,          0.999096853640976,                 -0.00183165408226381
         937,3057.55734375555,          0.999006909375198,                 -0.00281727836823237
         938,3057.55647166666,            0.9989170066571,                  -0.0035207845998065
         939,3057.55559957778,          0.999110149922842,                 -0.00380157469671882
         940,3057.55472748889,          0.998879498195373,                 -0.00408223019273757
         941,    3057.5538554,          0.998789687007431,                   -0.003518351722585
         942,3057.55298331111,          0.998701322456147,                  -0.0029547376404028
         943,3057.55211122222,          0.998470924352253,                 -0.00253204799074958
         944,3057.55123913333,          0.998663947683004,                 -0.00210955628999367
         945,3057.55036704445,          0.998574268785485,                 -0.00168725587516556
         946,3057.54949495555,          0.998484631236839,                -0.000562288965922477
         947,3057.54862286667,          0.998677518231557,                                    0
         948,3057.54775077778,          0.998447390421593,                  0.00042152296246338
         949,3057.54687868889,          0.998218770895728,                   0.0011238038512758
         950,    3057.5460066,          0.998130699365617,                 0.000983103263762392
         951,3057.54513451111,          0.998041266787888,                 0.000561643931788345
         952,3057.54426242222,          0.998374412865441,                -0.000280757708904792
         953,3057.54339033333,          0.998144618692475,                -0.000701732718428343
         954,3057.54251824445,          0.998196959385984,                 -0.00168377333604608
         955,3057.54164615556,          0.998108993782686,                 -0.00224451776535811
         956,3057.54077406667,          0.998159918767146,                  -0.0026647517853837
         957,3057.53990197778,          0.998072001963053,                 -0.00322501489816665
         958,3057.53902988889,          0.997984125337498,                 -0.00308409197323008
         959,    3057.5381578,            0.9980364428361,                 -0.00280307946309816
         960,3057.53728571111,          0.998087337896632,                 -0.00224194825303188
         961,3057.53641362222,          0.997859428321669,                 -0.00154098746476742
         962,3057.53554153333,          0.997771680595414,                -0.000560231151373057
         963,3057.53466944445,          0.997543947103846,                 0.000700129103806742
         964,3057.53379735556,          0.997876293018366,                   0.0013999386826857
         965,3057.53292526667,          0.997508677639682,                  0.00209942895532415
         966,3057.53205317778,          0.997559624092555,                  0.00209894716810048
         967,3057.53118108889,          0.997611942804142,                  0.00181867273263972
         968,     3057.530309,          0.997384505643593,                  0.00167839210036785
         969,3057.52943691111,           0.99757667454865,                   0.0018178436738341
         970,3057.52856482222,           0.99734934908066,                  0.00167762716413904
         971,3057.52769273333,           0.99754143843323,                  0.00209655619679115
         972,3057.52682064444,          0.997453963125784,                  0.00195634007898024
         973,3057.52594855555,          0.997366527658445,                  0.00181618782176212
         974,3057.52507646667,           0.99741880695246,                   0.0022347991753591
         975,3057.52420437778,          0.997191776135264,                  0.00209464733819198
         976,3057.52333228889,          0.997104460025074,                  0.00237339342207032
         977,    3057.5224602,          0.996877604032176,                  0.00362906996707317
         978,3057.52158811111,          0.997069494836729,                  0.00446553167736534
         979,3057.52071602222,           0.99726129836501,                  0.00572016133645291
         980,3057.51984393333,          0.997034561447067,                  0.00599782962258308
         981,3057.51897184444,          0.996807927607312,                  0.00641482438023732
         982,3057.51809975555,           0.99699965981273,                  0.00627394555888307
         983,3057.51722766667,          0.996912526222619,                  0.00599374141884404
         984,3057.51635557778,          0.996966179239301,                  0.00543495680602918
         985,3057.51548348889,          0.996739766489258,                  0.00473709142586452
         986,    3057.5146114,           0.99693134030642,                  0.00362165919351222
         987,3057.51373931111,          0.996844301220222,                  0.00250673336434255
         988,3057.51286722222,          0.996896532999921,                 0.000974619515502716
         989,3057.51199513333,          0.996670341540552,                 0.000278399536743171
         990,3057.51112304445,          0.996861757276757,                -0.000139168191718101
         991,3057.51025095555,          0.996913949560189,                -0.000556546517549303
         992,3057.50937886667,           0.99696750500779,                -0.000834631649232139
         993,3057.50850677778,          0.997019649728876,                 -0.00111258992855782
         994,3057.50763468889,          0.996932728592364,                 -0.00139042221560999
         995,    3057.5067626,           0.99698485756267,                  -0.0012510964470251
         996,3057.50589051111,          0.997036962914783,                 -0.00152877147923928
         997,3057.50501842222,          0.996811149167356,                 -0.00194526848178742
         998,3057.50414633333,          0.996864655063436,                  -0.0016669977509422
         999,3057.50327424444,          0.996916752312436,                 -0.00194439043359907
        1000,3057.50240215556,           0.99682997238202,                 -0.00166624316319602
        1001,3057.50153006667,          0.996882053901875,                 -0.00152704394832483
        1002,3057.50065797778,          0.996656530313986,                 -0.00124911694371618
        1003,3057.49978588889,          0.996708627503219,                 -0.00152635318147507
        1004,    3057.4989138,           0.99676208391946,                -0.000971097367771221
        1005,3057.49804171111,          0.996675436929696,                -0.000554787329212188
        1006,3057.49716962222,          0.996866160075434,                -0.000415996450163625
        1007,3057.49629753333,          0.996640894578434,                -0.000277268297281523
        1008,3057.49542544444,          0.996554333694625,                -0.000693014140260518
        1009,3057.49455335555,          0.996746336163892,                 -0.00110857370906592
        1010,3057.49368126667,          0.996659790443759,                 -0.00110832336996804
        1011,3057.49280917778,          0.996850302088441,                 -0.00138509142988529
        1012,3057.49193708889,          0.996625294092395,                 -0.00152325666736367
        1013,     3057.491065,          0.996400387650561,                 -0.00138446628824588
        1014,3057.49019291111,          0.996592208309918,                 -0.00138415584487489
        1015,3057.48932082222,          0.996505794845183,                 -0.00124545926310327
        1016,3057.48844873333,          0.996557773510352,                -0.000968472083100439
        1017,3057.48757664445,           0.99647140677584,                -0.000829931765776657
        1018,3057.48670455555,          0.996386456888481,                -0.000276581945007212
        1019,3057.48583246667,          0.996576687184422,                 0.000276519613536188
        1020,3057.48496037778,                          1,                                    0
        1021,3057.48408828889,                          1,                                    0
        1022,    3057.4832162,                          1,                                    0
        1023,3057.48234411111,                          1,                                    0
