"SCAN INDEX",      WAVENUMBER,"SCIENCE DIRECT ABSORPTION","SCIENCE HARMONIC ABSORPTION SPECTRA"
           0,3058.39122071052,                          1,                                    0
           1,3058.39032610526,                          1,                                    0
           2,3058.38943149999,                          1,                                    0
           3,3058.38853689474,                          1,                                    0
           4,3058.38764228947,                          1,                                    0
           5,3058.38674768421,                          1,                                    0
           6,3058.38585307894,                          1,                                    0
           7,3058.38495847368,                          1,                                    0
           8,3058.38406386842,                          1,                                    0
           9,3058.38316926315,                          1,                                    0
          10,3058.38227465789,                          1,                                    0
          11,3058.38138005263,                          1,                                    0
          12,3058.38048544736,                          1,                                    0
          13, 3058.3795908421,                          1,                                    0
          14,3058.37869623684,                          1,                                    0
          15,3058.37780163157,                          1,                                    0
          16,3058.37690702632,                          1,                                    0
          17,3058.37601242105,                          1,                                    0
          18,3058.37511781578,                          1,                                    0
          19,3058.37422321052,                          1,                                    0
          20,3058.37332860526,                          1,                                    0
          21,     3058.372434,                          1,                                    0
          22,3058.37153939473,                          1,                                    0
          23,3058.37064478947,                          1,                                    0
          24, 3058.3697501842,                          1,                                    0
          25,3058.36885557895,                          1,                                    0
          26,3058.36796097368,                          1,                                    0
          27,3058.36706636842,                          1,                                    0
          28,3058.36617176315,                          1,                                    0
          29,3058.36527715789,                          1,                                    0
          30,3058.36438255263,                          1,                                    0
          31,3058.36348794736,                          1,                                    0
          32,3058.36259334211,                          1,                                    0
          33,3058.36169873684,                          1,                                    0
          34,3058.36080413157,                          1,                                    0
          35,3058.35990952631,                          1,                                    0
          36,3058.35901492105,                          1,                                    0
          37,3058.35812031579,                          1,                                    0
          38,3058.35722571053,                          1,                                    0
          39,3058.35633110526,                          1,                                    0
          40,3058.35543649999,                          1,                                    0
          41,3058.35454189473,                          1,                                    0
          42,3058.35364728947,                          1,                                    0
          43,3058.35275268421,                          1,                                    0
          44,3058.35185807894,                          1,                                    0
          45,3058.35096347368,                          1,                                    0
          46,3058.35006886841,                          1,                                    0
          47,3058.34917426315,                          1,                                    0
          48,3058.34827965789,                          1,                                    0
          49,3058.34738505263,                          1,                                    0
          50,3058.34649044737,                          1,                                    0
          51, 3058.3455958421,                          1,                                    0
          52,3058.34470123683,                          1,                                    0
          53,3058.34380663157,                          1,                                    0
          54,3058.34291202632,                          1,                                    0
          55,3058.34201742105,                          1,                                    0
          56,3058.34112281579,                          1,                                    0
          57,3058.34022821052,                          1,                                    0
          58,3058.33933360526,                          1,                                    0
          59,     3058.338439,                          1,                                    0
          60,3058.33754439473,                          1,                                    0
          61,3058.33664978947,                          1,                                    0
          62,3058.33575518421,                          1,                                    0
          63,3058.33486057894,                          1,                                    0
          64,3058.33396597368,                          1,                                    0
          65,3058.33307136841,                          1,                                    0
          66,3058.33217676316,                          1,                                    0
          67,3058.33128215789,                          1,                                    0
          68,3058.33038755263,                          1,                                    0
          69,3058.32949294736,                          1,                                    0
          70, 3058.3285983421,                          1,                                    0
          71,3058.32770373684,                          1,                                    0
          72,3058.32680913158,                          1,                                    0
          73,3058.32591452631,                          1,                                    0
          74,3058.32501992105,                          1,                                    0
          75,3058.32412531578,                          1,                                    0
          76,3058.32323071052,                          1,                                    0
          77,3058.32233610526,                          1,                                    0
          78,3058.32144149999,                          1,                                    0
          79,3058.32054689473,                          1,                                    0
          80,3058.31965228947,                          1,                                    0
          81,3058.31875768421,                          1,                                    0
          82,3058.31786307894,                          1,                                    0
          83,3058.31696847369,                          1,                                    0
          84,3058.31607386842,           0.99311944971222,                 0.000781214906361628
          85,3058.31517926315,          0.992992250483125,                -0.000585605809209627
          86,3058.31428465789,          0.992668146824359,                 -0.00136569910136999
          87,3058.31339005263,          0.992539379828636,                 -0.00136498539465628
          88,3058.31249544737,            0.9928005394723,                -0.000974480309650863
          89, 3058.3116008421,           0.99286856617468,                -0.000779178784520055
          90,3058.31070623684,          0.993129282030415,                 -0.00019469305666152
          91,3058.30981163157,          0.993584317479962,                 0.000389183046408132
          92,3058.30891702631,          0.993455408283333,                 0.000777960382367528
          93,3058.30802242105,          0.993911731774073,                  0.00252705896989301
          94,3058.30712781578,          0.993977074023703,                  0.00330289489022732
          95,3058.30623321052,          0.994042348262416,                  0.00388373646517842
          96,3058.30533860526,          0.994301640413325,                  0.00426988797366644
          97,3058.30444399999,          0.993786651096114,                  0.00446166171680863
          98,3058.30354939473,          0.994045807150848,                  0.00465322788601918
          99,3058.30265478946,          0.994304694025064,                  0.00445702747272977
         100,3058.30176018421,          0.994369628922327,                  0.00348629788091194
         101,3058.30086557895,          0.994630004607278,                   0.0021294141788011
         102,3058.29997097368,          0.994114255420419,                 0.000773930911187558
         103,3058.29907636841,          0.994179188180464,                -0.000386764904952525
         104,3058.29818176314,          0.994632540681167,                 -0.00173954389159162
         105,3058.29728715789,          0.994503955413459,                 -0.00231819103825981
         106,3058.29639255263,          0.994568585843568,                  -0.0028962393297716
         107,3058.29549794736,          0.994633149420762,                 -0.00328070693444955
         108, 3058.2946033421,          0.994313798105114,                 -0.00289325062494214
         109,3058.29370873684,           0.99457121045042,                 -0.00308453951680688
         110,3058.29281413159,          0.994635672776039,                 -0.00289026251290984
         111,3058.29191952631,          0.994701984204171,                 -0.00250360615578978
         112,3058.29102492105,          0.995151284168625,                 -0.00230982889942428
         113,3058.29013031578,           0.99502296132839,                 -0.00211625146454221
         114,3058.28923571053,          0.995281259253847,                  -0.0028843158595069
         115,3058.28834110526,          0.995153001410665,                 -0.00307501893058529
         116,    3058.2874465,          0.995024875621891,                 -0.00288134616492825
         117,3058.28655189474,          0.995282774350734,                 -0.00287986913874634
         118,3058.28565728946,          0.995538498440873,                 -0.00249460302230751
         119,3058.28476268421,          0.995412280970939,                 -0.00172614846411146
         120,3058.28386807894,          0.995475980523713,                 -0.00134187018364452
         121,3058.28297347368,          0.995539614659493,                 -0.00153277846752809
         122,3058.28207886841,          0.995413590708452,                 -0.00229799212937696
         123,3058.28118426315,          0.995477191686301,                 -0.00306241781714686
         124,3058.28028965789,          0.995542631951485,                 -0.00363476364471142
         125,3058.27939505263,          0.995988512384369,                 -0.00344169576174288
         126,3058.27850044736,          0.995862517080256,                 -0.00343993960994907
         127, 3058.2776058421,          0.996116768188443,                 -0.00343817868214611
         128,3058.27671123685,          0.995609011072929,                  -0.0043909889270714
         129,3058.27581663158,          0.995481502400452,                 -0.00457955837792042
         130,3058.27492202631,          0.995737457922893,                 -0.00419579085889746
         131,3058.27402742104,          0.995800634003237,                 -0.00400302705093185
         132,3058.27313281578,          0.996056166288795,                 -0.00304837388305676
         133,3058.27223821053,          0.995738263085132,                 -0.00266596589848764
         134,3058.27134360526,          0.995803237502498,                 -0.00171296428469466
         135,     3058.270449,          0.996058378608714,                -0.000760930770518498
         136,3058.26955439473,          0.995740959044758,                -0.000380271513860897
         137,3058.26865978947,          0.996185911627934,                -0.000380078562238815
         138, 3058.2677651842,          0.996060584188393,                -0.000379885806326618
         139,3058.26687057895,          0.996123339319819,                -0.000949231312483151
         140,3058.26597597368,          0.996187920889397,                 -0.00151800064135527
         141,3058.26508136842,           0.99644209104909,                  -0.0020861939477617
         142,3058.26418676315,          0.996314999317592,                 -0.00208513413099192
         143,3058.26329215789,           0.99600046228669,                 -0.00208407933900582
         144,3058.26239755263,          0.996443707179621,                 -0.00170429368388761
         145,3058.26150294736,          0.996318693278066,                 -0.00132489187935913
         146, 3058.2606083421,          0.996004630995891,                 -0.00113504801253093
         147,3058.25971373684,          0.996256239600666,                 -0.00094539404023597
         148,3058.25881913157,          0.996320493171085,                 -0.00113390040952703
         149,3058.25792452631,           0.99600690574862,                 -0.00132221663952974
         150,3058.25702992105,          0.996448805979448,                 -0.00188792877222328
         151,3058.25613531579,          0.996324167654185,                 -0.00264176862635579
         152,3058.25524071052,          0.996388257593618,                 -0.00414926020576559
         153,3058.25434610526,          0.996075267398328,                 -0.00527821867659977
         154,    3058.2534515,          0.996327831046314,                   -0.005463976380549
         155,3058.25255689473,          0.996391822468626,                 -0.00564954728294439
         156,3058.25166228948,          0.996267525970152,                 -0.00545848446120053
         157,3058.25076768421,          0.996707741510676,                 -0.00489135546985232
         158,3058.24987307894,           0.99639537660511,                 -0.00432479593544396
         159,3058.24897847368,          0.996459205689327,                 -0.00357086475067846
         160,3058.24808386841,          0.996336996336996,                 -0.00338123415046492
         161,3058.24718926316,           0.99621303863752,                 -0.00281628261959344
         162,3058.24629465789,          0.995901547053393,                 -0.00168892291755804
         163,3058.24540005263,          0.996153059827328,                 -0.00150051298787773
         164,3058.24450544736,          0.996406188779135,                -0.000749882362204429
         165, 3058.2436108421,          0.996282444292877,                 0.000187376799754162
         166,3058.24271623684,          0.996158823562462,                   0.0009364155137831
         167,3058.24182163157,          0.996411570578997,                  0.00187189849817583
         168,3058.24092702632,          0.996475104961047,                  0.00187096339647211
         169,3058.24003242105,          0.995979429640019,                  0.00205703599812997
         170,3058.23913781578,          0.996230026335612,                  0.00168218953790253
         171,3058.23824321052,          0.996295417564167,                   0.0018681706685996
         172,3058.23734860526,          0.996358883390907,                  0.00224068714405751
         173,     3058.236454,          0.996237514370605,                  0.00279946847425236
         174,3058.23555939473,          0.996302804421712,                  0.00429038841072821
         175,3058.23466478947,           0.99636617202605,                  0.00577981873742656
         176, 3058.2337701842,          0.996244980106781,                  0.00689507374933612
         177,3058.23287557894,          0.996496430307647,                  0.00726417958542023
         178,3058.23198097368,          0.996375293913957,                  0.00726058229870036
         179,3058.23108636842,          0.996440354066612,                  0.00707091194295635
         180,3058.23019176316,          0.996133380697405,                  0.00613749095650007
         181,3058.22929715789,          0.996568428801404,                  0.00501909113554149
         182,3058.22840255262,          0.996261696134609,                  0.00445920938217654
         183,3058.22750794737,          0.996328533994952,                  0.00371417906428687
         184, 3058.2266133421,          0.996764691142159,                  0.00352672795748622
         185,3058.22571873684,          0.996272789508153,                  0.00333946186427314
         186,3058.22482413158,          0.996708543878355,                  0.00333781465856938
         187,3058.22392952631,          0.996587840405085,                  0.00370685453005425
         188,3058.22303492105,          0.996839605339696,                   0.0033345312945762
         189,3058.22214031578,          0.996533795493934,                  0.00296256795390244
         190,3058.22124571053,          0.996598425430009,                  0.00222083214580503
         191,3058.22035110526,          0.996849814003992,                  0.00221974350863758
         192,    3058.2194565,            0.9965444497651,                  0.00184887653017644
         193,3058.21856189473,          0.996610820979646,                   0.0025871595575218
         194,3058.21766728947,          0.996859992611747,                  0.00314000738825268
         195,3058.21677268421,          0.996372296530143,                  0.00387693500595386
         196,3058.21587807895,          0.996807705792261,                  0.00461314191869799
         197,3058.21498347368,          0.996873818460148,                  0.00534862918322744
         198,3058.21408886842,          0.996938028724646,                  0.00663642178884749
         199,3058.21319426315,          0.997004013074738,                  0.00755445657661509
         200,3058.21229965789,          0.997069933019148,                  0.00883992552362746
         201,3058.21140505263,          0.997319863931553,                  0.00846746285360861
         202,3058.21051044737,          0.997017594536366,                  0.00827934891200156
         203, 3058.2096158421,          0.997269141296652,                  0.00809143319510468
         204,3058.20872123684,          0.997334803786417,                  0.00753607205220108
         205,3058.20782663157,          0.997216685191479,                  0.00753240311216851
         206,3058.20693202631,          0.997465937052407,                  0.00697785449337104
         207,3058.20603742105,          0.997533238872044,                  0.00605677955524884
         208,3058.20514281579,          0.997415195859911,                  0.00605383510453873
         209,3058.20424821052,          0.997665817706414,                  0.00458401864412063
         210,3058.20335360526,          0.997914368134184,                  0.00293234708726298
         211,3058.20245899999,          0.997798139592821,                  0.00146546449729072
         212,3058.20156439474,          0.997865117931178,                 -0.00109856710230955
         213,3058.20066978947,          0.997930205277519,                 -0.00219606867106734
         214,3058.19977518421,          0.997997055030684,                 -0.00420709902230677
         215,3058.19888057894,           0.99806384025128,                 -0.00493638462846393
         216,3058.19798597367,          0.998130561032705,                 -0.00511674399650599
         217,3058.19709136842,          0.998379870206964,                  -0.0043836657308758
         218,3058.19619676315,          0.998446374356231,                 -0.00310359999342767
         219, 3058.1953021579,          0.998332159397388,                  -0.0021897250800162
         220,3058.19440755263,          0.998398622596566,                 -0.00145911380722918
         221,3058.19351294737,          0.998465021821483,                 -0.00164071301741708
         222, 3058.1926183421,          0.998350962545895,                   -0.001093284499959
         223,3058.19172373684,          0.998599447428283,                 -0.00109275883358922
         224,3058.19082913158,          0.998667472493865,                -0.000546117830383084
         225,3058.18993452632,          0.998915567071085,                 -0.00036390366742116
         226,3058.18903992105,          0.998801510932803,                -0.000363729610682011
         227,3058.18814531578,          0.998869341709657,                -0.000181777860183741
         228,3058.18725071052,           0.99911879865912,                 0.000181690998119498
         229,3058.18635610526,          0.998823204660691,                                    0
         230,    3058.1854615,          0.999072445458522,                -0.000181517522794063
         231,3058.18456689474,           0.99914001748994,                 -0.00127001636506802
         232,3058.18367228947,          0.999388869444742,                 -0.00235747691939424
         233,3058.18277768421,          0.998912452419793,                 -0.00308138481058546
         234,3058.18188307895,          0.999162985857722,                 -0.00380460973762687
         235,3058.18098847368,          0.999411471773281,                 -0.00380279777264702
         236,3058.18009386842,          0.999118531295759,                 -0.00343899494467743
         237,3058.17919926316,          0.999366802351877,                 -0.00325644504748982
         238,3058.17830465789,          0.999435816944298,                  -0.0028932464394986
         239,3058.17741005263,          0.999324023901358,                 -0.00307261863019047
         240,3058.17651544736,          0.999392993409643,                 -0.00325182101977107
         241,3058.17562084211,          0.999461897659435,                 -0.00343085384923745
         242,3058.17472623684,          0.999711222611269,                 -0.00360971735913078
         243,3058.17383163158,          0.999779911315084,                 -0.00342761066672439
         244,3058.17293702631,          0.999487904447297,                  -0.0028850453673384
         245,3058.17204242104,          0.999738665753499,                 -0.00216276617794159
         246,3058.17114781579,          0.999446953470232,                -0.000720581797743498
         247,3058.17025321052,          0.999877558663805,                -0.000180060788522205
         248,3058.16935860526,           0.99994600723503,                 0.000359951766463294
         249,3058.16846399999,           1.00001619022434,                   0.0014391310526704
         250,3058.16756939474,           1.00008630734044,                  0.00143845567398841
         251,3058.16667478947,          0.999976636059905,                 0.000898613080571446
         252,3058.16578018421,          0.999687429267399,                  0.00053891505620884
         253,3058.16488557895,          0.999757601874545,                -0.000359108334006661
         254,3058.16399097368,          0.999648238680823,                  -0.0012562904256312
         255,3058.16309636841,          0.999899543641112,                 -0.00161447719640653
         256,3058.16220176315,           0.99996951859097,                  -0.0014344192484719
         257,3058.16130715789,          0.999682782623657,                 -0.00107531314014735
         258,3058.16041255263,          0.999931928675583,                 -0.00107481038553449
         259,3058.15951794737,          0.999824529362684,                 -0.00107431002438684
         260, 3058.1586233421,           1.00025413506384,                 -0.00161071519333951
         261,3058.15772873684,           1.00050445602825,                   -0.001967736280406
         262,3058.15683413158,           1.00003933643018,                 -0.00232442541991639
         263,3058.15593952632,           1.00028952457206,                 -0.00250206420296745
         264,3058.15504492105,           1.00018220858238,                 -0.00267953797619856
         265,3058.15415031579,          0.999898224644992,                 -0.00178553254400891
         266,3058.15325571052,          0.999969660031732,                 -0.00196317441733876
         267,3058.15236110525,           1.00022120105035,                -0.000891939719146021
         268,    3058.1514665,           1.00011411535636,                -0.000534915732941537
         269,3058.15057189473,           1.00000891114695,                -0.000356445878148977
         270,3058.14967728948,            1.0000819447265,                -0.000178140709783844
         271,3058.14878268421,           1.00015491094401,                -0.000178058556336837
         272,3058.14788807894,           1.00022780989264,                -0.000177976478628584
         273,3058.14699347368,           1.00048031594115,                -0.000533684379058225
         274,3058.14609886842,           1.00037518514765,                 -0.00106687719710023
         275,3058.14520426316,           1.00027015114245,                 -0.00195504116250302
         276,3058.14430965789,            1.0003446401353,                 -0.00266474331415902
         277,3058.14341505263,           1.00041906087747,                 -0.00355136336839713
         278,3058.14252044736,           1.00013843974854,                 -0.00354973714196464
         279, 3058.1416258421,           1.00021288674425,                 -0.00319330116378087
         280,3058.14073123684,            1.0002872656214,                 -0.00301451578010349
         281,3058.13983663157,           1.00036157647342,                 -0.00194967706258109
         282,3058.13894202631,           1.00008149468336,                -0.000708649420501936
         283,3058.13804742105,           1.00015760273839,                -0.000354163457060337
         284,3058.13715281578,           1.00023187112921,                 0.000177000861994198
         285,3058.13625821052,          0.999954000700605,                  0.00088460191144781
         286,3058.13536360526,           1.00020690277161,                    0.001591559781638
         287,     3058.134469,           1.00010605578534,                  0.00159083678014636
         288,3058.13357439473,           1.00018197976314,                  0.00212015258031403
         289,3058.13267978947,           1.00025783482324,                  0.00176599194001279
         290,3058.13178518421,          0.999982348060934,                 0.000882596953275317
         291,3058.13089057894,           1.00023466433296,                  0.00105863608855138
         292,3058.12999597369,           1.00031215664973,                  0.00052907906733942
         293,3058.12910136842,           1.00003701882143,                -0.000176280102030923
         294,3058.12820676315,           1.00046516872938,                  -0.0005286008288461
         295,3058.12731215789,           1.00001408966664,                -0.000176120832981092
         296,3058.12641755262,           1.00009330213873,                 0.000880208855957342
         297,3058.12552294737,          0.999994721125878,                  0.00175962470724244
         298, 3058.1246283421,          0.999896228887415,                  0.00281413186670161
         299,3058.12373373684,           0.99997538738498,                  0.00386769664600379
         300,3058.12283913157,           1.00023020055564,                  0.00421741475989731
         301,3058.12194452632,           1.00048302814737,                  0.00456681157511088
         302,3058.12104992105,           1.00021068155483,                  0.00333579128480635
         303,3058.12015531578,           1.00011406810743,                  0.00333429852501163
         304,3058.11926071053,           1.00019470644057,                  0.00263116811585559
         305,3058.11836610526,           1.00044885192095,                  0.00280532450591222
         306,    3058.1174715,           1.00052926929292,                  0.00315458518957304
         307,3058.11657689473,           1.00025750937632,                  0.00367870537598997
         308,3058.11568228947,           1.00016284163913,                   0.0036770692707321
         309,3058.11478768421,           1.00006825807152,                  0.00350041392394651
         310,3058.11389307894,           1.00014870148614,                  0.00349885849741522
         311,3058.11299847368,           1.00005420821902,                  0.00349730445259316
         312,3058.11210386842,           1.00013633455801,                  0.00332097000290148
         313,3058.11120926315,           1.00021664080954,                  0.00314478594490335
         314,3058.11031465789,           1.00029862266843,                   0.0027941302309174
         315,3058.10942005263,           1.00003142008302,                  0.00244378423479879
         316,3058.10852544737,           1.00046236924983,                  0.00209374754638959
         317, 3058.1076308421,           1.00036973218833,                  0.00122081382937906
         318,3058.10673623684,           1.00045150189753,                 0.000522975170882137
         319,3058.10584163158,           1.00036069441516,                 0.000348497019479241
         320,3058.10494702631,           1.00026822445859,                 0.000522515179065952
         321,3058.10405242105,           1.00035167253368,                  0.00104457188221407
         322,3058.10315781579,            1.0002610284521,                  0.00174018968067519
         323,3058.10226321053,            1.0005183492143,                  0.00278308302980334
         324,3058.10136860526,           1.00042771153465,                  0.00365119602749872
         325,     3058.100474,           1.00033889173712,                  0.00451855649499049
         326,3058.09957939473,           1.00059584092611,                  0.00434286389290845
         327,3058.09868478947,           1.00050702542767,                  0.00486188766261278
         328,3058.09779018421,           1.00059185051349,                  0.00451264321133576
         329,3058.09689557895,           1.00050311410281,                  0.00381672767648028
         330,3058.09600097368,            1.0005878670484,                   0.0031214179561302
         331,3058.09510636842,           1.00049920958482,                  0.00208003993676679
         332,3058.09421176315,           1.00041236256025,                  0.00121283105956387
         333,3058.09331715789,           1.00049877730286,                  0.00103911938096195
         334,3058.09242255263,           1.00075649643477,                   0.0013848904984394
         335,3058.09152794737,           1.00066965096823,                  0.00242250996257222
         336, 3058.0906333421,           1.00075757313694,                  0.00276739045457847
         337,3058.08973873684,            1.0006708021272,                  0.00380351721610202
         338,3058.08884413158,           1.00075691854658,                  0.00380187397824637
         339,3058.08794952631,           1.00119016567313,                  0.00310928622879855
         340,3058.08705492105,           1.00093238483321,                   0.0024172940120174
         341,3058.08616031579,           1.00102000486703,                  0.00224366552815024
         342,3058.08526571052,           1.00076251858855,                  0.00224270173102071
         343,3058.08437110526,           1.00102257775816,                  0.00224173876156004
         344,    3058.0834765,           1.00111177185407,                   0.0018960450224509
         345,3058.08258189473,            1.0010285956482,                  0.00155064670582337
         346,3058.08168728947,           1.00111771098302,                 0.000861102452247563
         347,3058.08079268421,            1.0010346032615,                  0.00086073482653611
         348,3058.07989807895,           1.00129571347697,                 0.000688294011670025
         349,3058.07900347368,           1.00104060062436,                 0.000688000412800248
         350,3058.07810886842,           1.00130320712741,                  0.00051578118499008
         351,3058.07721426315,           1.00104830809947,                 0.000687415147192768
         352,3058.07631965789,           1.00131068803392,                 0.000171780869451693
         353,3058.07542505263,           1.00157284540784,                -0.000858540069782137
         354,3058.07453044737,           1.00132159346412,                 -0.00171635514820727
         355, 3058.0736358421,           1.00141196170032,                 -0.00205875339050949
         356,3058.07274123684,           1.00133248045438,                 -0.00205788487163086
         357,3058.07184663158,           1.00142448433153,                 -0.00137134472349405
         358,3058.07095202631,           1.00151641064743,                -0.000685383343471295
         359,3058.07005742105,           1.00177953314231,                 -0.00051382092655615
         360,3058.06916281579,           1.00135762796885,                -0.000342403018625012
         361,3058.06826821053,           1.00179343957067,                -0.000855648650128689
         362,3058.06737360526,           1.00137359582755,                 -0.00102634806541943
         363,     3058.066479,           1.00129436447046,                -0.000854930297532842
         364,3058.06558439474,           1.00156045169351,                -0.000512744258546165
         365,3058.06468978947,           1.00148291909549,                                    0
         366,3058.06379518421,           1.00157622310986,                 0.000170771734545585
         367,3058.06290057895,           1.00150045833113,                 0.000512101819497765
         368,3058.06200597368,            1.0015953861773,                 0.000341259075358535
         369,3058.06111136842,           1.00151967648458,                 0.000682234112046719
         370,3058.06021676316,           1.00144402978077,                  0.00102292546453603
         371,3058.05932215789,           1.00154056946537,                  0.00102250185754504
         372,3058.05842755263,           1.00163532297629,                  0.00102207686017989
         373,3058.05753294737,           1.00156142779546,                  0.00119192961485349
         374, 3058.0566383421,             1.001657798974,                  0.00153184710123467
         375,3058.05574373684,           1.00158395560161,                  0.00170134865908205
         376,3058.05484913157,           1.00168194132423,                  0.00187071330298243
         377,3058.05395452632,           1.00177814345504,                  0.00220992972423477
         378,3058.05305992105,           1.00170604388135,                  0.00288871971942035
         379,3058.05216531578,           1.00180385842259,                  0.00237796778872775
         380,3058.05127071052,           1.00173180753166,                  0.00203742062548813
         381,3058.05037610526,           1.00166151579798,                  0.00152744046800776
         382,    3058.0494815,           1.00158958238261,                  0.00135716745580299
         383,3058.04858689474,           1.00185855954852,                  0.00101745960685361
         384,3058.04769228947,           1.00161879497241,                 0.000508521980862623
         385,3058.04679768421,           1.00205697864741,                 0.000508314328025402
         386,3058.04590307895,           1.00164965634982,                  0.00118558464566262
         387,3058.04500847368,           1.00191817047507,                   0.0020316015623016
         388,3058.04411386842,           1.00168046748473,                  0.00220000778464293
         389,3058.04321926316,           1.00195044548987,                   0.0027066025878504
         390,3058.04232465789,           1.00188201634463,                  0.00219822214556627
         391,3058.04143005263,           1.00215169355016,                  0.00169025416351857
         392,3058.04053544737,            1.0020849313865,                  0.00135165730080795
         393, 3058.0396408421,           1.00201822311921,                   0.0010133337837039
         394,3058.03874623684,            1.0021203895034,                  0.00033764164066826
         395,3058.03785163158,           1.00188496801292,                 0.000675010926739377
         396,3058.03695702631,           1.00198710574169,                 0.000168684697936311
         397,3058.03606242105,           1.00192223383806,                                    0
         398,3058.03516781579,           1.00219451270694,                                    0
         399,3058.03427321052,           1.00196112788441,                -0.000168481777010998
         400,3058.03337860526,           1.00206475864555,                -0.000168414245150512
         401,     3058.032484,           1.00200164643416,                 -0.00016834705081219
         402,3058.03158939473,           1.00193689850551,                 0.000168279626890411
         403,3058.03069478947,           1.00204210023449,                                    0
         404,3058.02980018421,           1.00214721811667,                                    0
         405,3058.02890557895,           1.00225225225225,                 0.000168078526287482
         406,3058.02801097368,           1.00185485117508,                 0.000168011881800281
         407,3058.02711636842,             1.002129546279,                 0.000167945290142283
         408,3058.02622176315,           1.00206658395854,                 0.000839392347092093
         409,3058.02532715789,           1.00217484695521,                 0.000335624530125658
         410,3058.02443255263,            1.0021135974771,                 0.000838729157580434
         411,3058.02353794737,           1.00222007592526,                  0.00117375615383584
         412,3058.02264334211,           1.00216053676516,                  0.00117329382126712
         413,3058.02174873684,           1.00210104449054,                  0.00100528444523378
         414,3058.02085413158,           1.00204159904603,                  0.00133985171191178
         415,3058.01995952631,           1.00198387785339,                  0.00167415852607083
         416,3058.01906492105,           1.00192452514434,                  0.00200820015061501
         417,3058.01817031579,           1.00203417956988,                  0.00217469855332361
         418,3058.01727571052,           1.00214374818149,                  0.00217384760993816
         419,3058.01638110526,           1.00225323107988,                  0.00200584369128728
         420,    3058.0154865,           1.00236430319891,                  0.00083544282647017
         421,3058.01459189473,           1.00213956797763,                 0.000334046522659211
         422,3058.01369728947,           1.00208363942353,                -0.000333916574283081
         423,3058.01280268421,           1.00236154109332,                -0.000834466817427005
         424,3058.01190807895,            1.0021404131014,                -0.000667315074480704
         425,3058.01101347368,           1.00241807721171,                 0.000166763945634954
         426,3058.01011886842,           1.00219709876276,                 0.000333398901784018
         427,3058.00922426315,           1.00247619618939,                 0.000166635006015524
         428,3058.00832965789,           1.00208879546128,                                    0
         429,3058.00743505263,           1.00236771909727,                -0.000499518796892327
         430,3058.00654044737,           1.00231521165628,                -0.000832211235184559
         431,3058.00564584211,           1.00192998802076,                -0.000998269665912419
         432,3058.00475123684,           1.00221031781011,                 -0.00133051485935626
         433,3058.00385663157,           1.00215793131195,                  -0.0018287553491094
         434,3058.00296202632,           1.00210558503522,                 -0.00265898662695913
         435,3058.00206742105,           1.00205494357627,                 -0.00348858650780862
         436,3058.00117281579,           1.00233646023783,                 -0.00481573183348196
         437,3058.00027821052,           1.00211977298344,                 -0.00531188218245319
         438,3057.99938360526,           1.00206918409101,                 -0.00564172085760794
         439,     3057.998489,           1.00202029584562,                 -0.00530783801805328
         440,3057.99759439474,           1.00180563776817,                 -0.00497420872774663
         441,3057.99669978947,           1.00208837471409,                 -0.00397785659826963
         442,3057.99580518421,           1.00220521597365,                 -0.00347930394039455
         443,3057.99491057895,           1.00215635030258,                 -0.00281551114776796
         444,3057.99401597368,           1.00210918073063,                 -0.00215222523533755
         445,3057.99312136842,           1.00189655343614,                 -0.00182042650938182
         446,3057.99222676316,           1.00201494833593,                -0.000827154489298275
         447,3057.99133215789,           1.00196788543269,                -0.000661474095020754
         448,3057.99043755263,           1.00208616420195,                -0.000495918590004265
         449,3057.98954294737,           1.00220600993118,                -0.000495732568803549
         450, 3057.9886483421,           1.00183021909771,                -0.000660728916140286
         451,3057.98775373684,           1.00178495060426,                -0.000825601574587323
         452,3057.98685913158,           1.00190642821184,                -0.000990352317837071
         453,3057.98596452632,            1.0018611650101,                -0.000659987592233266
         454,3057.98506992105,           1.00181758805076,                 0.000164935394805855
         455,3057.98417531579,            1.0016091696289,                  0.00115411756171231
         456,3057.98328071052,           1.00189534404615,                  0.00148331273176761
         457,3057.98238610526,           1.00201820503316,                  0.00164751431278059
         458,    3057.9814915,           1.00180994431827,                   0.0011528307759704
         459,3057.98059689473,           1.00176811661009,                 0.000493887321253947
         460,3057.97970228947,            1.0015617517292,                -0.000329136296986263
         461,3057.97880768421,           1.00168620193296,                -0.000658030022619782
         462,3057.97791307895,            1.0014800197336,                  -0.0011511264594639
         463,3057.97701847368,           1.00176879426095,                -0.000821930418658478
         464,3057.97612386842,           1.00189303062371,                -0.000657302299900747
         465,3057.97522926316,           1.00168864533848,                -0.000164265110747538
         466,3057.97433465789,           1.00164861509764,                 0.000328409381999225
         467,3057.97344005263,           1.00161025837999,                 0.000492433755349062
         468,3057.97254544737,           1.00173601425566,                 0.000492253569658803
         469, 3057.9716508421,           1.00202570263997,                 0.000492073515783258
         470,3057.97075623684,           1.00165932105567,                                    0
         471,3057.96986163158,           1.00178656307879,                 0.000327809739227352
         472,3057.96896702631,           1.00174822596845,                 0.000491534948954096
         473,3057.96807242105,           1.00138398670062,                 0.000327570816715939
         474,3057.96717781579,            1.0016749157221,                -0.000163725877038592
         475,3057.96628321052,           1.00147627324476,                -0.000818333284233336
         476,3057.96538860526,            1.0017669578875,                 -0.00163607211805896
         477,     3057.964494,           1.00173197413978,                 -0.00245322116115864
         478,3057.96359939473,           1.00169701567205,                 -0.00261582377195248
         479,3057.96270478947,           1.00149865252017,                 -0.00310516879861019
         480,3057.96181018421,           1.00146380353665,                 -0.00408427326075307
         481,3057.96091557895,           1.00143061516452,                 -0.00424611806821225
         482,3057.96002097369,           1.00156070421064,                 -0.00440784661999791
         483,3057.95912636842,           1.00152750487953,                  -0.0044062640755658
         484,3057.95823176316,           1.00149432937891,                  -0.0042415462720071
         485, 3057.9573371579,           1.00162588897967,                 -0.00358771891200793
         486,3057.95644255263,           1.00175572158201,                 -0.00326039290994958
         487,3057.95554794737,           1.00172413231167,                 -0.00342219078876609
         488,3057.95465334211,           1.00152966225253,                  -0.0035838732221138
         489,3057.95375873684,           1.00133696153101,                 -0.00407113742694344
         490,3057.95286413158,           1.00163113016809,                 -0.00455804837391624
         491,3057.95196952632,           1.00143853048578,                 -0.00488189078884846
         492,3057.95107492105,           1.00157141137468,                 -0.00488015954868285
         493,3057.95018031579,            1.0013789694155,                 -0.00487842953596378
         494,3057.94928571052,           1.00151340525937,                 -0.00455159476501579
         495,3057.94839110526,           1.00164611862129,                 -0.00438748299850338
         496,    3057.9474965,           1.00145548112098,                 -0.00389861014548314
         497,3057.94660189474,            1.0012649779725,                 -0.00341008182572533
         498,3057.94570728947,            1.0013992643311,                 -0.00259724237790526
         499,3057.94481268421,           1.00121053980988,                 -0.00146043676795607
         500,3057.94391807894,           1.00134637533051,                -0.000486641685726799
         501,3057.94302347368,           1.00131833490896,                -0.000162156815369872
         502,3057.94212886842,           1.00129193730619,                 0.000648400153670836
         503,3057.94123426316,           1.00142922423264,                 0.000648174255166759
         504,3057.94033965789,           1.00124081939436,                -0.000323973732209792
         505,3057.93944505263,           1.00137802830221,                -0.000971582821767989
         506,3057.93855044736,           1.00135326759086,                 -0.00242811170608841
         507, 3057.9376558421,           1.00132852410842,                 -0.00339817372434986
         508,3057.93676123684,            1.0011420363187,                 -0.00404403795572264
         509,3057.93586663158,           1.00128070788217,                 -0.00468946067968073
         510,3057.93497202632,           1.00109598430059,                  -0.0037179408427117
         511,3057.93407742105,           1.00107298217945,                 -0.00258549922758211
         512,3057.93318281579,           1.00088845812131,                 -0.00145384056215168
         513,3057.93228821052,           1.00102702563043,                -0.000322964034725093
         514,3057.93139360526,           1.00100568705537,                 0.000645705974555956
         515,     3057.930499,            1.0011457341574,                  0.00112959705659281
         516,3057.92960439474,           1.00096305389714,                  0.00145184004594267
         517,3057.92870978947,           1.00094175928375,                  0.00129008121061221
         518,3057.92781518421,           1.00075927451401,                 0.000967228680264827
         519,3057.92692057895,           1.00073967715268,                 0.000966898238794858
         520,3057.92602597368,           1.00104228251817,                  0.00144985203454514
         521,3057.92513136842,           1.00102260191798,                  0.00193247606547873
         522,3057.92423676316,           1.00100293475129,                  0.00241477066922954
         523,3057.92334215789,           1.00082235121639,                  0.00289673618297073
         524,3057.92244755263,           1.00096525096525,                  0.00257400257400257
         525,3057.92155294737,           1.00078641259161,                  0.00209066742145121
         526, 3057.9206583421,           1.00060769554775,                  0.00112536212545537
         527,3057.91976373684,           1.00075052271416,                -0.000160711501961484
         528,3057.91886913158,           1.00073420377448,                 -0.00128525824854645
         529,3057.91797452631,           1.00071628866112,                 -0.00128482271052623
         530,3057.91707992105,           1.00069999229366,                 -0.00160548691207069
         531,3057.91618531579,           1.00068370691122,                 -0.00144445122088227
         532,3057.91529071053,           1.00050859721828,                -0.000962644577182436
         533,3057.91439610526,           1.00065277396859,                -0.000320773448940084
         534,    3057.9135015,           1.00063812525854,                 0.000320665959063784
         535,3057.91260689474,           1.00062348636264,                 0.000961675623606572
         536,3057.91171228947,           1.00060885727104,                  0.00144203037877331
         537,3057.91081768421,           1.00043406601327,                   0.0017618915667861
         538,3057.90992307895,           1.00057962846136,                 0.000960710156948016
         539,3057.90902847368,           1.00072669532898,                 0.000480195151309492
         540,3057.90813386842,           1.00055364074796,                -0.000480035330600332
         541,3057.90723926316,           1.00070061839971,                 -0.00159958538746757
         542,3057.90634465789,           1.00068759294498,                 -0.00255848537665702
         543,3057.90545005263,            1.0005163233303,                  -0.0031970484848388
         544,3057.90455544737,           1.00066476611738,                  -0.0043145877810874
         545, 3057.9036608421,           1.00049201906734,                  -0.0044729006121484
         546,3057.90276623684,           1.00048227557418,                 -0.00511020475951696
         547,3057.90187163158,            1.0007902235774,                 -0.00542779830940047
         548,3057.90097702631,           1.00061920295175,                 -0.00590477041614268
         549,3057.90008242105,           1.00060942729788,                 -0.00590282984853658
         550,3057.89918781579,           1.00059965806731,                 -0.00510347291331751
         551,3057.89829321052,           1.00058989525373,                 -0.00382634759179248
         552,3057.89739860526,           1.00042076004565,                 -0.00207192446719665
         553,     3057.896504,           1.00057198302851,                -0.000159326748889891
         554,3057.89560939474,           1.00056223888941,                   0.0015927447292095
         555,3057.89471478947,           1.00039487176221,                  0.00286600472572335
         556,3057.89382018421,           1.00070512545025,                  0.00366092220221979
         557,3057.89292557894,           1.00037870229226,                  0.00381884664466587
         558,3057.89203097368,           1.00037221672557,                  0.00413574139527189
         559,3057.89113636842,           1.00052315975772,                  0.00381636297428248
         560,3057.89024176316,           1.00035766800461,                  0.00302030759448396
         561,3057.88934715789,           1.00051010759933,                  0.00270150442013797
         562,3057.88845255263,           1.00050358786496,                  0.00206518682792069
         563,3057.88755794737,            1.0003398519262,                 0.000794046556537703
         564, 3057.8866633421,           1.00033339154456,                -0.000635031513438854
         565,3057.88576873684,           1.00032852293233,                  -0.0012696538447499
         566,3057.88487413158,           1.00032365745618,                 -0.00222117862083846
         567,3057.88397952631,           1.00047739964695,                 -0.00269627707577649
         568,3057.88308492105,           1.00047407567136,                 -0.00253685977983228
         569,3057.88219031579,           1.00031066533102,                 -0.00190203263888008
         570,3057.88129571052,           1.00014894486822,                 -0.00142606788716951
         571,3057.88040110526,           1.00062093304694,                -0.000792006437428323
         572,    3057.8795065,           1.00045921679783,                -0.000158350619942677
         573,3057.87861189474,           1.00045590395623,                -0.000158299984803201
         574,3057.87771728948,           1.00045417644518,                -0.000474748897395686
         575,3057.87682268421,           1.00029266826448,                -0.000632796247518252
         576,3057.87592807894,           1.00044914251735,                -0.000316297547428817
         577,3057.87503347368,           1.00044741880455,                 0.000316197035020403
         578,3057.87413886842,           1.00028764789369,                  0.00142243463912833
         579,3057.87324426316,            1.0002875569979,                  0.00221197690696109
         580, 3057.8723496579,           1.00044383441344,                  0.00315896379669541
         581,3057.87145505263,           1.00044369425203,                   0.0033158645169338
         582,3057.87056044737,           1.00044355417912,                  0.00284127232174568
         583, 3057.8696658421,           1.00028561554885,                  0.00205138239503629
         584,3057.86877123684,           1.00060260159831,                 0.000473247328518831
         585,3057.86787663158,           1.00044471218291,                -0.000946196133842597
         586,3057.86698202631,           1.00028849928348,                  -0.0017341486985214
         587,3057.86608742105,           1.00028998480732,                 -0.00189120526511546
         588,3057.86519281579,           1.00076412248017,                 -0.00157551026838817
         589,3057.86429821052,           1.00045045470725,                -0.000945009875353197
         590,3057.86340360526,           1.00029601078235,                                    0
         591,     3057.862509,           1.00045489531899,                  0.00094441934737475
         592,3057.86161439474,            1.0006152548587,                  0.00157354183811716
         593,3057.86071978947,           1.00061820933229,                  0.00141574656248869
         594,3057.85982518421,           1.00046390577209,                  0.00125804955142671
         595,3057.85893057895,           1.00046690551687,                 0.000628828978954666
         596,3057.85803597368,             1.000471475719,                                    0
         597,3057.85714136842,            1.0006331530235,                -0.000471329794170279
         598,3057.85624676316,           1.00063766895871,                -0.000942367919283047
         599,3057.85535215789,           1.00064218210023,                 -0.00125610190754776
         600,3057.85445755263,            1.0008036566377,                 -0.00156964187051082
         601,3057.85356294737,           1.00049428434688,                 -0.00188298798810579
         602, 3057.8526683421,           1.00065727449132,                 -0.00203927646471032
         603,3057.85177373684,            1.0005065260312,                 -0.00172501125177794
         604,3057.85087913158,           1.00051264123109,                 -0.00109739713077682
         605,3057.84998452631,           1.00051875267408,                -0.000940337173565868
         606,3057.84908992105,           1.00052486036364,                -0.000313349470831081
         607,3057.84819531579,           1.00053253140369,                -0.000626507533753093
         608,3057.84730071053,           1.00069520994088,                -0.000939472893075458
         609,3057.84640610526,           1.00070282428923,                 -0.00203490328730799
         610,    3057.8455115,           1.00055395073281,                 -0.00266021538355611
         611,3057.84461689474,           1.00056160352668,                 -0.00312871045505529
         612,3057.84372228947,           1.00072720448521,                 -0.00328414928804335
         613,3057.84282768421,           1.00073479980614,                 -0.00328314806997796
         614,3057.84193307895,           1.00058766160694,                 -0.00296956663082348
         615,3057.84103847368,           1.00044061260777,                 -0.00265617529506983
         616,3057.84014386842,           1.00060604924619,                 -0.00218677563057237
         617,3057.83924926316,           1.00030293282699,                 -0.00124920753397064
         618,3057.83835465789,           1.00046987272849,                -0.000312207793018722
         619,3057.83746005263,           1.00032303723667,                 0.000468169908223092
         620,3057.83656544737,           1.00064587994122,                  0.00031201929527322
         621, 3057.8356708421,           1.00050064022683,                -0.000623850749946583
         622,3057.83477623684,           1.00035548792277,                 -0.00155915755598935
         623,3057.83388163158,           1.00052216065403,                 -0.00202629507532362
         624,3057.83298702631,           1.00037864799293,                 -0.00233733328970311
         625,3057.83209242105,           1.00038943842978,                  -0.0014019783472233
         626,3057.83119781579,            1.0002460514964,                 0.000155728795188603
         627,3057.83030321053,           1.00056979702149,                  0.00124545797046396
         628,3057.82940860526,           1.00027080616193,                  0.00233453587870374
         629,     3057.828514,            1.0002831724022,                  0.00311178463960866
         630,3057.82761939474,           1.00029708714608,                  0.00295531715997132
         631,3057.82672478947,           1.00030943817534,                  0.00202145541680078
         632,3057.82583018421,           1.00001243603216,                 0.000932702411968437
         633,3057.82493557895,           1.00018182298522,                -0.000310808521748049
         634,3057.82404097368,           1.00035110941253,                 -0.00108750702995616
         635,3057.82314636842,           1.00020967128202,                  -0.0013978085468227
         636,3057.82225176316,          0.999914603566466,                -0.000931597456738943
         637,3057.82135715789,           1.00023903912481,                -0.000465660632739668
         638,3057.82046255263,           1.00025448609327,                 0.000155174447113445
         639,3057.81956794737,           1.00026992395591,                 0.000465386130872785
         640,3057.81867334211,           1.00013026972035,                 0.000465249001265477
         641,3057.81777873684,           1.00014573507843,                 0.000310074634964636
         642,3057.81688413158,           1.00016274149676,                  0.00061996760669255
         643,3057.81598952632,           1.00002324194086,                 0.000154946272380052
         644,3057.81509492105,           1.00004027423657,                                    0
         645,3057.81420031579,          0.999902440988412,                -0.000309711147897913
         646,3057.81330571053,          0.999764688397899,                 -0.00015481026453978
         647,3057.81241110526,          0.999781781375892,                  0.00030952996327427
         648,    3057.8115165,          0.999644144631999,                 0.000928318351306608
         649,3057.81062189474,          0.999662809078788,                  0.00108272314150573
         650,3057.80972728947,          0.999836092443862,                   0.0010824083895928
         651,3057.80883268421,          0.999545520595337,                 0.000618339326071969
         652,3057.80793807895,          0.999718737347044,                  0.00030907983841306
         653,3057.80704347368,          0.999582863410941,                  0.00015449503298469
         654,3057.80614886842,          0.999601518554099,                 0.000772250864148717
         655,3057.80525426316,          0.999465757528032,                  0.00138964804847092
         656,3057.80435965789,          0.999640339408459,                  0.00200668999572421
         657,3057.80346505263,          0.999506188080615,                  0.00246905959692602
         658,3057.80257044737,          0.999526385861307,                  0.00262261900905112
         659, 3057.8016758421,          0.999546571991721,                  0.00308454427400624
         660,3057.80078123684,          0.999566746481935,                   0.0030836549328457
         661,3057.79988663158,            0.9992801730051,                  0.00354518648451601
         662,3057.79899202632,          0.999454506790928,                  0.00354416491769833
         663,3057.79809742105,          0.999476230089041,                   0.0035431493976646
         664,3057.79720281579,          0.999497940941838,                    0.003696140305486
         665,3057.79630821053,          0.999365677616426,                  0.00338715835889098
         666,3057.79541360526,           0.99938740768788,                   0.0032322709936001
         667,     3057.794519,          0.999409125320826,                  0.00261585144425774
         668,3057.79362439474,          0.999124708300196,                  0.00246127718749856
         669,3057.79272978947,          0.999300274507693,                  0.00199921569230533
         670,3057.79183518421,          0.999477276920239,                  0.00138367874054486
         671,3057.79094057895,          0.999654178674352,                 0.000922190201729107
         672,3057.79004597368,          0.999370015826432,                 0.000307309352960157
         673,3057.78915136842,          0.999393236507193,                 0.000614444043349027
         674,3057.78825676316,          0.998957275956381,                  0.00107497324084468
         675,3057.78736215789,          0.999134124698325,                  0.00230285984487936
         676,3057.78646755263,          0.999158926126701,                  0.00368353521152701
         677,3057.78557294737,          0.999337150853418,                  0.00537030558573156
         678, 3057.7846783421,          0.999208486982986,                  0.00613575982181754
         679,3057.78378373684,          0.999233246434596,                  0.00690078208863671
         680,3057.78288913158,          0.999104684462596,                  0.00751206529671125
         681,3057.78199452632,          0.999129459222521,                  0.00766321106935513
         682,3057.78109992105,           0.99915575092967,                  0.00704817735665769
         683,3057.78020531579,          0.999333675431005,                  0.00628030053535733
         684,3057.77931071053,          0.999206759997427,                  0.00520659461148085
         685,3057.77841610526,          0.999233007910276,                  0.00413349030390339
         686,    3057.7775215,          0.999259241120076,                  0.00275488839641007
         687,3057.77662689474,          0.999286988613239,                  0.00137706061820841
         688,3057.77573228947,          0.999313192066068,                 0.000152963905107312
         689,3057.77483768421,          0.999493830388833,                 -0.00091752799607298
         690,3057.77394307895,          0.999214204251858,                 -0.00168166405244346
         691,3057.77304847368,          0.999394769339871,                 -0.00152836025285192
         692,3057.77215386842,          0.999422440479283,                 -0.00152793523999279
         693,3057.77125926316,           0.99914459414047,                -0.000916506278068005
         694,3057.77036465789,          0.999477736614328,                -0.000610834369206618
         695,3057.76947005263,          0.999506887544407,                -0.000457999184761451
         696,3057.76857544737,           0.99968712082478,                                    0
         697, 3057.7676808421,          0.999563615945412,                 0.000915491023610514
         698,3057.76678623684,          0.999287639554767,                   0.0015253970989998
         699,3057.76589163158,          0.999316810726072,                  0.00228746408681384
         700,3057.76499702632,           0.99949842132304,                  0.00228683287367993
         701,3057.76410242105,          0.999375104784259,                  0.00304826934507933
         702,3057.76320781579,          0.999558122171601,                  0.00304743329930366
         703,3057.76231321053,          0.999587186638861,                  0.00335125237824672
         704,3057.76141860526,           0.99931318158352,                  0.00395948532782254
         705,     3057.760524,          0.999494543505798,                  0.00411064016369483
         706,3057.75962939474,          0.999677327050343,                  0.00471833086762494
         707,3057.75873478947,           0.99970784793485,                  0.00426055095010286
         708,3057.75784018421,          0.999739872918033,                  0.00349878531301198
         709,3057.75694557895,          0.999770360017702,                  0.00228119187713196
         710,3057.75605097368,          0.999800830430678,                  0.00152037839177414
         711,3057.75515636842,           0.99983280387895,                 0.000455989421045432
         712,3057.75426176316,          0.999864759933687,                 -0.00030391026137802
         713,3057.75336715789,          0.999896698609077,                -0.000911482861083935
         714,3057.75247255263,           1.00008049243143,                 -0.00167059763352252
         715,3057.75157794737,          0.999960523878499,                 -0.00182197483852748
         716,3057.75068334211,           1.00029599046759,                -0.000910739900273981
         717,3057.74978873684,          0.999872531047795,                -0.000151748752625253
         718,3057.74889413158,           1.00020935672869,                 0.000910246646499647
         719,3057.74799952632,           1.00024114987541,                  0.00212333223627834
         720,3057.74710492105,           1.00027444243456,                  0.00303251308908462
         721,3057.74621031579,           1.00015613228497,                  0.00378961856731196
         722,3057.74531571053,           1.00034097366926,                  0.00348550861905664
         723,3057.74442110526,           1.00082872132995,                   0.0022725447804949
         724,    3057.7435265,           1.00071187313512,                 0.000908774215046272
         725,3057.74263189474,           1.00059357245824,                -0.000757107727344308
         726,3057.74173728947,           1.00047685006472,                 -0.00272485751265923
         727,3057.74084268421,           1.00066135664376,                 -0.00363216463391564
         728,3057.73994807895,           1.00069597845493,                 -0.00438769025932762
         729,3057.73905347368,           1.00088184088444,                 -0.00499155217608986
         730,3057.73815886842,           1.00076516647664,                 -0.00483899748069694
         731,3057.73726426316,           1.00064855450957,                 -0.00453534622077158
         732,3057.73636965789,           1.00068465511066,                 -0.00468527779918899
         733,3057.73547505263,           1.00071922444638,                 -0.00483512232859491
         734,3057.73458044737,           1.00090634441088,                 -0.00468277945619335
         735, 3057.7336858421,           1.00064031314937,                 -0.00422848306190499
         736,3057.73279123684,           1.00082584362115,                 -0.00377442240014011
         737,3057.73189663158,           1.00071091227705,                 -0.00301873578364117
         738,3057.73100202632,           1.00104873209045,                 -0.00211255385126112
         739,3057.73010742105,           1.00078445570842,                -0.000905141202027516
         740,3057.72921281579,           1.00082044352212,                 0.000301633647836683
         741,3057.72831821053,           1.00085641223584,                  0.00120621441667471
         742,3057.72742360526,            1.0007431335515,                  0.00165810731572021
         743,     3057.726529,           1.00093130916752,                    0.002109761868164
         744,3057.72565691111,           1.00096721998078,                  0.00195854513241272
         745,3057.72478482222,           1.00085400183452,                  0.00105432325249686
         746,3057.72391273333,            1.0007408433568,                 0.000602311672197896
         747,3057.72304064444,           1.00077978930635,                 -0.00120430780903291
         748,3057.72216855556,           1.00111820629476,                 -0.00150498828366621
         749,3057.72129646667,           1.00115552666739,                 -0.00270826562669267
         750,3057.72042437778,           1.00104391356275,                  -0.0033092360778934
         751,3057.71955228889,           1.00108273933051,                 -0.00421065295196848
         752,    3057.7186802,              1.00112003969,                 -0.00511159053153024
         753,3057.71780811111,           1.00130912676285,                  -0.0063126663650615
         754,3057.71693602222,           1.00104732811122,                 -0.00721258957510334
         755,3057.71606393333,           1.00093588932771,                 -0.00706048128446679
         756,3057.71519184444,           1.00127656379064,                 -0.00630772696553278
         757,3057.71431975556,           1.00131526791827,                  -0.0051049211439828
         758,3057.71344766667,           1.00090513766949,                 -0.00360253798801255
         759,3057.71257557778,           1.00094391862791,                 -0.00195086520872007
         760,3057.71170348889,            1.0011342086944,                 -0.00135024844571401
         761,    3057.7108314,           1.00102442265609,                -0.000899932055129838
         762,3057.70995931111,           1.00106464334448,                 -0.00149949766828113
         763,3057.70908722222,           1.00125475404872,                 -0.00164901965781343
         764,3057.70821513333,           1.00099515014178,                 -0.00224808013956082
         765,3057.70734304444,           1.00088551398018,                 -0.00269699689395858
         766,3057.70647095556,           1.00077743374961,                 -0.00299589113530793
         767,3057.70559886667,            1.0009674221345,                 -0.00329462646423683
         768,3057.70472677778,           1.00100909382177,                 -0.00299434368477945
         769,3057.70385468889,           1.00105074405252,                 -0.00329293007912013
         770,    3057.7029826,           1.00094123491817,                 -0.00344171750681984
         771,3057.70211051111,           1.00068367833907,                 -0.00374003467760153
         772,3057.70123842222,           1.00087494297914,                 -0.00418776126769516
         773,3057.70036633333,           1.00091808141917,                 -0.00508383847748009
         774,3057.69949424444,           1.00081021529005,                 -0.00568047620328929
         775,3057.69862215556,           1.00100130019578,                 -0.00612735940699117
         776,3057.69775006667,           1.00089496355153,                 -0.00672343235704115
         777,3057.69687797778,           1.00093655756095,                 -0.00582547765182464
         778,3057.69600588889,           1.00068095883783,                 -0.00507732466803257
         779,    3057.6951338,           1.00042549062054,                 -0.00268730918238618
         780,3057.69426171111,           1.00076718020974,                -0.000298513700286275
         781,3057.69338962222,           1.00081025789479,                  0.00208906271217043
         782,3057.69251753333,            1.0008533136017,                  0.00447542098793427
         783,3057.69164544444,           1.00045041148519,                  0.00596571503568989
         784,3057.69077335556,           1.00034443220128,                  0.00760434730097858
         785,3057.68990126667,           1.00053664062966,                  0.00849680996959037
         786,3057.68902917778,           1.00028315524359,                  0.00894174453435865
         787,3057.68815708889,           1.00032778092315,                  0.00893947972228016
         788,     3057.687285,             1.000519847293,                  0.00863929598674911
         789,3057.68641291111,           1.00056439039137,                  0.00729686785670143
         790,3057.68554082222,           1.00046003296159,                  0.00506185135724611
         791,3057.68466873333,            1.0002068880319,                  0.00238144497150452
         792,3057.68379664444,           1.00055057065905,                 0.000297605761647545
         793,3057.68292455556,           1.00059506099375,                 -0.00163641773281761
         794,3057.68205246667,           1.00049080119577,                 -0.00297455270163749
         795,3057.68118037778,           1.00068546210703,                 -0.00446070785486046
         796,3057.68030828889,           1.00058271939683,                 -0.00505419885002111
         797,    3057.6794362,           1.00032992607872,                 -0.00535015262796525
         798,3057.67856411111,           1.00037590242583,                 -0.00564596528919971
         799,3057.67769202222,            1.0004218556897,                    -0.00534746648921
         800,3057.67681993333,           1.00076479280055,                 -0.00504911751821024
         801,3057.67594784444,           1.00051369303723,                 -0.00430551967622492
         802,3057.67507575556,           1.00041114820186,                  -0.0037107238434787
         803,3057.67420366667,           1.00031013917681,                 -0.00267105511128654
         804,3057.67333157778,           1.00020769664422,                 -0.00133519271281488
         805,3057.67245948889,           1.00025510658116,                                    0
         806,    3057.6715874,           1.00030100964269,                  0.00163108673377847
         807,3057.67071531111,           1.00005188528904,                  0.00370609207415149
         808,3057.66984322222,           1.00024750530951,                   0.0053354437977689
         809,3057.66897113333,           1.00029485806066,                  0.00651947470814238
         810,3057.66809904444,           1.00019405423742,                  0.00696225126616687
         811,3057.66722695556,           1.00009330057446,                  0.00681242289744194
         812,3057.66635486667,           1.00014065634693,                  0.00666266906522753
         813,3057.66548277778,           1.00033601106024,                  0.00577287724642637
         814,3057.66461068889,           1.00023677745879,                  0.00503152099920088
         815,    3057.6637386,           1.00013611319884,                  0.00399462648762849
         816,3057.66286651111,           1.00033280331324,                  0.00340198942425027
         817,3057.66199442222,           1.00023216506492,                  0.00221813756297662
         818,3057.66112233333,           1.00028089472361,                  0.00162623261039902
         819,3057.66025024444,           1.00018179748942,                  0.00073901418463826
         820,3057.65937815555,           1.00023051552729,                                    0
         821,3057.65850606667,           1.00027920952681,                -0.000738649541815689
         822,3057.65763397778,           1.00047557297682,                 -0.00118154776849935
         823,3057.65676188889,           1.00037652548192,                 -0.00147657051731648
         824,    3057.6558898,           1.00042514747303,                 -0.00177144780429045
         825,3057.65501771111,           1.00032763755612,                 -0.00191859830159775
         826,3057.65414562222,           1.00052379582291,                 -0.00236076990608562
         827,3057.65327353333,           1.00057382163735,                 -0.00265521580266436
         828,3057.65240144444,            1.0003273959633,                 -0.00294951318284917
         829,3057.65152935556,           1.00067232441422,                 -0.00265391216140504
         830,3057.65065726667,           1.00042747011394,                 -0.00221105231349774
         831,3057.64978517778,           1.00062483789583,                 -0.00132630685435382
         832,3057.64891308889,           1.00052744636401,                -0.000294662773189224
         833,     3057.648041,           1.00057739782121,                 0.000441886087658416
         834,3057.64716891111,           1.00048006550096,                 0.000736296780615956
         835,3057.64629682222,           1.00067722748955,                 0.000736116836464284
         836,3057.64542473333,           1.00043420345744,                 0.000147187612690516
         837,3057.64455264444,           1.00063128061674,                -0.000735758294571134
         838,3057.64368055556,           1.00053550201843,                 -0.00132404345216378
         839,3057.64280846667,           1.00058537848102,                 -0.00147080020355875
         840,3057.64193637778,           1.00078374630735,                 -0.00176453202405057
         841,3057.64106428889,           1.00054099189688,                 -0.00147008667631044
         842,    3057.6401922,           1.00073780346209,                 -0.00117578240970726
         843,3057.63932011111,           1.00064211542502,                -0.000881623009185042
         844,3057.63844802222,           1.00054647377513,                -0.000734507762278032
         845,3057.63757593333,            1.0004508784787,                -0.000587463815900589
         846,3057.63670384444,           1.00065045950633,                -0.000880983530012906
         847,3057.63583175556,           1.00070168021585,                 -0.00161474526659444
         848,3057.63495966667,           1.00075287611886,                 -0.00205463268304209
         849,3057.63408757778,           1.00080551565473,                 -0.00190741411867931
         850,3057.63321548889,           1.00070997306796,                 -0.00190695245527463
         851,    3057.6323434,           1.00076259752449,                 -0.00175984044113334
         852,3057.63147131111,           1.00096034719117,                 -0.00146617891781334
         853,3057.63059922222,           1.00071972078938,                 -0.00131924380944842
         854,3057.62972713333,           1.00121194713155,                 -0.00117237932919386
         855,3057.62885504444,           1.00082486370702,                 -0.00102558542613807
         856,3057.62798295556,           1.00058297763885,                 -0.00117181434945262
         857,3057.62711086667,           1.00078199822513,                -0.000878649691154634
         858,3057.62623877778,           1.00083598207397,                 -0.00058562667178114
         859,3057.62536668889,           1.00103484666851,                -0.000292743046254865
         860,    3057.6244946,           1.00079460662582,                 0.000439009185535525
         861,3057.62362251111,           1.00070078315077,                  0.00102410898860459
         862,3057.62275042222,           1.00075473464349,                  0.00102386482644029
         863,3057.62187833333,           1.00080719692095,                 0.000731156631298183
         864,3057.62100624445,           1.00100729374235,                -0.000292392958592771
         865,3057.62013415556,           1.00105967040596,                 -0.00102313004713706
         866,3057.61926206667,            1.0011134848569,                 -0.00204577270296257
         867,3057.61838997778,           1.00102118185364,                 -0.00306792831566353
         868,3057.61751788889,           1.00107351770574,                 -0.00408959125995925
         869,    3057.6166458,           1.00098126828926,                 -0.00496475027306126
         870,3057.61577371111,           1.00118103741509,                 -0.00554751814257414
         871,3057.61490162222,           1.00108880631216,                 -0.00554619837292054
         872,3057.61402953333,           1.00128845483185,                 -0.00554487923107117
         873,3057.61315744444,           1.00119624204937,                 -0.00496002800956994
         874,3057.61228535556,           1.00081383579186,                 -0.00422961253832175
         875,3057.61141326667,           1.00086759355794,                 -0.00393697917046391
         876,3057.61054117778,           1.00106710517109,                 -0.00379026426888718
         877,3057.60966908889,            1.0011222363109,                 -0.00408085931237521
         878,     3057.608797,           1.00103017224422,                 -0.00378846935638277
         879,3057.60792491111,           1.00108528599835,                 -0.00291351945866808
         880,3057.60705282222,            1.0009932742806,                 -0.00189333807153323
         881,3057.60618073333,           1.00104837065727,                 -0.00116485628585573
         882,3057.60530864444,           1.00095786834988,                -0.000727863487747146
         883,3057.60443655556,           1.00101149023803,                 -0.00072769081872494
         884,3057.60356446667,            1.0010665432794,                 -0.00116403086427837
         885,3057.60269237778,           1.00112157037309,                 -0.00160016525342981
         886,3057.60182028889,           1.00103113624233,                 -0.00174522354132035
         887,    3057.6009482,           1.00094074471504,                 -0.00159941141659869
         888,3057.60007611111,            1.0008503957611,                -0.000872200780619699
         889,3057.59920402222,           1.00105075449405,                  -0.0010173280025346
         890,3057.59833193333,           1.00110717513418,                 -0.00159828431443774
         891,3057.59745984444,           1.00087158628704,                 -0.00203370133643231
         892,3057.59658775555,           1.00078133849966,                 -0.00232368327035183
         893,3057.59571566667,           1.00083778238857,                 -0.00246833632679611
         894,3057.59484357778,            1.0007475848654,                 -0.00232259375657766
         895,3057.59397148889,           1.00094768571665,                 -0.00217691971665213
         896,    3057.5930994,           1.00100405102669,                 -0.00174112894800989
         897,3057.59222731111,           1.00062520943065,                 -0.00116048154181578
         898,3057.59135522222,           1.00068017246505,                -0.000870156671708741
         899,3057.59048313333,           1.00073656066766,                -0.000434976772240362
         900,3057.58961104444,           1.00079292255017,                -0.000724792093388012
         901,3057.58873895555,           1.00070288327065,                 -0.00043477315710528
         902,3057.58786686667,           1.00061433605341,                -0.000579562314540059
         903,3057.58699477778,            1.0003809733507,                 -0.00115885429869759
         904,3057.58612268889,           1.00058218850743,                -0.000868938070783695
         905,    3057.5852506,           1.00078330985334,                 -0.00115831401603396
         906,3057.58437851111,           1.00069482643815,                 -0.00144755507947077
         907,3057.58350642222,           1.00046166247697,                 -0.00159193957576258
         908,3057.58263433333,           1.00051798327985,                 -0.00130219260296726
         909,3057.58176224444,            1.0004310706464,                 -0.00173585495196021
         910,3057.58089015556,           1.00034275152828,                 -0.00159082987809905
         911,3057.58001806667,           1.00039906076134,                 -0.00159045955605936
         912,3057.57914597778,           1.00031079020216,                 -0.00187919657118903
         913,3057.57827388889,           1.00022400624327,                 -0.00187876204033558
         914,    3057.5774018,            1.0001358173459,                  -0.0011558923055139
         915,3057.57652971111,           1.00004911406887,                 -0.00115562514987014
         916,3057.57565762222,          0.999961006719842,                -0.000288839112281872
         917,3057.57478553333,           1.00001877020504,                                    0
         918,3057.57391344444,           1.00021941600698,                 0.000144352636167842
         919,3057.57304135556,           1.00013277375929,                -0.000288638607145537
         920,3057.57216926667,           1.00004617151564,                  -0.0007214299318393
         921,3057.57129717778,           1.00010241925828,                 -0.00100976733518073
         922,3057.57042508889,          0.999871644920816,                 -0.00100953433065711
         923,     3057.569553,          0.999929348899645,                 -0.00100930143364059
         924,3057.56868091111,          0.999842873596854,                -0.000288305326873372
         925,3057.56780882222,          0.999900557598048,                 0.000432358269356319
         926,3057.56693673333,          0.999958215002543,                  0.00057634479250867
         927,3057.56606464444,          0.999726299716216,                  0.00072026390469468
         928,3057.56519255555,          0.999639951033341,                                    0
         929,3057.56432046667,          0.999697628543865,                  -0.0010079048537818
         930,3057.56344837778,           0.99961276521624,                 -0.00143953451212016
         931,3057.56257628889,          0.999814342809526,                 -0.00201488423770453
         932,    3057.5617042,          0.999728053249764,                 -0.00187053320268378
         933,3057.56083211111,          0.999497949360497,                 -0.00158239456576935
         934,3057.55996002222,          0.999411772319933,                 -0.00115056758937393
         935,3057.55908793333,          0.999325634931248,                -0.000862727166847121
         936,3057.55821584444,          0.999239537167082,                -0.000718773944157015
         937,3057.55734375555,           0.99958608081772,                -0.000431165814874646
         938,3057.55647166666,          0.999212584848293,                -0.000431066688890549
         939,3057.55559957778,          0.999270228182983,                -0.000430967608474547
         940,3057.55472748889,          0.999185657226323,                -0.000143623064140624
         941,    3057.5538554,          0.999099690276224,                 0.000143590067587845
         942,3057.55298331111,          0.999015196974961,                  0.00071778646139888
         943,3057.55211122222,          0.999216357180378,                  0.00114819460750403
         944,3057.55123913333,          0.999130442269115,                  0.00186538787153504
         945,3057.55036704445,          0.998902541369887,                  0.00186496237797049
         946,3057.54949495555,          0.998960163505325,                  0.00215138585105239
         947,3057.54862286667,          0.998875798699138,                  0.00229428836910511
         948,3057.54775077778,          0.998648112016033,                  0.00243712573991854
         949,3057.54687868889,          0.998705753020985,                  0.00257989431032975
         950,    3057.5460066,          0.998764798771104,                  0.00286589612272914
         951,3057.54513451111,          0.998679124726728,                  0.00286523920449499
         952,3057.54426242222,          0.998451690893909,                  0.00286458669027086
         953,3057.54339033333,          0.998510754073947,                  0.00315032792049718
         954,3057.54251824445,          0.998568360773085,                  0.00286327845382963
         955,3057.54164615556,          0.998627370433931,                   0.0032920208570991
         956,3057.54077406667,          0.998686353242189,                  0.00228958040577089
         957,3057.53990197778,          0.998745309216183,                   0.0018598609110171
         958,3057.53902988889,          0.998516742784318,                  0.00143033482707967
         959,    3057.5381578,          0.998575710428774,                 0.000858005765798746
         960,3057.53728571111,          0.998491682810188,                  0.00057187381604249
         961,3057.53641362222,           0.99855062934704,                 0.000571743847321523
         962,3057.53554153333,           0.99846664561222,                 0.000285806968831321
         963,3057.53466944445,          0.998525571055474,                 0.000714355108781996
         964,3057.53379735556,          0.998298792585535,                 0.000571354295370173
         965,3057.53292526667,          0.998356303668256,                 0.000714029683642008
         966,3057.53205317778,          0.998415213946117,                 0.000999414628574692
         967,3057.53118108889,          0.998331356368894,                  0.00114192891777969
         968,     3057.530309,          0.998247536847393,                  0.00114166980625863
         969,3057.52943691111,          0.998591784410326,                  0.00128408716383668
         970,3057.52856482222,          0.998222655859958,                  0.00114115193582162
         971,3057.52769273333,          0.998281529652527,                 0.000855669882559309
         972,3057.52682064444,          0.998197797434713,                 0.000855475901243862
         973,3057.52594855555,          0.998399197175289,                 0.000855282007860042
         974,3057.52507646667,          0.998315476241374,                 0.000997602902739418
         975,3057.52420437778,          0.998089310826811,                 0.000712412070540194
         976,3057.52333228889,          0.998148148148148,                 0.000284900284900285
         977,    3057.5224602,          0.998064540937309,                 0.000284835770815442
         978,3057.52158811111,          0.998123357225644,                 0.000569542571883392
         979,3057.52071602222,          0.998182146888795,                 0.000711767075648028
         980,3057.51984393333,          0.997813946339214,                  0.00128089081686677
         981,3057.51897184444,          0.998158777678808,                  0.00184975967353165
         982,3057.51809975555,          0.998075262499769,                  0.00213385532176404
         983,3057.51722766667,          0.997849560240758,                  0.00284449703603409
         984,3057.51635557778,          0.997623960038165,                  0.00298604663067296
         985,3057.51548348889,          0.997967104047311,                   0.0032696927910382
         986,    3057.5146114,          0.997741579245838,                  0.00326895389211599
         987,3057.51373931111,           0.99765825266999,                  0.00383660060135162
         988,3057.51286722222,          0.997859092181211,                  0.00411986242500785
         989,3057.51199513333,          0.997919226207808,                  0.00440300256368375
         990,3057.51112304445,          0.997551915299677,                  0.00454400872449675
         991,3057.51025095555,          0.997894611312312,                  0.00383314191285139
         992,3057.50937886667,          0.997811344107236,                  0.00298065977613826
         993,3057.50850677778,           0.99772811447692,                  0.00255427479172018
         994,3057.50763468889,           0.99778679454076,                  0.00212808217234628
         995,    3057.5067626,          0.997846863484336,                  0.00156024385193002
         996,3057.50589051111,          0.997763682025931,                  0.00170170042414883
         997,3057.50501842222,          0.997964090873002,                  0.00198486962242109
         998,3057.50414633333,          0.997739176039518,                  0.00198442228506226
         999,3057.50327424444,          0.997797787584284,                  0.00155883761730253
        1000,3057.50240215556,           0.99785778649272,                  0.00113344630014791
        1001,3057.50153006667,          0.997916345005673,                 0.000708244389642067
        1002,3057.50065797778,          0.997974877147268,                -0.000283233965417133
        1003,3057.49978588889,          0.997750212731615,                -0.000283170203698486
        1004,    3057.4989138,          0.997808755916925,                -0.000707766176703735
        1005,3057.49804171111,          0.997868684953142,                -0.000849129500740158
        1006,3057.49716962222,          0.997785685482445,                -0.000848938473184156
        1007,3057.49629753333,           0.99784418126984,                                    0
        1008,3057.49542544444,          0.997761224636995,                -0.000141426112634585
        1009,3057.49455335555,          0.997962505001831,                -0.000282789035137952
        1010,3057.49368126667,          0.997879558948261,                -0.000706813683912921
        1011,3057.49280917778,          0.997655319203063,                 -0.00113064776223608
        1012,3057.49193708889,          0.997855077869999,                 -0.00141299218050127
        1013,     3057.491065,          0.997773621368714,                 -0.00141267679650108
        1014,3057.49019291111,          0.997832028077708,                  -0.0014123595584964
        1015,3057.48932082222,          0.997749204314072,                -0.000988429724058662
        1016,3057.48844873333,          0.997807590283376,                                    0
        1017,3057.48757664445,          0.997724809177544,                 0.000423422609638228
        1018,3057.48670455555,          0.997643472984605,                 0.000705547010597316
        1019,3057.48583246667,          0.997701843462951,                 0.000846466496150694
        1020,3057.48496037778,          0.997760187760583,                  0.00112836888635633
        1021,3057.48408828889,          0.997677491408692,                  0.00126913037776371
        1022,    3057.4832162,          0.997737221646541,                  0.00112786459985479
        1023,3057.48234411111,                          1,                                    0
