"SCAN INDEX",      WAVENUMBER,"SCIENCE DIRECT ABSORPTION","SCIENCE HARMONIC ABSORPTION SPECTRA"
           0,3058.39122071052,                          1,                                    0
           1,3058.39032610526,                          1,                                    0
           2,3058.38943149999,                          1,                                    0
           3,3058.38853689474,                          1,                                    0
           4,3058.38764228947,                          1,                                    0
           5,3058.38674768421,                          1,                                    0
           6,3058.38585307894,                          1,                                    0
           7,3058.38495847368,                          1,                                    0
           8,3058.38406386842,                          1,                                    0
           9,3058.38316926315,                          1,                                    0
          10,3058.38227465789,                          1,                                    0
          11,3058.38138005263,                          1,                                    0
          12,3058.38048544736,                          1,                                    0
          13, 3058.3795908421,                          1,                                    0
          14,3058.37869623684,                          1,                                    0
          15,3058.37780163157,                          1,                                    0
          16,3058.37690702632,                          1,                                    0
          17,3058.37601242105,                          1,                                    0
          18,3058.37511781578,                          1,                                    0
          19,3058.37422321052,                          1,                                    0
          20,3058.37332860526,                          1,                                    0
          21,     3058.372434,                          1,                                    0
          22,3058.37153939473,                          1,                                    0
          23,3058.37064478947,                          1,                                    0
          24, 3058.3697501842,                          1,                                    0
          25,3058.36885557895,                          1,                                    0
          26,3058.36796097368,                          1,                                    0
          27,3058.36706636842,                          1,                                    0
          28,3058.36617176315,                          1,                                    0
          29,3058.36527715789,                          1,                                    0
          30,3058.36438255263,                          1,                                    0
          31,3058.36348794736,                          1,                                    0
          32,3058.36259334211,                          1,                                    0
          33,3058.36169873684,                          1,                                    0
          34,3058.36080413157,                          1,                                    0
          35,3058.35990952631,                          1,                                    0
          36,3058.35901492105,                          1,                                    0
          37,3058.35812031579,                          1,                                    0
          38,3058.35722571053,                          1,                                    0
          39,3058.35633110526,                          1,                                    0
          40,3058.35543649999,                          1,                                    0
          41,3058.35454189473,                          1,                                    0
          42,3058.35364728947,                          1,                                    0
          43,3058.35275268421,                          1,                                    0
          44,3058.35185807894,                          1,                                    0
          45,3058.35096347368,                          1,                                    0
          46,3058.35006886841,                          1,                                    0
          47,3058.34917426315,                          1,                                    0
          48,3058.34827965789,                          1,                                    0
          49,3058.34738505263,                          1,                                    0
          50,3058.34649044737,                          1,                                    0
          51, 3058.3455958421,                          1,                                    0
          52,3058.34470123683,                          1,                                    0
          53,3058.34380663157,                          1,                                    0
          54,3058.34291202632,                          1,                                    0
          55,3058.34201742105,                          1,                                    0
          56,3058.34112281579,                          1,                                    0
          57,3058.34022821052,                          1,                                    0
          58,3058.33933360526,                          1,                                    0
          59,     3058.338439,                          1,                                    0
          60,3058.33754439473,                          1,                                    0
          61,3058.33664978947,                          1,                                    0
          62,3058.33575518421,                          1,                                    0
          63,3058.33486057894,                          1,                                    0
          64,3058.33396597368,                          1,                                    0
          65,3058.33307136841,                          1,                                    0
          66,3058.33217676316,                          1,                                    0
          67,3058.33128215789,                          1,                                    0
          68,3058.33038755263,                          1,                                    0
          69,3058.32949294736,                          1,                                    0
          70, 3058.3285983421,                          1,                                    0
          71,3058.32770373684,                          1,                                    0
          72,3058.32680913158,                          1,                                    0
          73,3058.32591452631,                          1,                                    0
          74,3058.32501992105,                          1,                                    0
          75,3058.32412531578,                          1,                                    0
          76,3058.32323071052,                          1,                                    0
          77,3058.32233610526,                          1,                                    0
          78,3058.32144149999,           1.00018827073331,                  0.00137280743041827
          79,3058.32054689473,           1.00004508239297,                 0.000196010404232257
          80,3058.31965228947,          0.999314330492702,                -0.000979527867567832
          81,3058.31875768421,          0.998586315059856,                 -0.00156640990597625
          82,3058.31786307894,          0.997857121889647,                 -0.00195696631082496
          83,3058.31696847369,          0.996541931042037,                 -0.00195592135631411
          84,3058.31607386842,          0.996010094987499,                 -0.00156390201371933
          85,3058.31517926315,          0.995676155158232,                 -0.00156307088721857
          86,3058.31428465789,          0.995340626379163,                  -0.0019527969911304
          87,3058.31339005263,           0.99539580645602,                 -0.00234210777989652
          88,3058.31249544737,          0.995255856052685,                 -0.00214578879195992
          89, 3058.3116008421,          0.995507931308783,                 -0.00233961911000889
          90,3058.31070623684,          0.995757798966049,                 -0.00194864539915078
          91,3058.30981163157,          0.995812639984419,                   -0.001558087447658
          92,3058.30891702631,          0.996064019060893,                  -0.0011679468662039
          93,3058.30802242105,          0.996118639286374,                 -0.00058366326520686
          94,3058.30712781578,          0.996173201521386,                -0.000388902284412019
          95,3058.30623321052,          0.996227705858231,                 0.000194347972270431
          96,3058.30533860526,          0.996089842331099,                -0.000194245289066127
          97,3058.30444399999,          0.996144333179314,                -0.000970711686980427
          98,3058.30354939473,          0.995810687307294,                 -0.00155231595839017
          99,3058.30265478946,          0.996255073880352,                 -0.00252118278381245
         100,3058.30176018421,           0.99630939089443,                 -0.00251984865401315
         101,3058.30086557895,          0.996363650453236,                  -0.0017435879552944
         102,3058.29997097368,          0.995836963888082,                -0.000968147933004163
         103,3058.29907636841,           0.99589334303552,                 0.000387055321817147
         104,3058.29818176314,          0.995947736438457,                 0.000773701873325661
         105,3058.29728715789,          0.996195395810296,                  0.00115994030173914
         106,3058.29639255263,          0.996058275688836,                  0.00115933067975422
         107,3058.29549794736,          0.996498736030188,                  0.00115871946050022
         108, 3058.2946033421,          0.996166659589335,                  0.00115810888539741
         109,3058.29370873684,          0.996029770930515,                 0.000771667457625811
         110,3058.29281413159,           0.99646955156942,                  0.00115689189423694
         111,3058.29191952631,          0.996330727841759,                  0.00134899711700045
         112,3058.29102492105,          0.996384662648769,                  0.00154090030952835
         113,3058.29013031578,          0.996440459024851,                  0.00154009344516979
         114,3058.28923571053,          0.996686690192064,                 0.000384821115904272
         115,3058.28834110526,           0.99654804373119,                -0.000576928624313695
         116,    3058.2874465,          0.996795875963688,                -0.000768836001514607
         117,3058.28655189474,           0.99665731740116,                -0.000960540976678065
         118,3058.28565728946,          0.996518904098016,                 -0.00115204497583586
         119,3058.28476268421,          0.996382547952829,                -0.000959536352034697
         120,3058.28386807894,          0.996628036780868,                 0.000383613563041135
         121,3058.28297347368,          0.996491766194429,                  0.00153365412265399
         122,3058.28207886841,          0.996736941538945,                  0.00229927783515328
         123,3058.28118426315,          0.996598847898027,                  0.00363861992891286
         124,3058.28028965789,          0.996462805867761,                  0.00440235200441001
         125,3058.27939505263,          0.996707612665265,                  0.00516527937465684
         126,3058.27850044736,          0.996571655834782,                  0.00573621444264072
         127, 3058.2776058421,          0.996433936086044,                  0.00515989955395535
         128,3058.27671123685,          0.996678375440989,                  0.00477519344308638
         129,3058.27581663158,          0.996542646107088,                  0.00362726250498749
         130,3058.27492202631,          0.996405156425306,                  0.00228970928324467
         131,3058.27402742104,          0.996460420019986,                  0.00152568102586792
         132,3058.27313281578,          0.996894948620835,                 0.000571832666512907
         133,3058.27223821053,          0.996759388913338,                 0.000762048462471971
         134,3058.27134360526,           0.99681248500497,                 0.000380826164280791
         135,     3058.270449,          0.996677108589655,                  0.00114188708259269
         136,3058.26955439473,          0.996920408050689,                  0.00152172548452691
         137,3058.26865978947,          0.996785116095142,                  0.00152093857119228
         138, 3058.2677651842,          0.996459944932477,                   0.0020902096480277
         139,3058.26687057895,          0.996892900010636,                  0.00246896698421381
         140,3058.26597597368,          0.996947654553462,                  0.00246769221424124
         141,3058.26508136842,          0.996812628064051,                  0.00246641875996054
         142,3058.26418676315,          0.996865477204074,                  0.00246514194476944
         143,3058.26329215789,          0.997109689647003,                  0.00113717128642502
         144,3058.26239755263,           0.99716421953525,                -0.000189430892768855
         145,3058.26150294736,          0.997027472215385,                -0.000189332979911771
         146, 3058.2606083421,          0.997081988184134,                -0.000567706578962308
         147,3058.25971373684,          0.997136448060766,                 -0.00132396721100633
         148,3058.25881913157,          0.997001811012012,                 -0.00170136827817749
         149,3058.25792452631,          0.996867312350498,                 -0.00207838143211817
         150,3058.25702992105,          0.997108762282095,                 -0.00245500263440667
         151,3058.25613531579,          0.997351845874787,                  -0.0030199904492802
         152,3058.25524071052,          0.997406027448946,                 -0.00339574588501627
         153,3058.25434610526,          0.997271597652103,                 -0.00358256009744563
         154,    3058.2534515,          0.997325764814302,                 -0.00395764192386628
         155,3058.25255689473,          0.997191513888915,                 -0.00376725165806164
         156,3058.25166228948,          0.997057400458993,                 -0.00263572575650036
         157,3058.25076768421,          0.997299763846943,                 -0.00263437673469004
         158,3058.24987307894,          0.997165732254795,                 -0.00169266155984405
         159,3058.24897847368,          0.997219815067888,                 -0.00150381875976307
         160,3058.24808386841,          0.997463597933302,                                    0
         161,3058.24718926316,          0.997517473456496,                 0.000375571337897777
         162,3058.24629465789,          0.997383604169717,                  0.00131382860918103
         163,3058.24540005263,          0.997437465529597,                  0.00112556418904976
         164,3058.24450544736,           0.99786813965654,                  0.00112499226567817
         165, 3058.2436108421,          0.997359489813702,                 0.000937015680020389
         166,3058.24271623684,           0.99741328123683,                 0.000749230633792924
         167,3058.24182163157,          0.997656097889739,                 0.000374425257230152
         168,3058.24092702632,          0.997522566351811,                 0.000935586725147074
         169,3058.24003242105,          0.997391036011184,                  0.00243129260606514
         170,3058.23913781578,          0.997631629614537,                  0.00467318544882208
         171,3058.23824321052,          0.997500177491135,                  0.00616548152410703
         172,3058.23734860526,          0.997740471699875,                  0.00728277716569252
         173,     3058.236454,          0.997795741170366,                  0.00783902378023857
         174,3058.23555939473,           0.99785095475812,                  0.00764851171155037
         175,3058.23466478947,          0.997904251907429,                  0.00727172380874248
         176, 3058.2337701842,          0.997772994530326,                   0.0063362498718773
         177,3058.23287557894,          0.997828135884932,                  0.00596051901219299
         178,3058.23198097368,          0.997697049356123,                  0.00595751177074005
         179,3058.23108636842,           0.99793825175658,                   0.0059545075622246
         180,3058.23019176316,          0.997807241867359,                  0.00669544467981826
         181,3058.22929715789,          0.997862254856399,                  0.00650618087182824
         182,3058.22840255262,          0.998103009730204,                  0.00668870222455088
         183,3058.22750794737,          0.997972114720367,                  0.00687103986688753
         184, 3058.2266133421,           0.99821257213283,                  0.00668197333521419
         185,3058.22571873684,           0.99826912266967,                  0.00649310895622346
         186,3058.22482413158,          0.998138341269488,                  0.00593357364306588
         187,3058.22392952631,          0.998007691238475,                   0.0051892693323449
         188,3058.22303492105,          0.998064259185507,                  0.00481619724180089
         189,3058.22214031578,          0.998118922601811,                  0.00518407156981093
         190,3058.22124571053,           0.99854548415392,                  0.00536653429215413
         191,3058.22035110526,           0.99859985166196,                  0.00591872481073953
         192,    3058.2194565,          0.998840878713763,                  0.00591577051986682
         193,3058.21856189473,          0.998712114073064,                  0.00572804357747733
         194,3058.21766728947,          0.998581633633012,                  0.00517112737964201
         195,3058.21677268421,          0.998822308939007,                  0.00498395903554855
         196,3058.21587807895,          0.998878245339552,                  0.00350548331389943
         197,3058.21498347368,          0.998934126038674,                  0.00239729437668502
         198,3058.21408886842,          0.998989951119532,                 0.000921577445682225
         199,3058.21319426315,          0.999229944474944,                -0.000368447619644153
         200,3058.21229965789,           0.99928740699004,                 -0.00165719304641798
         201,3058.21140505263,          0.999158932340984,                 -0.00257657488538843
         202,3058.21051044737,           0.99921453496607,                 -0.00239134553655356
         203, 3058.2096158421,          0.999270082386922,                 -0.00183858340825561
         204,3058.20872123684,          0.999143643667557,                -0.000918837266569392
         205,3058.20782663157,          0.999566523888942,                -0.000551028954734808
         206,3058.20693202631,          0.999623649498352,                -0.000183585610559844
         207,3058.20603742105,          0.999680718713186,                -0.000183494992421657
         208,3058.20514281579,           0.99973589805665,                -0.000183404127326481
         209,3058.20424821052,          0.999609541844099,                                    0
         210,3058.20335360526,          0.999300086847862,                -0.000366446676511867
         211,3058.20245899999,           0.99990660213057,                 -0.00109879846387975
         212,3058.20156439474,          0.999597305608435,                 -0.00128130033679895
         213,3058.20066978947,          0.999837171988459,                 -0.00109771693173481
         214,3058.19977518421,            0.9997110767329,                -0.000731451309114981
         215,3058.19888057894,          0.999769705698505,                -0.000365546510310239
         216,3058.19798597367,          0.999826450734844,                                    0
         217,3058.19709136842,           1.00006573373455,                                    0
         218,3058.19619676315,          0.999941598592526,                 0.000547513195068001
         219, 3058.1953021579,          0.999817584823057,                 0.000182415176942722
         220,3058.19440755263,          0.999874195259896,                                    0
         221,3058.19351294737,          0.999750335771052,                -0.000364473326930752
         222, 3058.1926183421,          0.999990892614821,                -0.000728590814291309
         223,3058.19172373684,           1.00004915588423,                 -0.00127441181343339
         224,3058.19082913158,           1.00010736232601,                 -0.00163773039682208
         225,3058.18993452632,          0.999983630679018,                 -0.00236445747523231
         226,3058.18903992105,           1.00004181232809,                 -0.00236330550086624
         227,3058.18814531578,           1.00010175453898,                 -0.00199874987280683
         228,3058.18725071052,           1.00015982216152,                 -0.00145292874110989
         229,3058.18635610526,           1.00003630554749,                -0.000726110949753122
         230,    3058.1854615,           1.00027760288997,                 0.000544319392104103
         231,3058.18456689474,           1.00015596267052,                  0.00181351942460656
         232,3058.18367228947,           1.00003262749192,                   0.0029002215044174
         233,3058.18277768421,           1.00009239984129,                   0.0038046993472223
         234,3058.18188307895,           1.00033320294957,                   0.0038028597505324
         235,3058.18098847368,           1.00003077017754,                  0.00307701775439244
         236,3058.18009386842,           1.00027137042062,                  0.00199004975124378
         237,3058.17919926316,          0.999971067744875,                  0.00126578616170237
         238,3058.17830465789,           1.00021146501881,                 0.000542217996938276
         239,3058.17741005263,           1.00027278524575,                 0.000180652480629538
         240,3058.17651544736,            1.0005128056972,                 0.000541696159013102
         241,3058.17562084211,           1.00021296486802,                 0.000902393508542057
         242,3058.17472623684,           1.00045458809268,                  0.00144313680215316
         243,3058.17383163158,           1.00033356472508,                  0.00216366308159714
         244,3058.17293702631,           1.00039467921951,                   0.0023428446820129
         245,3058.17204242104,            1.0004575372965,                   0.0027019919084349
         246,3058.17114781579,           1.00033848746516,                  0.00234060481228349
         247,3058.17025321052,           1.00057947228431,                  0.00251944471438495
         248,3058.16935860526,           1.00028060380182,                  0.00287798771099247
         249,3058.16846399999,           1.00052318463024,                   0.0032361935891005
         250,3058.16756939474,           1.00040612858822,                  0.00305494955739172
         251,3058.16667478947,           1.00046700434673,                   0.0034127240722779
         252,3058.16578018421,           1.00052961822605,                  0.00341110043895477
         253,3058.16488557895,           1.00041272632656,                  0.00340947834981248
         254,3058.16399097368,           1.00065466741998,                   0.0035872187396307
         255,3058.16309636841,           1.00053962090287,                  0.00358552094930253
         256,3058.16220176315,           1.00024369964735,                  0.00322543650907423
         257,3058.16130715789,           1.00084358863681,                  0.00268658801530997
         258,3058.16041255263,            1.0007286163629,                  0.00196923341323647
         259,3058.15951794737,           1.00079268936418,                  0.00143149320845941
         260, 3058.1586233421,           1.00085491180816,                  0.00143081474168428
         261,3058.15772873684,           1.00074009717798,                  0.00232397664582238
         262,3058.15683413158,           1.00080407397481,                  0.00321629589922273
         263,3058.15593952632,           1.00069117880814,                  0.00392918185503819
         264,3058.15504492105,           1.00093363347656,                   0.0048199051371263
         265,3058.15415031579,           1.00064056698207,                  0.00428234194143541
         266,3058.15325571052,           1.00088460221436,                   0.0026752083095537
         267,3058.15236110525,           1.00077009740306,                 0.000713053150981874
         268,    3058.1514665,           1.00101384278488,                 -0.00142543801037362
         269,3058.15057189473,           1.00090116724311,                 -0.00267144439655633
         270,3058.14967728948,           1.00061058429178,                 -0.00373827117419098
         271,3058.14878268421,           1.00067613252197,                 -0.00355859222091741
         272,3058.14788807894,           1.00092124592286,                 -0.00320124065860191
         273,3058.14699347368,           1.00080882418295,                  -0.0033775075771716
         274,3058.14609886842,           1.00105364716501,                 -0.00355361607087332
         275,3058.14520426316,           1.00094126840357,                 -0.00355195623989912
         276,3058.14430965789,           1.00100828641015,                 -0.00337278904802142
         277,3058.14341505263,           1.00125267479782,                 -0.00372608650908278
         278,3058.14252044736,           1.00096478533526,                 -0.00336965466360205
         279, 3058.1416258421,           1.00103347355247,                 -0.00265902286227857
         280,3058.14073123684,           1.00110032442738,                 -0.00141748718502992
         281,3058.13983663157,           1.00099178237461,                -0.000354207990932275
         282,3058.13894202631,           1.00105859069361,                   0.0010621311307094
         283,3058.13804742105,           1.00112710846251,                  0.00194634114405932
         284,3058.13715281578,           1.00084184611902,                  0.00247601799711367
         285,3058.13625821052,           1.00108717749277,                  0.00229809876521386
         286,3058.13536360526,           1.00080219667601,                  0.00194364833393999
         287,     3058.134469,            1.0008724739759,                  0.00141291332130002
         288,3058.13357439473,           1.00111745256123,                 0.000529598370249282
         289,3058.13267978947,            1.0010110688215,                 0.000352903602616427
         290,3058.13178518421,           1.00090478264934,                 0.000705483547241824
         291,3058.13089057894,           1.00097488395708,                 0.000705160185950741
         292,3058.12999597369,           1.00086871175157,                  0.00140967424190362
         293,3058.12910136842,           1.00111489396178,                  0.00193741446755447
         294,3058.12820676315,           1.00100875486553,                   0.0024646715737104
         295,3058.12731215789,           1.00108044189018,                  0.00316741922201145
         296,3058.12641755262,           1.00097617602828,                  0.00386952659859818
         297,3058.12552294737,           1.00087200511951,                  0.00369195715923235
         298, 3058.1246283421,           1.00111938396979,                  0.00386600429126476
         299,3058.12373373684,           1.00119089021678,                  0.00421554059038646
         300,3058.12283913157,           1.00126233143311,                  0.00403805604470655
         301,3058.12194452632,           1.00115997676537,                  0.00368525144821607
         302,3058.12104992105,           1.00140677567716,                  0.00315735189388491
         303,3058.12015531578,           1.00095379026433,                  0.00227927820519114
         304,3058.11926071053,           1.00120221375571,                  0.00192774800478082
         305,3058.11836610526,           1.00145041270197,                  0.00105102369708096
         306,    3058.1174715,           1.00134820443682,                  0.00035018297060214
         307,3058.11657689473,           1.00107282804824,                -0.000525038196528797
         308,3058.11568228947,           1.00114581602218,                 -0.00192427118228971
         309,3058.11478768421,           1.00122048882501,                 -0.00297253725288598
         310,3058.11389307894,            1.0012950945454,                  -0.0041946382037161
         311,3058.11299847368,           1.00119493515206,                 -0.00541564177101968
         312,3058.11210386842,           1.00126948537822,                 -0.00646092971032334
         313,3058.11120926315,           1.00152025818208,                 -0.00785437637124321
         314,3058.11031465789,           1.00124566894516,                 -0.00837424500947337
         315,3058.10942005263,           1.00132184248799,                 -0.00749857875774708
         316,3058.10852544737,           1.00139794804932,                 -0.00592646305198903
         317, 3058.1076308421,           1.00147398572011,                 -0.00383305979224816
         318,3058.10673623684,           1.00120339458281,                 -0.00156737355213868
         319,3058.10584163158,           1.00145352632449,                 0.000870375044606721
         320,3058.10494702631,           1.00153118040089,                  0.00313195991091314
         321,3058.10405242105,           1.00143310329475,                  0.00452192787177204
         322,3058.10315781579,           1.00151069744155,                  0.00591066893126414
         323,3058.10226321053,           1.00141445665055,                  0.00625558223831683
         324,3058.10136860526,           1.00166741932122,                  0.00555806440407128
         325,     3058.100474,           1.00139758157623,                  0.00555560378128282
         326,3058.09957939473,           1.00147679215062,                   0.0050325466942242
         327,3058.09868478947,           1.00138247329155,                  0.00398957160673925
         328,3058.09779018421,           1.00146162075189,                  0.00329428164721018
         329,3058.09689557895,           1.00154069853088,                  0.00242629689901926
         330,3058.09600097368,           1.00144647605519,                  0.00121261465704659
         331,3058.09510636842,           1.00135407034932,                  0.00069261910451276
         332,3058.09421176315,           1.00160616990785,                 0.000173078653863462
         333,3058.09331715789,           1.00168677825354,                -0.000692011591194153
         334,3058.09242255263,             1.001940243274,                 -0.00138341766416844
         335,3058.09152794737,           1.00150381138402,                 -0.00155566694899141
         336, 3058.0906333421,            1.0017571352303,                 -0.00172776325496775
         337,3058.08973873684,            1.0018392670564,                 -0.00155431018850329
         338,3058.08884413158,           1.00192132742492,                 -0.00138100803228797
         339,3058.08794952631,           1.00200331642909,                 -0.00155295847216494
         340,3058.08705492105,           1.00225771010588,                 -0.00137980755134178
         341,3058.08616031579,           1.00182227869313,                 -0.00155160910484223
         342,3058.08526571052,             1.002250583325,                 -0.00172326441424519
         343,3058.08437110526,           1.00181725792144,                 -0.00137801548544902
         344,    3058.0834765,            1.0020730170318,                 -0.00154959744901824
         345,3058.08258189473,           1.00181224582521,                 -0.00137682493843011
         346,3058.08168728947,           1.00189575742562,                 -0.00154825924052723
         347,3058.08079268421,           1.00198091988967,                 -0.00103172910920509
         348,3058.07989807895,           1.00206428680696,                  -0.0017188066669073
         349,3058.07900347368,           1.00180568989896,                 -0.00188987525105275
         350,3058.07810886842,            1.0018907811966,                 -0.00171733078710422
         351,3058.07721426315,           1.00180585977465,                 -0.00137327739516744
         352,3058.07631965789,            1.0022340502198,                 -0.00154427434548506
         353,3058.07542505263,           1.00180602935955,                -0.000857563798458786
         354,3058.07453044737,           1.00206413210445,                 -0.00120007680491551
         355, 3058.0736358421,           1.00180791541355,                -0.000856831949549735
         356,3058.07274123684,           1.00206579718188,                 -0.00119905309064499
         357,3058.07184663158,           1.00198273411844,                  -0.0015409850661425
         358,3058.07095202631,           1.00172687924339,                 -0.00171147595975293
         359,3058.07005742105,           1.00181510557893,                 -0.00136859987100946
         360,3058.06916281579,           1.00190325708335,                 -0.00136801946691701
         361,3058.06826821053,           1.00199304655798,                -0.000512790709599784
         362,3058.06737360526,           1.00191019030143,                 0.000854289043572158
         363,     3058.066479,            1.0014875437425,                  0.00187864307318681
         364,3058.06558439474,           1.00174810849198,                  0.00307284695856437
         365,3058.06468978947,            1.0018378118265,                  0.00392476063226187
         366,3058.06379518421,           1.00158629982772,                  0.00392310710082385
         367,3058.06290057895,           1.00184820192459,                  0.00375096331557877
         368,3058.06200597368,           1.00176732343382,                  0.00289725153085658
         369,3058.06111136842,           1.00168821943105,                   0.0023849719510263
         370,3058.06021676316,           1.00178117135005,                  0.00204340881458449
         371,3058.05932215789,           1.00187234042553,                  0.00204255319148936
         372,3058.05842755263,           1.00196343318372,                  0.00187155676091373
         373,3058.05753294737,           1.00205615392072,                  0.00136056504266222
         374, 3058.0566383421,           1.00180879782944,                 0.000679999184000979
         375,3058.05574373684,           1.00190150574105,                                    0
         376,3058.05484913157,           1.00182597987176,                                    0
         377,3058.05395452632,           1.00208839159889,                 0.000169787934869348
         378,3058.05305992105,           1.00167341577084,                 0.000339435247634985
         379,3058.05216531578,           1.00193737297653,                 0.000169647370974692
         380,3058.05127071052,            1.0020315345717,                 0.000678308705074767
         381,3058.05037610526,           1.00229682428023,                 0.000847536634771038
         382,    3058.0494815,           1.00205358292612,                  0.00101662521094973
         383,3058.04858689474,           1.00180884504905,                   0.0010162050837353
         384,3058.04769228947,           1.00207389850595,                  0.00101578702332078
         385,3058.04679768421,           1.00217120170853,                  0.00135382803337863
         386,3058.04590307895,            1.0020975708776,                  0.00135327153393328
         387,3058.04500847368,            1.0021947845966,                 0.000845448611942469
         388,3058.04411386842,           1.00212289822934,                 0.000169020559660877
         389,3058.04321926316,           1.00205107064536,                 -0.00118266017442548
         390,3058.04232465789,            1.0021498766312,                 -0.00151994420115955
         391,3058.04143005263,           1.00207809659182,                 -0.00236339173724486
         392,3058.04053544737,           1.00217681105618,                 -0.00269992068982974
         393, 3058.0396408421,           1.00227544526365,                 -0.00337352893054073
         394,3058.03874623684,           1.00220539140639,                 -0.00354076601943712
         395,3058.03785163158,           1.00213708345412,                 -0.00387641320542293
         396,3058.03695702631,           1.00223561381667,                 -0.00404331059532694
         397,3058.03606242105,           1.00216734898023,                 -0.00404167642001775
         398,3058.03516781579,           1.00209913930239,                 -0.00370337326804174
         399,3058.03427321052,           1.00236920571032,                 -0.00370188392238159
         400,3058.03337860526,           1.00246916902707,                 -0.00353219002509537
         401,     3058.032484,           1.00223447343599,                 -0.00369890260285051
         402,3058.03158939473,           1.00233609519168,                 -0.00420161005697383
         403,3058.03069478947,           1.00226963842022,                 -0.00520790459118789
         404,3058.02980018421,           1.00237284776998,                  -0.0052058231329987
         405,3058.02890557895,           1.00247597465273,                  -0.0050358806496286
         406,3058.02801097368,           1.00224342786381,                 -0.00469827824881746
         407,3058.02711636842,           1.00234652407493,                 -0.00318684470505752
         408,3058.02622176315,           1.00228187626899,                 -0.00217960260814601
         409,3058.02532715789,           1.00221895970342,                -0.000837975718815572
         410,3058.02443255263,           1.00248947084505,                 0.000670113282650432
         411,3058.02353794737,           1.00225906010373,                   0.0016746183126211
         412,3058.02264334211,           1.00236530088536,                  0.00133916539864443
         413,3058.02174873684,           1.00230245103945,                   0.0011713050346037
         414,3058.02085413158,           1.00240859063995,                 0.000501789716656073
         415,3058.01995952631,           1.00218025199968,                -0.000167197239239186
         416,3058.01906492105,           1.00245348736153,                -0.000835656458287372
         417,3058.01817031579,           1.00222531107577,                 -0.00116945777255049
         418,3058.01727571052,           1.00266698730634,                 -0.00150299848197153
         419,3058.01638110526,            1.0024405797295,                 -0.00150240886220908
         420,    3058.0154865,           1.00221434972041,                 -0.00150181970487574
         421,3058.01459189473,           1.00232190396125,                 -0.00100082067295182
         422,3058.01369728947,           1.00226430698534,                  -0.0011671685491428
         423,3058.01280268421,           1.00253843063984,                 -0.00116671139060331
         424,3058.01190807895,           1.00248079425402,                 -0.00133286460927907
         425,3058.01101347368,           1.00242487226119,                 -0.00149889082079261
         426,3058.01011886842,           1.00220084637693,                  -0.0014983069131881
         427,3058.00922426315,            1.0023114903871,                 -0.00183055394226433
         428,3058.00832965789,           1.00225569913365,                 -0.00166349493632141
         429,3058.00743505263,           1.00236623615469,                -0.000997710254964856
         430,3058.00654044737,           1.00231046691378,                 -0.00083110320639617
         431,3058.00564584211,            1.0022564061664,                -0.000830782830045095
         432,3058.00475123684,            1.0023668147656,                 -0.00066436905701117
         433,3058.00385663157,           1.00231277405044,                -0.000664113151598769
         434,3058.00296202632,           1.00209447370954,                -0.000331929272510613
         435,3058.00206742105,           1.00204057932545,                -0.000165900758166465
         436,3058.00117281579,           1.00215422528321,                 0.000497511612750228
         437,3058.00027821052,           1.00210201050342,                 0.000497321097024031
         438,3057.99938360526,           1.00204983569829,                   0.0011599716966906
         439,     3057.998489,           1.00199770082194,                  0.00165646834323349
         440,3057.99759439474,           1.00194726488763,                  0.00198700498738252
         441,3057.99669978947,           1.00222790877823,                  0.00182072782767308
         442,3057.99580518421,           1.00217742362472,                  0.00182003494467094
         443,3057.99491057895,           1.00212697688112,                  0.00132315824641838
         444,3057.99401597368,           1.00191289309788,                 0.000826660802886038
         445,3057.99312136842,           1.00202951053759,                 0.000661078351006161
         446,3057.99222676316,           1.00181562561436,                 0.000495621186814494
         447,3057.99133215789,           1.00193219163378,                 0.000495433752250095
         448,3057.99043755263,           1.00205032372664,                 0.000660329702620518
         449,3057.98954294737,           1.00183667306394,                  0.00066008016673625
         450, 3057.9886483421,           1.00178979404997,                 0.000164957976955371
         451,3057.98775373684,           1.00174295028552,                 0.000494687876684206
         452,3057.98685913158,           1.00169779286927,                 0.000494502777457267
         453,3057.98596452632,           1.00165266923382,                 0.000329545211131378
         454,3057.98506992105,           1.00177064031295,                  0.00082355363393041
         455,3057.98417531579,           1.00172552325505,                 0.000823245827790145
         456,3057.98328071052,           1.00168208855489,                 0.000987527527329824
         457,3057.98238610526,           1.00163703819482,                  0.00131621161392223
         458,    3057.9814915,           1.00159366874386,                  0.00065786119457725
         459,3057.98059689473,           1.00155033152105,                 0.000822020954958184
         460,3057.97970228947,            1.0016713696192,                 0.000657372514926465
         461,3057.97880768421,           1.00162968122647,                 0.000657129526801028
         462,3057.97791307895,           1.00175224532091,                                    0
         463,3057.97701847368,           1.00154639682972,                -0.000328322044527036
         464,3057.97612386842,           1.00150480075749,                -0.000656401639034893
         465,3057.97522926316,           1.00162727523261,                -0.000656159367987297
         466,3057.97433465789,           1.00175130199793,                                    0
         467,3057.97344005263,           1.00138347954942,                 0.000327838755786354
         468,3057.97254544737,           1.00150750475192,                 0.000819296060824539
         469, 3057.9716508421,           1.00130384076108,                  0.00114659363411214
         470,3057.97075623684,           1.00142944392503,                  0.00114617496852112
         471,3057.96986163158,           1.00138963681212,                  0.00114575473319464
         472,3057.96896702631,           1.00135149728228,                 0.000981717154198313
         473,3057.96807242105,           1.00131502332367,                 0.000654240459538499
         474,3057.96717781579,           1.00111343826794,                 0.000163500479873908
         475,3057.96628321052,           1.00107707721451,                -0.000980646932781556
         476,3057.96538860526,           1.00104074253794,                  -0.0019605824890575
         477,     3057.964494,           1.00116775684526,                 -0.00261316217121112
         478,3057.96359939473,           1.00113141564096,                 -0.00261221504407297
         479,3057.96270478947,           1.00125993915734,                 -0.00261127286495802
         480,3057.96181018421,           1.00106044538706,                  -0.0022840362182886
         481,3057.96091557895,            1.0011905344358,                 -0.00179395599915195
         482,3057.96002097369,           1.00082981328386,                 -0.00130422520056538
         483,3057.95912636842,           1.00112122970216,                -0.000651877733812246
         484,3057.95823176316,           1.00125115666827,                -0.000651644098059404
         485, 3057.9573371579,           1.00105528522014,                -0.000488557972288992
         486,3057.95644255263,           1.00085955407377,                -0.000651177328610127
         487,3057.95554794737,           1.00098943517572,                -0.000813680243192751
         488,3057.95465334211,           1.00079549576956,                -0.000976068428903989
         489,3057.95375873684,           1.00092693477306,                 -0.00113834094937635
         490,3057.95286413158,           1.00089571794801,                -0.000975373446108179
         491,3057.95196952632,           1.00070201895451,                -0.000975026325710794
         492,3057.95107492105,           1.00067252991459,                 -0.00113712787490294
         493,3057.95018031579,           1.00096621495441,                -0.000811945339839722
         494,3057.94928571052,           1.00061199013673,                -0.000486994803765444
         495,3057.94839110526,           1.00074483846417,                 0.000162274175200936
         496,    3057.9474965,           1.00055478232094,                  0.00113551937033829
         497,3057.94660189474,            1.0006875571613,                  0.00243239561779605
         498,3057.94570728947,           1.00065975785104,                  0.00372836132035864
         499,3057.94481268421,           1.00046993242696,                  0.00518546126298391
         500,3057.94391807894,           1.00044222915894,                  0.00583159330468293
         501,3057.94302347368,           1.00057809739565,                    0.005829553569549
         502,3057.94212886842,           1.00055199519554,                  0.00550376441298306
         503,3057.94123426316,           1.00036247362357,                  0.00550183178634769
         504,3057.94033965789,             1.000499845517,                  0.00549991831003687
         505,3057.93944505263,           1.00047379800035,                  0.00533629147147429
         506,3057.93855044736,           1.00044776867333,                  0.00549607757875152
         507, 3057.9376558421,           1.00042337413022,                  0.00533257492267766
         508,3057.93676123684,            1.0003989965318,                  0.00549225995189426
         509,3057.93586663158,           1.00053611683471,                  0.00532887215228302
         510,3057.93497202632,           1.00019048172505,                  0.00484275572171589
         511,3057.93407742105,           1.00032757944608,                  0.00451833718736737
         512,3057.93318281579,           1.00046619595394,                  0.00403283697175885
         513,3057.93228821052,           1.00060471679097,                  0.00306389840757912
         514,3057.93139360526,           1.00042235039607,                  0.00241803661874655
         515,     3057.930499,           1.00039964418776,                   0.0014503216491124
         516,3057.92960439474,           1.00070074827028,                   0.0011276408947025
         517,3057.92870978947,           1.00067957318939,                 0.000644145203211708
         518,3057.92781518421,           1.00065841262993,                                    0
         519,3057.92692057895,            1.0004763406737,                 -0.00032185180655419
         520,3057.92602597368,             1.000617744717,                -0.000321742040101928
         521,3057.92513136842,           1.00059662704699,                -0.000482447746888614
         522,3057.92423676316,           1.00073789348291,                -0.000643044429547249
         523,3057.92334215789,           1.00055925894975,                -0.000321413189511645
         524,3057.92244755263,           1.00053979025293,                -0.000321303721982315
         525,3057.92155294737,           1.00052194162284,                  0.00016059742241137
         526, 3057.9206583421,           1.00066304161108,                 0.000802713814865297
         527,3057.91976373684,           1.00048467496285,                   0.0012839071863495
         528,3057.91886913158,           1.00062890256502,                  0.00176477760593479
         529,3057.91797452631,           1.00093180801227,                  0.00128304029227658
         530,3057.91707992105,           1.00107578772191,                  0.00128260831226382
         531,3057.91618531579,            1.0008991263569,                 0.000480816233638224
         532,3057.91529071053,            1.0007225838702,                -0.000801090765185877
         533,3057.91439610526,           1.00070632440631,                  -0.0016016426446964
         534,    3057.9135015,           1.00052996546418,                 -0.00208143535782275
         535,3057.91260689474,           1.00051538306406,                 -0.00240085278290849
         536,3057.91171228947,           1.00066081374493,                 -0.00256005324910758
         537,3057.91081768421,           1.00080614719224,                 -0.00239924759595391
         538,3057.90992307895,           1.00063159072921,                 -0.00287813496854039
         539,3057.90902847368,           1.00077843650947,                 -0.00207796193493422
         540,3057.90813386842,           1.00060400561182,                 -0.00191747813275979
         541,3057.90723926316,             1.000750762743,                 -0.00111815727680782
         542,3057.90634465789,           1.00073773868721,                -0.000638734794119808
         543,3057.90545005263,           1.00072632074643,                -0.000319261866564503
         544,3057.90455544737,           1.00087289137689,                 0.000319155896484977
         545, 3057.9036608421,           1.00070191111253,                 0.000319050505695052
         546,3057.90276623684,           1.00084998891665,                 0.000478417776728803
         547,3057.90187163158,           1.00067912905684,                 0.000159419966394271
         548,3057.90097702631,           1.00082711667764,                                    0
         549,3057.90008242105,              1.00065797125,                -0.000159315072639707
         550,3057.89918781579,           1.00080586850647,                 0.000159262550685307
         551,3057.89829321052,           1.00079605158414,                 0.000477630950485591
         552,3057.89739860526,           1.00078624109908,                 0.000477474351669409
         553,     3057.896504,           1.00077802934237,                 0.000636424819931553
         554,3057.89560939474,           1.00076823117555,                 0.000795270368067032
         555,3057.89471478947,           1.00060102842642,                 0.000795011146056268
         556,3057.89382018421,           1.00075183547996,                 0.000635801674383709
         557,3057.89292557894,           1.00090254428505,                 0.000953391850406463
         558,3057.89203097368,           1.00089430803908,                  0.00095308139156237
         559,3057.89113636842,           1.00104646195817,                   0.0011115680891033
         560,3057.89024176316,           1.00087944045998,                 0.000476231296015849
         561,3057.88934715789,           1.00071411568674,                -0.000158692374831389
         562,3057.88845255263,           1.00102482097361,                 -0.00142776915828249
         563,3057.88755794737,           1.00070096644559,                 -0.00222025571002192
         564, 3057.8866633421,           1.00085452334561,                  -0.0022195411574273
         565,3057.88576873684,           1.00069100614298,                 -0.00237731471209134
         566,3057.88487413158,            1.0008428817684,                 -0.00253498276211722
         567,3057.88397952631,           1.00099624468023,                 -0.00253416770805121
         568,3057.88308492105,           1.00099275934848,                 -0.00253335718911353
         569,3057.88219031579,            1.0008294078914,                 -0.00269082712860254
         570,3057.88129571052,           1.00098421147572,                 -0.00268996705581523
         571,3057.88040110526,           1.00082096741281,                 -0.00284728582478752
         572,    3057.8795065,           1.00097567455166,                 -0.00253011228954605
         573,3057.87861189474,           1.00097220136424,                 -0.00189697827169471
         574,3057.87771728948,           1.00112834354742,                  -0.0011062191641408
         575,3057.87682268421,           1.00096684297333,                -0.000157980877994528
         576,3057.87592807894,           1.00096495675067,                  0.00110551509896729
         577,3057.87503347368,           1.00080519111448,                  0.00173668671750422
         578,3057.87413886842,           1.00080335737092,                  0.00252528839582633
         579,3057.87324426316,            1.0011170857316,                  0.00268226799959608
         580, 3057.8723496579,           1.00080127194034,                   0.0028391525445116
         581,3057.87145505263,           1.00095712188561,                  0.00331129482665372
         582,3057.87056044737,           1.00095682014146,                  0.00362551289185095
         583, 3057.8696658421,           1.00064135595571,                  0.00393953289746341
         584,3057.86877123684,           1.00095621722357,                  0.00409582336289153
         585,3057.86787663158,           1.00064252777988,                  0.00362209287676065
         586,3057.86698202631,           1.00079975818335,                  0.00283378883865036
         587,3057.86608742105,           1.00080108153877,                  0.00173121747081718
         588,3057.86519281579,           1.00095973819601,                 0.000786670652464639
         589,3057.86429821052,           1.00096101064976,                -0.000471854656183105
         590,3057.86340360526,            1.0008050466361,                 -0.00141512104001962
         591,     3057.862509,           1.00096512655104,                 -0.00267217448985045
         592,3057.86161439474,           1.00080925854632,                 -0.00329988921800482
         593,3057.86071978947,           1.00096923731862,                  -0.0037701289541191
         594,3057.85982518421,           1.00081503688081,                 -0.00345487695141658
         595,3057.85893057895,           1.00081792335383,                 -0.00345380302961322
         596,3057.85803597368,           1.00097775029544,                 -0.00360967203775403
         597,3057.85714136842,           1.00098215490434,                 -0.00345166260311842
         598,3057.85624676316,           1.00082971151448,                 -0.00345059609047463
         599,3057.85535215789,           1.00052056547208,                 -0.00391992072352329
         600,3057.85445755263,           1.00052510717673,                 -0.00407545868503758
         601,3057.85356294737,           1.00052964607733,                  -0.0048577007092243
         602, 3057.8526683421,           1.00053418217649,                 -0.00532615659840309
         603,3057.85177373684,           1.00069688593778,                 -0.00548112535333683
         604,3057.85087913158,           1.00070136766695,                 -0.00469665848404389
         605,3057.84998452631,           1.00039439829219,                 -0.00391268147016659
         606,3057.84908992105,           1.00040053571652,                  -0.0028162667567872
         607,3057.84819531579,           1.00025025807864,                 -0.00140770169237026
         608,3057.84730071053,           1.00025799995309,                                    0
         609,3057.84640610526,             1.000107857834,                 0.000937894208659577
         610,    3057.8455115,           1.00011563837069,                  0.00140641261645878
         611,3057.84461689474,           1.00012341416701,                  0.00249952743309468
         612,3057.84372228947,          0.999975012337658,                  0.00234259334453614
         613,3057.84282768421,           1.00013895155587,                  0.00234188015506369
         614,3057.84193307895,           1.00014827416674,                  0.00218509298351035
         615,3057.84103847368,          0.999687938836012,                  0.00187236698392885
         616,3057.84014386842,          0.999697392270088,                    0.001091883561537
         617,3057.83924926316,           1.00001871234141,                 0.000935617070645326
         618,3057.83835465789,           0.99956039296504,                  0.00109122313642472
         619,3057.83746005263,          0.999725718275267,                  0.00124673511242434
         620,3057.83656544737,          0.999579354074813,                  0.00109056350974496
         621, 3057.8356708421,          0.999590382875201,                 0.000622991824789779
         622,3057.83477623684,          0.999445703893774,                 0.000467103460302434
         623,3057.83388163158,          0.999299556385711,                 0.000311308273017355
         624,3057.83298702631,          0.999777481432148,                 0.000933644340637025
         625,3057.83209242105,          0.999323310025123,                 0.000933365482588845
         626,3057.83119781579,          0.999334399124144,                  0.00171065645663952
         627,3057.83030321053,          0.999345481568543,                  0.00171014317007685
         628,3057.82940860526,          0.999668952912049,                  0.00124336934441797
         629,     3057.828514,          0.999370732048384,                 0.000776874014341094
         630,3057.82761939474,          0.999228017527264,                 0.000776642326696148
         631,3057.82672478947,          0.999395952415336,                 0.000310564310881086
         632,3057.82583018421,          0.999253315450161,                 0.000465707619442362
         633,3057.82493557895,          0.999267503864227,                 0.000155189859273836
         634,3057.82404097368,          0.999280133547638,                                    0
         635,3057.82314636842,          0.999139207916185,                                    0
         636,3057.82225176316,           0.99946352097695,                -0.000620206963063574
         637,3057.82135715789,          0.999167618660843,                -0.000775029179848621
         638,3057.82046255263,          0.999336771378276,                -0.000929759750080579
         639,3057.81956794737,          0.999350909888013,                -0.000774570539364449
         640,3057.81867334211,          0.999366587735342,                -0.000774342621831196
         641,3057.81777873684,          0.999380709088094,                -0.000309645455952934
         642,3057.81688413158,           0.99939636892693,                -0.000154777198223158
         643,3057.81598952632,          0.998947824472365,                                    0
         644,3057.81509492105,          0.999118288551673,                 0.000154686219004749
         645,3057.81420031579,          0.999135556761755,                -0.000154641008630515
         646,3057.81330571053,          0.999305865820307,                 -0.00046378675703294
         647,3057.81241110526,           0.99947607485793,                -0.000154550189401257
         648,    3057.8115165,          0.999338718349639,                -0.000154505058495615
         649,3057.81062189474,           0.99920144203813,                 0.000772299769700209
         650,3057.80972728947,            0.9992186607289,                   0.0013897338814032
         651,3057.80883268421,          0.999235869372255,                  0.00169806806165531
         652,3057.80793807895,          0.999253067976987,                  0.00200622237586113
         653,3057.80704347368,          0.999271798226397,                  0.00215992051492505
         654,3057.80614886842,          0.999288976357307,                   0.0016965856983995
         655,3057.80525426316,          0.999461875663982,                  0.00138771318743842
         656,3057.80435965789,            0.9994805290896,                  0.00107901969519235
         657,3057.80346505263,           0.99934507069384,                 0.000770505066070809
         658,3057.80257044737,           0.99936374714418,                 0.000308112763109043
         659, 3057.8016758421,          0.999536424555021,                 0.000308023551480746
         660,3057.80078123684,          0.999402606360703,                 0.000615869731234449
         661,3057.79988663158,          0.999421249976912,                  0.00123138302784773
         662,3057.79899202632,          0.999441420730215,                   0.0018465430406101
         663,3057.79809742105,          0.999461579878471,                  0.00199984616567956
         664,3057.79720281579,          0.999327937352073,                  0.00292201151272536
         665,3057.79630821053,          0.999501863399875,                   0.0038436466059063
         666,3057.79541360526,          0.999521987793013,                   0.0044573485538978
         667,     3057.794519,          0.999389978749134,                  0.00507070561173453
         668,3057.79362439474,            0.9995637373576,                  0.00583731704619468
         669,3057.79272978947,           0.99973893146183,                  0.00583564967673572
         670,3057.79183518421,          0.999914025509859,                  0.00491282800803247
         671,3057.79094057895,          0.999935537540174,                  0.00368356913291852
         672,3057.79004597368,          0.999803599047455,                  0.00230157366263226
         673,3057.78915136842,          0.999671735842458,                  0.00107376126298868
         674,3057.78825676316,          0.999848182561237,                 0.000306701896491177
         675,3057.78736215789,             1.000176303303,                -0.000153307220003526
         676,3057.78646755263,          0.999892715373887,                -0.000306527503180223
         677,3057.78557294737,           1.00006894913852,                -0.000306440615639197
         678, 3057.7846783421,           1.00024508302187,                -0.000765884443355187
         679,3057.78378373684,           1.00026798361472,                 -0.00122506795298802
         680,3057.78288913158,          0.999984690987584,                 -0.00137781111740482
         681,3057.78199452632,           1.00016069911769,                 -0.00153046778747924
         682,3057.78109992105,           1.00018513446729,                 -0.00137703322781179
         683,3057.78020531579,           1.00036098653337,                 -0.00183552474593278
         684,3057.77931071053,           1.00023243438316,                 -0.00107042150140378
         685,3057.77841610526,           1.00025682889692,                -0.000458623030214085
         686,    3057.7775215,           1.00043404104439,                 0.000458494060973597
         687,3057.77662689474,           1.00030557677617,                  0.00106951871657754
         688,3057.77573228947,           1.00048267561144,                  0.00152745446658235
         689,3057.77483768421,           1.00066120296182,                  0.00152702762545677
         690,3057.77394307895,           1.00053278294362,                  0.00106861908462089
         691,3057.77304847368,           1.00055857907251,                                    0
         692,3057.77215386842,           1.00073693541669,                 -0.00106802234302742
         693,3057.77125926316,           1.00061012812691,                 -0.00228798047589994
         694,3057.77036465789,           1.00063588107651,                 -0.00335476826938179
         695,3057.76947005263,           1.00050917273151,                 -0.00365872621446843
         696,3057.76857544737,           1.00083974828888,                 -0.00335289697919223
         697, 3057.7676808421,           1.00086694061381,                 -0.00274251863769958
         698,3057.76678623684,           1.00074027362707,                 -0.00137087708716037
         699,3057.76589163158,           1.00076747840706,                                    0
         700,3057.76499702632,           1.00079466811189,                  0.00167458797524046
         701,3057.76410242105,           1.00082184275409,                  0.00243508964173744
         702,3057.76320781579,           1.00100115330426,                   0.0027387172457025
         703,3057.76231321053,           1.00102825573755,                  0.00182530604297987
         704,3057.76141860526,           1.00105534316901,                  0.00152066739050434
         705,     3057.760524,           1.00108393750561,                 0.000304049791193806
         706,3057.75962939474,           1.00126297743511,                -0.000607931376706197
         707,3057.75873478947,           1.00129149889843,                 -0.00212717465623338
         708,3057.75784018421,            1.0013200046785,                 -0.00394938108641398
         709,3057.75694557895,           1.00134849478825,                 -0.00592244332677309
         710,3057.75605097368,           1.00122515344781,                 -0.00728715805390372
         711,3057.75515636842,           1.00125365396115,                  -0.0075887043653263
         712,3057.75426176316,           1.00128213881998,                 -0.00804181745074387
         713,3057.75336715789,           1.00146381791015,                 -0.00803962168270799
         714,3057.75247255263,           1.00149222948791,                  -0.0075824669101144
         715,3057.75157794737,           1.00152214385776,                 -0.00712557383610574
         716,3057.75068334211,           1.00140047531283,                 -0.00621423028421767
         717,3057.74978873684,            1.0014303983902,                 -0.00545490911515313
         718,3057.74889413158,           1.00146030514924,                 -0.00484748597258747
         719,3057.74799952632,            1.0013387529607,                 -0.00469472192101963
         720,3057.74710492105,           1.00167147113684,                  -0.0045420411327245
         721,3057.74621031579,           1.00155144359935,                 -0.00544897264161653
         722,3057.74531571053,           1.00142996572622,                 -0.00620408410316938
         723,3057.74442110526,           1.00161262506921,                 -0.00665623855958998
         724,    3057.7435265,           1.00133995952899,                 -0.00756184835771777
         725,3057.74263189474,           1.00137134804874,                  -0.0077109978484804
         726,3057.74173728947,           1.00155387471054,                 -0.00786006662918019
         727,3057.74084268421,           1.00143407414571,                 -0.00785794052445708
         728,3057.73994807895,           1.00131433837415,                 -0.00770474219328328
         729,3057.73905347368,           1.00149824499931,                 -0.00709853981525673
         730,3057.73815886842,           1.00122756448488,                 -0.00679463737020355
         731,3057.73726426316,           1.00126044394798,                 -0.00633995758266474
         732,3057.73636965789,            1.0009899735001,                 -0.00618733437562251
         733,3057.73547505263,           1.00117376912655,                 -0.00558219250417156
         734,3057.73458044737,           1.00090497737557,                 -0.00512820512820513
         735, 3057.7336858421,           1.00093790807295,                 -0.00422209421904828
         736,3057.73279123684,           1.00082007247994,                 -0.00271347511743317
         737,3057.73189663158,           1.00100371646366,                  -0.0015070817772714
         738,3057.73100202632,           1.00103810242711,                -0.000301335973036457
         739,3057.73010742105,           1.00076970698415,                  0.00120502071882498
         740,3057.72921281579,           1.00110380428481,                  0.00255998265235285
         741,3057.72831821053,           1.00068649472182,                  0.00406477137919198
         742,3057.72742360526,            1.0005704214647,                  0.00541825137977276
         743,     3057.726529,            1.0009058107307,                  0.00616914285026437
         744,3057.72565691111,           1.00063931405363,                  0.00631792711819789
         745,3057.72478482222,           1.00052334604603,                   0.0055643114089438
         746,3057.72391273333,           1.00055778653464,                  0.00526213711926559
         747,3057.72304064444,           1.00074251547408,                  0.00435889650777236
         748,3057.72216855556,           1.00032758211342,                  0.00300534049005082
         749,3057.72129646667,           1.00051227430261,                  0.00195295188677686
         750,3057.72042437778,           1.00054818385936,                 0.000750936793650078
         751,3057.71955228889,             1.000432424641,                -0.000300294889581569
         752,    3057.7186802,           1.00031822848805,                -0.000450323332152485
         753,3057.71780811111,           1.00050422891993,                -0.000900408785588657
         754,3057.71693602222,            1.0005401026195,                -0.000900171032496174
         755,3057.71606393333,           1.00057595737915,                -0.000599955603285357
         756,3057.71519184444,           1.00046184389676,                                    0
         757,3057.71431975556,            1.0003492902512,                 0.000899459874345456
         758,3057.71344766667,           1.00038516702311,                  0.00149870437007207
         759,3057.71257557778,           1.00027269267535,                  0.00164814254335364
         760,3057.71170348889,           1.00030857077805,                  0.00254645787709296
         761,    3057.7108314,           1.00034592800804,                  0.00224628576648512
         762,3057.70995931111,            1.0005329788126,                   0.0023954103936857
         763,3057.70908722222,           1.00027090982295,                  0.00284380477130571
         764,3057.70821513333,           1.00030824756769,                  0.00344159905670259
         765,3057.70734304444,           1.00034556576296,                  0.00284231579923676
         766,3057.70647095556,           1.00038286442412,                  0.00254245906640903
         767,3057.70559886667,            1.0004201435665,                  0.00119613826760304
         768,3057.70472677778,           1.00045889867308,                -0.000298956790280317
         769,3057.70385468889,           1.00019725988093,                 -0.00149439303732396
         770,    3057.7029826,           1.00008665226446,                 -0.00253980775149326
         771,3057.70211051111,           1.00027482539626,                 -0.00283787093960413
         772,3057.70123842222,           1.00031208422989,                 -0.00298645196068037
         773,3057.70036633333,           1.00035081695566,                 -0.00283639240742538
         774,3057.69949424444,           1.00009103947681,                 -0.00268641079101366
         775,3057.69862215556,           1.00027901577558,                 -0.00253650705074357
         776,3057.69775006667,           1.00001939178415,                  -0.0019391784148559
         777,3057.69687797778,           1.00050703889287,                 -0.00134216177523264
         778,3057.69600588889,           1.00024749006312,                -0.000447271198418449
         779,    3057.6951338,           0.99998807586137,                 0.000447155198626339
         780,3057.69426171111,           1.00017732583697,                  0.00134111977540714
         781,3057.69338962222,            1.0000685284557,                   0.0023835984590036
         782,3057.69251753333,           1.00010723413382,                  0.00402128001811065
         783,3057.69164544444,           1.00014740895264,                  0.00550922348239505
         784,3057.69077335556,           1.00003870349254,                  0.00640096222836847
         785,3057.68990126667,          0.999930054007236,                  0.00669695675402971
         786,3057.68902917778,          0.999970243408915,                  0.00684401594953282
         787,3057.68815708889,           1.00015915679622,                   0.0063960207826052
         788,     3057.687285,           1.00019926658002,                  0.00565084331401141
         789,3057.68641291111,           1.00009217439395,                  0.00505472482970037
         790,3057.68554082222,            1.0001322808337,                  0.00401301405595331
         791,3057.68466873333,           1.00017385283135,                  0.00326902759802254
         792,3057.68379664444,          0.999916809773663,                  0.00178264770721794
         793,3057.68292455556,            1.0002554475679,                 0.000742580139248628
         794,3057.68205246667,           1.00014847809948,                -0.000742390497401633
         795,3057.68118037778,           1.00018851876207,                 -0.00192971961174041
         796,3057.68030828889,           1.00023002322493,                 -0.00341324785373491
         797,    3057.6794362,           1.00027150650503,                 -0.00370910525995635
         798,3057.67856411111,           1.00046129497811,                  -0.0040048117071029
         799,3057.67769202222,           1.00020760424699,                 -0.00355892994839552
         800,3057.67681993333,           1.00039731250704,                 -0.00311326964473146
         801,3057.67594784444,           1.00029049775902,                 -0.00207498399298063
         802,3057.67507575556,           1.00048157066123,                 -0.00148175588071865
         803,3057.67420366667,           1.00037478871842,                 -0.00162951616702244
         804,3057.67333157778,           1.00041764289459,                 -0.00177720380677055
         805,3057.67245948889,           1.00045899406269,                 -0.00236900161388235
         806,    3057.6715874,           1.00035378004355,                 -0.00236840196518153
         807,3057.67071531111,            1.0002486192751,                 -0.00192383962872855
         808,3057.66984322222,           1.00043941216417,                 -0.00192335290714792
         809,3057.66897113333,           1.00033428293353,                 -0.00147912802444703
         810,3057.66809904444,           1.00037708227048,                 -0.00133087860169022
         811,3057.66722695556,           1.00056769798467,                 -0.00103486611789195
         812,3057.66635486667,           1.00090601799916,                 -0.00162580717631288
         813,3057.66548277778,           1.00065311381616,                 -0.00192092298871975
         814,3057.66461068889,           1.00054954145788,                 -0.00236361917367874
         815,    3057.6637386,            1.0005922324505,                 -0.00295377780797195
         816,3057.66286651111,           1.00063637934115,                 -0.00354364366300539
         817,3057.66199442222,           1.00067902692489,                 -0.00369036372224846
         818,3057.66112233333,           1.00057555230885,                 -0.00398459290742462
         819,3057.66025024444,           1.00061819378236,                 -0.00368850705463859
         820,3057.65937815555,           1.00110479960941,                  -0.0035400788552565
         821,3057.65850606667,           1.00085382992121,                 -0.00250692722980117
         822,3057.65763397778,           1.00075041538219,                 -0.00162172282987685
         823,3057.65676188889,           1.00123662229664,                 -0.00132653166504781
         824,    3057.6558898,           1.00098580819326,                 -0.00162091033271395
         825,3057.65501771111,           1.00102975688015,                 -0.00162050438935712
         826,3057.65414562222,             1.000926401864,                 -0.00206194373544673
         827,3057.65327353333,           1.00111906234355,                  -0.0020614306328592
         828,3057.65240144444,           1.00086852835966,                 -0.00206091475173338
         829,3057.65152935556,           1.00076529110496,                 -0.00191322776240655
         830,3057.65065726667,           1.00095784735945,                 -0.00161848248139849
         831,3057.64978517778,           1.00070754127201,                 -0.00132388179794916
         832,3057.64891308889,           1.00060589304517,                 -0.00102942993111643
         833,     3057.648041,           1.00079834508797,                -0.000588099512318479
         834,3057.64716891111,           1.00069525389996,                -0.000293976279054043
         835,3057.64629682222,           1.00118149114763,                -0.000293903270555595
         836,3057.64542473333,           1.00078599604798,                 0.000440745447466816
         837,3057.64455264444,           1.00068445465414,                 0.000734393405734731
         838,3057.64368055556,           1.00072980588925,                 0.000587368924953341
         839,3057.64280846667,           1.00092194042033,                   0.0004404173982489
         840,3057.64193637778,           1.00096721025155,                 0.000146769385667382
         841,3057.64106428889,           1.00086572464087,                -0.000293465979956274
         842,    3057.6401922,           1.00091245426726,                 -0.00117357462027526
         843,3057.63932011111,           1.00081103238703,                 -0.00205324654944584
         844,3057.63844802222,           1.00070966077042,                 -0.00249261014404354
         845,3057.63757593333,           1.00090298218662,                 -0.00263858431156404
         846,3057.63670384444,           1.00080163786193,                 -0.00278448251857909
         847,3057.63583175556,           1.00070180990768,                 -0.00293031276693318
         848,3057.63495966667,            1.0010400035155,                 -0.00278310799923831
         849,3057.63408757778,           1.00094016618389,                 -0.00292886661648542
         850,3057.63321548889,            1.0011331925871,                 -0.00307455353090512
         851,    3057.6323434,           1.00074063882294,                 -0.00307379748651188
         852,3057.63147131111,           1.00078581954247,                 -0.00321937242724584
         853,3057.63059922222,           1.00068614298401,                 -0.00336488030535557
         854,3057.62972713333,           1.00073277860579,                 -0.00351031667444299
         855,3057.62885504444,           1.00077939131439,                 -0.00394813611418595
         856,3057.62798295556,            1.0008259811267,                 -0.00365478374644572
         857,3057.62711086667,            1.0007263926057,                 -0.00350773089273213
         858,3057.62623877778,           1.00077297255436,                 -0.00277627193437478
         859,3057.62536668889,           1.00082099167614,                 -0.00219125892207591
         860,    3057.6244946,           1.00042938136952,                 -0.00219072127307195
         861,3057.62362251111,           1.00062201222415,                 -0.00189815936946066
         862,3057.62275042222,            1.0003780795602,                 -0.00175171997004559
         863,3057.62187833333,           1.00042468794193,                -0.000729704367572522
         864,3057.62100624445,            1.0003253683739,                                    0
         865,3057.62013415556,           1.00037342606747,                 0.000729347788034029
         866,3057.61926206667,               1.0004200014,                  0.00145833819446065
         867,3057.61838997778,           1.00032221426811,                  0.00145798311363958
         868,3057.61751788889,           1.00037023756424,                  0.00131186538511995
         869,    3057.6166458,           1.00027105247051,                 0.000874362808103595
         870,3057.61577371111,           1.00002768141892,                 0.000145691678528397
         871,3057.61490162222,            1.0000757412446,                -0.000145656239621993
         872,3057.61402953333,           1.00041501933116,                                    0
         873,3057.61315744444,           1.00017179078794,                  0.00072792706753125
         874,3057.61228535556,            1.0000742305134,                  0.00116440021017424
         875,3057.61141326667,           1.00026774696747,                  0.00145514656236176
         876,3057.61054117778,           1.00002473148158,                  0.00116383442709523
         877,3057.60966908889,           1.00007272198386,                 0.000727219838557196
         878,     3057.608797,          0.999975280529636,                 0.000727043245986358
         879,3057.60792491111,          0.999732513039989,                 0.000290746695663804
         880,3057.60705282222,           0.99978053952396,                                    0
         881,3057.60618073333,          0.999828542700133,                -0.000290605592995243
         882,3057.60530864444,          0.999876522585472,                -0.000145267546503773
         883,3057.60443655556,          0.999780698887955,                 0.000145232524533404
         884,3057.60356446667,          0.999683469867202,                 0.000435591925868062
         885,3057.60269237778,          0.999876612206682,                  0.00101613476850273
         886,3057.60182028889,          0.999780858020669,                  0.00130614424766817
         887,    3057.6009482,          0.999828791470913,                  0.00188619565942851
         888,3057.60007611111,          0.999733095052975,                  0.00232091258282757
         889,3057.59920402222,          0.999635995017047,                  0.00261039430005902
         890,3057.59833193333,          0.999685378205844,                  0.00260976603447501
         891,3057.59745984444,          0.999588336589919,                   0.0028990380991587
         892,3057.59658775555,          0.999782624447504,                  0.00289834069994928
         893,3057.59571566667,          0.999542172305481,                   0.0030425258180048
         894,3057.59484357778,          0.999300388335171,                    0.002462401304783
         895,3057.59397148889,           0.99934979270117,                  0.00188256010797206
         896,    3057.5930994,            0.9993991733204,                 0.000723887565783283
         897,3057.59222731111,          0.999448530209978,                -0.000578970908159292
         898,3057.59135522222,          0.999207001539691,                 -0.00130236973408504
         899,3057.59048313333,          0.999256380802472,                 -0.00188074894316377
         900,3057.58961104444,          0.999450374613093,                 -0.00159102085683705
         901,3057.58873895555,          0.999210464669017,                 -0.00144603540473085
         902,3057.58786686667,          0.999259807549963,                -0.000722844189489267
         903,3057.58699477778,          0.999164592601586,                 -0.00028906830394954
         904,3057.58612268889,          0.999213922814156,                -0.000144499482691852
         905,    3057.5852506,          0.999118764536774,                 0.000433394490111382
         906,3057.58437851111,          0.999023651888569,                 0.000577720775994546
         907,3057.58350642222,          0.999072980411296,                 0.000721977872822154
         908,3057.58263433333,          0.998977924320204,                  0.00101052680205801
         909,3057.58176224444,          0.998882913776531,                  0.00129893746915024
         910,3057.58089015556,          0.998787948747547,                  0.00173150178921852
         911,3057.58001806667,          0.998837286463187,                  0.00201960167684642
         912,3057.57914597778,          0.998888041178532,                  0.00187489814255283
         913,3057.57827388889,          0.998937331389674,                  0.00144188413884191
         914,    3057.5774018,          0.998842444100718,                  0.00057661564098757
         915,3057.57652971111,          0.998891721636217,                                    0
         916,3057.57565762222,          0.998654244604731,                -0.000864510960558128
         917,3057.57478553333,          0.998991645059061,                 -0.00115240564678767
         918,3057.57391344444,          0.998752819118448,                 -0.00115213014462114
         919,3057.57304135556,          0.998514107341346,                 -0.00115185477415008
         920,3057.57216926667,          0.998564841938284,                -0.000431842947356905
         921,3057.57129717778,          0.998614115300426,                -0.000575653042398286
         922,3057.57042508889,           0.99852092289807,                -0.000431637286555362
         923,     3057.569553,          0.998570183286967,                -0.000287689479483425
         924,3057.56868091111,          0.998475609756098,                -0.000431431201104464
         925,3057.56780882222,          0.998382516803853,                -0.000143776284101937
         926,3057.56693673333,          0.998431775026556,                -0.000143741977400886
         927,3057.56606464444,          0.998482444643719,                -0.000287415787174358
         928,3057.56519255555,          0.998387981989075,                -0.000574694478048108
         929,3057.56432046667,          0.998438637894704,                 -0.00114911654483637
         930,3057.56344837778,           0.99848783591081,                 -0.00201047457252284
         931,3057.56257628889,          0.998251301473903,                 -0.00301499745878786
         932,    3057.5617042,          0.998300520752594,                  -0.0038755016621596
         933,3057.56083211111,          0.998207646132806,                 -0.00459209957967939
         934,3057.55996002222,           0.99825828462556,                 -0.00459101251911726
         935,3057.55908793333,           0.99845090220603,                 -0.00430304942769443
         936,3057.55821584444,          0.997927854935505,                 -0.00358502606313948
         937,3057.55734375555,          0.997977092834378,                 -0.00258060446358552
         938,3057.55647166666,          0.998027737803794,                 -0.00143333008445181
         939,3057.55559957778,          0.997791760587297,                 -0.00028659823656105
         940,3057.55472748889,          0.997840995863938,                 0.000859590233335769
         941,    3057.5538554,          0.997748405836957,                  0.00186200535111692
         942,3057.55298331111,          0.997942254241147,                  0.00214796008230983
         943,3057.55211122222,          0.997848255483513,                  0.00257693954070348
         944,3057.55123913333,          0.997755729473799,                  0.00257633096120046
         945,3057.55036704445,          0.997806342860168,                  0.00286191407675367
         946,3057.54949495555,          0.997999994277523,                  0.00271817658991871
         947,3057.54862286667,          0.997763042719591,                  0.00243147530479258
         948,3057.54775077778,          0.997670624269836,                  0.00271689004745978
         949,3057.54687868889,          0.997578249420295,                  0.00285920965726654
         950,    3057.5460066,          0.997628844908734,                  0.00271560860361976
         951,3057.54513451111,          0.997392205194156,                   0.0025720715893259
         952,3057.54426242222,          0.997728538979128,                  0.00214288775553937
         953,3057.54339033333,          0.997493412173019,                  0.00142825517206904
         954,3057.54251824445,          0.998257939227782,                 0.000571167466301119
         955,3057.54164615556,          0.997594523794228,                -0.000142758231796541
         956,3057.54077406667,          0.997786344413981,                -0.000570897636626509
         957,3057.53990197778,          0.997694116572681,                -0.000713454030729892
         958,3057.53902988889,          0.997601932149373,                 -0.00128391497059121
         959,    3057.5381578,          0.997652414760977,                 -0.00156886012328388
         960,3057.53728571111,          0.997702873618124,                 -0.00242403156374276
         961,3057.53641362222,          0.997753308737576,                 -0.00285113104368503
         962,3057.53554153333,             0.997659775213,                 -0.00313550215066943
         963,3057.53466944445,          0.997710196678004,                 -0.00341974360472324
         964,3057.53379735556,          0.997618138615215,                 -0.00341893978677212
         965,3057.53292526667,          0.997668546166916,                 -0.00313329165105955
         966,3057.53205317778,          0.997576541146117,                 -0.00213583330248241
         967,3057.53118108889,          0.997626934788396,                  -0.0012811989744714
         968,     3057.530309,          0.997534982750572,                 -0.00113857609673343
         969,3057.52943691111,          0.997585362487318,                -0.000711442991361659
         970,3057.52856482222,           0.99749204438925,                -0.000142254997773709
         971,3057.52769273333,          0.997257967254895,                 0.000426664846229989
         972,3057.52682064444,           0.99745056470063,                 0.000710941243549985
         973,3057.52594855555,           0.99750091689909,                   0.0012793940789642
         974,3057.52507646667,          0.997693367044568,                  0.00142121562257061
         975,3057.52420437778,          0.997601550466902,                  0.00170505890978533
         976,3057.52333228889,          0.997367721992804,                  0.00170465925992218
         977,    3057.5224602,          0.997418046406994,                  0.00127819484802263
         978,3057.52158811111,          0.997468347241095,                 0.000709941884157363
         979,3057.52071602222,          0.997659163402887,                 0.000709774589785776
         980,3057.51984393333,          0.997283619116282,                 0.000425765028795908
         981,3057.51897184444,           0.99747580447204,                  0.00014188845013827
         982,3057.51809975555,          0.997384189382419,                -0.000283710479130257
         983,3057.51722766667,          0.997434439214363,                -0.000850932267209751
         984,3057.51635557778,          0.997626454399283,                 -0.00212683297555276
         985,3057.51548348889,          0.997251356956448,                 -0.00354389252649768
         986,    3057.5146114,          0.997159880046032,                 -0.00439339913039042
         987,3057.51373931111,          0.997635203586443,                 -0.00510081910653486
         988,3057.51286722222,           0.99740202341862,                 -0.00566625208588905
         989,3057.51199513333,          0.997452198629371,                 -0.00580655120599236
         990,3057.51112304445,           0.99735934812004,                 -0.00552200661224894
         991,3057.51025095555,          0.997409509788656,                 -0.00509604631739875
         992,3057.50937886667,          0.997459648030343,                 -0.00438723738492347
         993,3057.50850677778,          0.997368272115004,                   -0.003961740902145
         994,3057.50763468889,          0.997135481133076,                 -0.00353644304558475
         995,    3057.5067626,           0.99718564822017,                 -0.00311134367619398
         996,3057.50589051111,          0.997094400180981,                 -0.00296922609242777
         997,3057.50501842222,          0.997285912187951,                 -0.00240309858358542
         998,3057.50414633333,          0.997194683324265,                 -0.00211988665672675
         999,3057.50327424444,          0.997103496997527,                 -0.00155422112327799
        1000,3057.50240215556,          0.997153613075016,                 -0.00127133907319382
        1001,3057.50153006667,           0.99748615975596,                 -0.00112981584001808
        1002,3057.50065797778,          0.997111173236418,                 -0.00112955103170367
        1003,3057.49978588889,                          1,                                    0
        1004,    3057.4989138,                          1,                                    0
        1005,3057.49804171111,                          1,                                    0
        1006,3057.49716962222,                          1,                                    0
        1007,3057.49629753333,                          1,                                    0
        1008,3057.49542544444,                          1,                                    0
        1009,3057.49455335555,                          1,                                    0
        1010,3057.49368126667,                          1,                                    0
        1011,3057.49280917778,                          1,                                    0
        1012,3057.49193708889,                          1,                                    0
        1013,     3057.491065,                          1,                                    0
        1014,3057.49019291111,                          1,                                    0
        1015,3057.48932082222,                          1,                                    0
        1016,3057.48844873333,                          1,                                    0
        1017,3057.48757664445,                          1,                                    0
        1018,3057.48670455555,                          1,                                    0
        1019,3057.48583246667,                          1,                                    0
        1020,3057.48496037778,                          1,                                    0
        1021,3057.48408828889,                          1,                                    0
        1022,    3057.4832162,                          1,                                    0
        1023,3057.48234411111,                          1,                                    0
