"SCAN INDEX",      WAVENUMBER,"SCIENCE DIRECT ABSORPTION","SCIENCE HARMONIC ABSORPTION SPECTRA"
           0, 3058.4135858421,                          1,                                    0
           1,3058.41269123684,                          1,                                    0
           2,3058.41179663158,                          1,                                    0
           3,3058.41090202631,                          1,                                    0
           4,3058.41000742105,                          1,                                    0
           5,3058.40911281578,                          1,                                    0
           6,3058.40821821052,                          1,                                    0
           7,3058.40732360526,                          1,                                    0
           8,     3058.406429,                          1,                                    0
           9,3058.40553439473,                          1,                                    0
          10,3058.40463978946,                          1,                                    0
          11, 3058.4037451842,                          1,                                    0
          12,3058.40285057895,                          1,                                    0
          13,3058.40195597368,                          1,                                    0
          14,3058.40106136841,                          1,                                    0
          15,3058.40016676315,                          1,                                    0
          16,3058.39927215789,                          1,                                    0
          17,3058.39837755263,                          1,                                    0
          18,3058.39748294736,                          1,                                    0
          19, 3058.3965883421,                          1,                                    0
          20,3058.39569373683,                          1,                                    0
          21,3058.39479913157,                          1,                                    0
          22,3058.39390452631,                          1,                                    0
          23,3058.39300992105,                          1,                                    0
          24,3058.39211531579,                          1,                                    0
          25,3058.39122071052,                          1,                                    0
          26,3058.39032610526,                          1,                                    0
          27,3058.38943149999,                          1,                                    0
          28,3058.38853689474,                          1,                                    0
          29,3058.38764228947,                          1,                                    0
          30,3058.38674768421,                          1,                                    0
          31,3058.38585307894,                          1,                                    0
          32,3058.38495847368,                          1,                                    0
          33,3058.38406386842,                          1,                                    0
          34,3058.38316926315,                          1,                                    0
          35,3058.38227465789,                          1,                                    0
          36,3058.38138005263,                          1,                                    0
          37,3058.38048544736,                          1,                                    0
          38, 3058.3795908421,                          1,                                    0
          39,3058.37869623684,                          1,                                    0
          40,3058.37780163157,                          1,                                    0
          41,3058.37690702632,                          1,                                    0
          42,3058.37601242105,                          1,                                    0
          43,3058.37511781578,                          1,                                    0
          44,3058.37422321052,                          1,                                    0
          45,3058.37332860526,                          1,                                    0
          46,     3058.372434,                          1,                                    0
          47,3058.37153939473,                          1,                                    0
          48,3058.37064478947,                          1,                                    0
          49, 3058.3697501842,                          1,                                    0
          50,3058.36885557895,                          1,                                    0
          51,3058.36796097368,                          1,                                    0
          52,3058.36706636842,                          1,                                    0
          53,3058.36617176315,                          1,                                    0
          54,3058.36527715789,                          1,                                    0
          55,3058.36438255263,                          1,                                    0
          56,3058.36348794736,                          1,                                    0
          57,3058.36259334211,                          1,                                    0
          58,3058.36169873684,                          1,                                    0
          59,3058.36080413157,                          1,                                    0
          60,3058.35990952631,                          1,                                    0
          61,3058.35901492105,                          1,                                    0
          62,3058.35812031579,                          1,                                    0
          63,3058.35722571053,                          1,                                    0
          64,3058.35633110526,                          1,                                    0
          65,3058.35543649999,                          1,                                    0
          66,3058.35454189473,                          1,                                    0
          67,3058.35364728947,                          1,                                    0
          68,3058.35275268421,                          1,                                    0
          69,3058.35185807894,                          1,                                    0
          70,3058.35096347368,                          1,                                    0
          71,3058.35006886841,                          1,                                    0
          72,3058.34917426315,                          1,                                    0
          73,3058.34827965789,                          1,                                    0
          74,3058.34738505263,                          1,                                    0
          75,3058.34649044737,                          1,                                    0
          76, 3058.3455958421,                          1,                                    0
          77,3058.34470123683,                          1,                                    0
          78,3058.34380663157,                          1,                                    0
          79,3058.34291202632,                          1,                                    0
          80,3058.34201742105,                          1,                                    0
          81,3058.34112281579,                          1,                                    0
          82,3058.34022821052,                          1,                                    0
          83,3058.33933360526,                          1,                                    0
          84,     3058.338439,                          1,                                    0
          85,3058.33754439473,                          1,                                    0
          86,3058.33664978947,                          1,                                    0
          87,3058.33575518421,                          1,                                    0
          88,3058.33486057894,                          1,                                    0
          89,3058.33396597368,                          1,                                    0
          90,3058.33307136841,                          1,                                    0
          91,3058.33217676316,                          1,                                    0
          92,3058.33128215789,                          1,                                    0
          93,3058.33038755263,                          1,                                    0
          94,3058.32949294736,                          1,                                    0
          95, 3058.3285983421,                          1,                                    0
          96,3058.32770373684,                          1,                                    0
          97,3058.32680913158,                          1,                                    0
          98,3058.32591452631,                          1,                                    0
          99,3058.32501992105,                          1,                                    0
         100,3058.32412531578,          0.995185098105849,                  0.00177817468392945
         101,3058.32323071052,          0.995242975539534,                  0.00157975075482466
         102,3058.32233610526,          0.995300790832891,                  0.00118417702657096
         103,3058.32144149999,          0.995356580675959,                 0.000394513111643265
         104,3058.32054689473,          0.995808574481592,                 0.000591452330913636
         105,3058.31965228947,          0.995668948449058,                 0.000985225557539143
         106,3058.31875768421,          0.995724450588947,                  0.00177245254258317
         107,3058.31786307894,          0.995585019378281,                  0.00236200479093305
         108,3058.31696847369,          0.995642465793848,                  0.00216401247258098
         109,3058.31607386842,          0.995697892990004,                  0.00216285087339851
         110,3058.31517926315,          0.995951735251346,                 0.000786070824981331
         111,3058.31428465789,          0.995616068131644,                  0.00058923815434897
         112,3058.31339005263,          0.995869683002097,                                    0
         113,3058.31249544737,          0.996121072757845,                -0.000196202693078165
         114, 3058.3116008421,           0.99598195113629,                -0.000784392164706667
         115,3058.31070623684,          0.995842977846855,                -0.000979967504277558
         116,3058.30981163157,           0.99648575693348,                -0.000979443441059053
         117,3058.30891702631,           0.99615087926761,                -0.000978921854626189
         118,3058.30802242105,          0.996207718408416,                -0.000391360329368853
         119,3058.30712781578,          0.996066972938192,                                    0
         120,3058.30623321052,          0.996319267841191,                 0.000390943405077964
         121,3058.30533860526,          0.996571294604917,                  0.00136757480145744
         122,3058.30444399999,          0.996430579855036,                  0.00136684578855286
         123,3058.30354939473,          0.996487119437939,                  0.00156128024980484
         124,3058.30265478946,          0.996543599026278,                  0.00117033893015417
         125,3058.30176018421,          0.996598075817095,                  0.00097476337619043
         126,3058.30086557895,          0.996654436622325,                 0.000974246761116643
         127,3058.29997097368,          0.996905483856519,                  0.00136322297069655
         128,3058.29907636841,          0.996766979198499,                  0.00155714427525639
         129,3058.29818176314,          0.997210301264119,                  0.00175085694720583
         130,3058.29728715789,          0.996682908618604,                    0.001555494199951
         131,3058.29639255263,          0.997127743510216,                  0.00155467198364485
         132,3058.29549794736,          0.997183645722055,                 0.000971156647567253
         133, 3058.2946033421,          0.997237552972785,                -0.000194128392636322
         134,3058.29370873684,          0.997293338119307,                 -0.00116415564761009
         135,3058.29281413159,          0.997155140817621,                 -0.00174531238182781
         136,3058.29191952631,          0.997210910592144,                 -0.00290732043904415
         137,3058.29102492105,          0.997266621594658,                 -0.00348694622935195
         138,3058.29013031578,          0.997126726094129,                 -0.00387233680036555
         139,3058.28923571053,          0.997182422652083,                 -0.00406381348257205
         140,3058.28834110526,           0.99743147373063,                 -0.00386826245387097
         141,    3058.2874465,          0.997293640054127,                  -0.0040595399188092
         142,3058.28655189474,           0.99754237091651,                 -0.00405740650576152
         143,3058.28565728946,          0.997597732135547,                 -0.00444149203234951
         144,3058.28476268421,          0.997460028256221,                 -0.00482517428529518
         145,3058.28386807894,          0.997515374584288,                  -0.0050155481994182
         146,3058.28297347368,           0.99757066286199,                  -0.0050129179038291
         147,3058.28207886841,          0.997818596656209,                 -0.00501029036559703
         148,3058.28118426315,          0.997679144076039,                  -0.0050076559355168
         149,3058.28028965789,          0.997541758345413,                 -0.00423502869231939
         150,3058.27939505263,          0.997406435426399,                 -0.00423282052071389
         151,3058.27850044736,          0.997653936387062,                 -0.00442290681127649
         152, 3058.2776058421,          0.997901178568957,                 -0.00384399529494976
         153,3058.27671123685,          0.997571864362499,                 -0.00307358941455806
         154,3058.27581663158,          0.997626892150312,                  -0.0023039882035804
         155,3058.27492202631,          0.997681862492996,                 -0.00115139280149221
         156,3058.27402742104,          0.997353178104262,                -0.000767194752387894
         157,3058.27313281578,          0.997599932522064,                -0.000383397360692569
         158,3058.27223821053,          0.997271633417892,                -0.000383197553666817
         159,3058.27134360526,          0.997520083493714,                                    0
         160,     3058.270449,          0.997766366105419,                  0.00057419894462234
         161,3058.26955439473,           0.99782109236158,                  0.00153040044840733
         162,3058.26865978947,          0.997875761695261,                  0.00172080510734956
         163, 3058.2677651842,          0.997741179708073,                  0.00191101547540332
         164,3058.26687057895,          0.997604831593303,                  0.00248302944872926
         165,3058.26597597368,          0.997659528163932,                  0.00267264320595007
         166,3058.26508136842,          0.997906876017226,                  0.00286206560999204
         167,3058.26418676315,          0.997961359271811,                  0.00286058100307226
         168,3058.26329215789,          0.998208295211955,                  0.00343092406221409
         169,3058.26239755263,          0.997881549669278,                  0.00323863809552839
         170,3058.26150294736,           0.99793786165965,                  0.00323696692391033
         171, 3058.2606083421,          0.997992216269709,                  0.00304498006489614
         172,3058.25971373684,          0.997858199898807,                   0.0030434104457455
         173,3058.25881913157,          0.997912539591405,                  0.00342206624359788
         174,3058.25792452631,          0.998158736311658,                  0.00266023649502441
         175,3058.25702992105,          0.998024841417556,                  0.00151935275572606
         176,3058.25613531579,          0.997891084278802,                 0.000759285588190072
         177,3058.25524071052,          0.998324742023552,                -0.000379446880282612
         178,3058.25434610526,          0.998190968495546,                -0.000568877831589407
         179,    3058.2534515,          0.998057332385691,                -0.000758114190950012
         180,3058.25255689473,          0.997923833482353,                -0.000378862503220331
         181,3058.25166228948,          0.998169139684986,                                    0
         182,3058.25076768421,          0.998414194285801,                 0.000378473917469978
         183,3058.24987307894,          0.997902437824966,                  0.00132397973176171
         184,3058.24897847368,          0.998147377972702,                  0.00151234451207985
         185,3058.24808386841,          0.998203121014415,                  0.00132262385900074
         186,3058.24718926316,          0.998069957433308,                  0.00113309739727528
         187,3058.24629465789,          0.998125683049795,                   0.0015100237262478
         188,3058.24540005263,          0.998181351685834,                  0.00150925171300069
         189,3058.24450544736,          0.998238845708553,                  0.00113136249985858
         190, 3058.2436108421,          0.998105935677199,                  0.00113078467032915
         191,3058.24271623684,          0.998538265056247,                 0.000753471620491414
         192,3058.24182163157,          0.998030673298867,                 0.000941360755799724
         193,3058.24092702632,          0.998086248652188,                 0.000940880701972274
         194,3058.24003242105,          0.998143644663119,                   0.0013165640687096
         195,3058.23913781578,          0.997823136413025,                  0.00169186289143128
         196,3058.23824321052,          0.998444275761516,                  0.00187889400783123
         197,3058.23734860526,          0.998123940138855,                  0.00206573157883865
         198,     3058.236454,          0.998181200482761,                  0.00300317773744343
         199,3058.23555939473,          0.998426006352256,                  0.00356446714030305
         200,3058.23466478947,          0.998295547234343,                  0.00525023954217911
         201, 3058.2337701842,           0.99816522014547,                  0.00618465119504328
         202,3058.23287557894,          0.998409662657418,                  0.00749275544208194
         203,3058.23198097368,          0.998653858035382,                  0.00823786459571743
         204,3058.23108636842,          0.998336417852912,                    0.008982220816671
         205,3058.23019176316,          0.998393368483463,                  0.00879064974123694
         206,3058.22929715789,          0.998637202320308,                  0.00822539065932114
         207,3058.22840255262,          0.998693943748026,                  0.00710016274320393
         208,3058.22750794737,          0.998377123605662,                  0.00634957392491442
         209, 3058.2266133421,          0.998435802575139,                  0.00503977690587563
         210,3058.22571873684,           0.99849255981254,                    0.004477545111267
         211,3058.22482413158,          0.998737592699295,                  0.00354294515707368
         212,3058.22392952631,          0.998794141053813,                  0.00335478532169596
         213,3058.22303492105,          0.998666209650979,                  0.00316682066108313
         214,3058.22214031578,           0.99890892706196,                  0.00316522865984219
         215,3058.22124571053,          0.999153259949196,                   0.0031636441458626
         216,3058.22035110526,          0.999211344731634,                  0.00279005401544574
         217,    3058.2194565,          0.998897550256278,                  0.00204501638801769
         218,3058.21856189473,          0.999327340094618,                  0.00185817653420346
         219,3058.21766728947,          0.999013801211297,                  0.00148579855171786
         220,3058.21677268421,          0.999071839613885,                  0.00129942454056061
         221,3058.21587807895,          0.999315359510473,                 0.000742157712224636
         222,3058.21498347368,          0.999558636446245,                                    0
         223,3058.21408886842,          0.999432814463602,                -0.000185354750456899
         224,3058.21319426315,          0.999120003705248,                -0.000370524755685239
         225,3058.21229965789,          0.999364865390349,                -0.000740681760526477
         226,3058.21140505263,          0.999607634107701,                -0.000925391255422793
         227,3058.21051044737,           0.99948203781124,                -0.000739945983943172
         228, 3058.2096158421,          0.999539612720001,                -0.000924472449796524
         229,3058.20872123684,          0.999783780587193,                -0.000739211667716963
         230,3058.20782663157,          0.999842995280623,                -0.000554134303684069
         231,3058.20693202631,          0.999717531334637,                -0.000738480170884312
         232,3058.20603742105,          0.999776720223058,                -0.000553586223822291
         233,3058.20514281579,           1.00002028812831,                 0.000184437530086372
         234,3058.20424821052,           1.00007926895588,                 0.000553039227072376
         235,3058.20335360526,          0.999955778627811,                  0.00128979002218439
         236,3058.20245899999,           1.00019889795798,                   0.0012891534313581
         237,3058.20156439474,            1.0000754704478,                 0.000184074262920633
         238,3058.20066978947,           1.00013430795526,                -0.000367967000719375
         239,3058.19977518421,           1.00037881992078,                  -0.0012872521579863
         240,3058.19888057894,           1.00025364756223,                 -0.00183802581323452
         241,3058.19798597367,           1.00049786066882,                  -0.0023882615109612
         242,3058.19709136842,           1.00019096724912,                 -0.00257071296887968
         243,3058.19619676315,           1.00043497172684,                 -0.00220238849031775
         244, 3058.1953021579,           1.00031185221874,                 -0.00165098233448902
         245,3058.19440755263,            1.0005573931602,                 -0.00146682410578735
         246,3058.19351294737,           1.00061759730823,                 -0.00164936966589268
         247, 3058.1926183421,           1.00067774256773,                  -0.0023812576703973
         248,3058.19172373684,           1.00092274568104,                 -0.00311243582889659
         249,3058.19082913158,           1.00079968817651,                 -0.00365990012132569
         250,3058.18993452632,           1.00067858116178,                 -0.00438974336462855
         251,3058.18903992105,           1.00074040896169,                 -0.00420479163429282
         252,3058.18814531578,           1.00098490482603,                 -0.00402001969809652
         253,3058.18725071052,           1.00068124494317,                 -0.00401806668894867
         254,3058.18635610526,           1.00129063350572,                 -0.00401611557650426
         255,    3058.1854615,           1.00080465789267,                 -0.00419662846518349
         256,3058.18456689474,           1.00104864815575,                 -0.00455933980759586
         257,3058.18367228947,           1.00092965602727,                 -0.00473942288412111
         258,3058.18277768421,            1.0011733496582,                  -0.0051015202530354
         259,3058.18188307895,           1.00105441241548,                 -0.00473483986225258
         260,3058.18098847368,           1.00111761129698,                  -0.0040044704451879
         261,3058.18009386842,           1.00099699446195,                  -0.0034567326235509
         262,3058.17919926316,           1.00106015998778,                 -0.00254583873566375
         263,3058.17830465789,           1.00094150662872,                 -0.00218109643717897
         264,3058.17741005263,           1.00118812744574,                 -0.00145336690610886
         265,3058.17651544736,            1.0012511099288,                 -0.00163425099553123
         266,3058.17562084211,           1.00113253571843,                 -0.00163346497851086
         267,3058.17472623684,           1.00101589144474,                  -0.0023583194252957
         268,3058.17383163158,           1.00126018803093,                 -0.00271983028259037
         269,3058.17293702631,           1.00114359451147,                 -0.00217482315969183
         270,3058.17204242104,           1.00102711250958,                 -0.00144918872603631
         271,3058.17114781579,           1.00127286586746,                 -0.00054318600318307
         272,3058.17025321052,           1.00133740890146,                 0.000542926482325028
         273,3058.16935860526,             1.001221001221,                  0.00180889069777959
         274,3058.16846399999,           1.00128731775052,                  0.00235043971302939
         275,3058.16756939474,           1.00117104483222,                  0.00253003513134497
         276,3058.16667478947,           1.00105669102174,                  0.00270946415830496
         277,3058.16578018421,           1.00112118350759,                  0.00234708302715936
         278,3058.16488557895,           1.00136788043498,                  0.00216550992344922
         279,3058.16399097368,           1.00143396975136,                   0.0016233619826661
         280,3058.16309636841,           1.00113942033793,                 0.000721152112615114
         281,3058.16220176315,           1.00120735948678,                 0.000180202908474943
         282,3058.16130715789,            1.0012734310411,                -0.000540352634129033
         283,3058.16041255263,           1.00133944002765,                -0.000720129047125245
         284,3058.15951794737,           1.00158713592146,                 0.000539842150155295
         285, 3058.1586233421,           1.00147487319688,                   0.0012590380948955
         286,3058.15772873684,            1.0015424940943,                  0.00161800079821373
         287,3058.15683413158,           1.00143035809266,                   0.0021563187326596
         288,3058.15593952632,            1.0014979362964,                  0.00251452136085896
         289,3058.15504492105,           1.00138592673977,                  0.00215429026907085
         290,3058.15415031579,           1.00145346229073,                  0.00179439788978808
         291,3058.15325571052,            1.0017020864459,                 0.000538067369621792
         292,3058.15236110525,           1.00159193420005,                  0.00035854373875069
         293,    3058.1514665,           1.00148188498637,                -0.000179188027372763
         294,3058.15057189473,           1.00137014516375,                -0.000358207885946609
         295,3058.14967728948,           1.00162013623466,                -0.000716082313661956
         296,3058.14878268421,           1.00168916500852,                  -0.0010736218274475
         297,3058.14788807894,           1.00157927589395,                 -0.00160968097911528
         298,3058.14699347368,           1.00147127965576,                 -0.00125139217379334
         299,3058.14609886842,           1.00154028139619,                 -0.00160818243221511
         300,3058.14520426316,           1.00196821563928,                 -0.00107162376004201
         301,3058.14430965789,           1.00150314732629,                 -0.00124964742090624
         302,3058.14341505263,           1.00175226348904,                 -0.00160594413455671
         303,3058.14252044736,            1.0016444376273,                 -0.00178355491030502
         304, 3058.1416258421,           1.00189504347191,                 -0.00213927767289375
         305,3058.14073123684,            1.0016090606329,                 -0.00231647710162385
         306,3058.13983663157,           1.00168134279445,                 -0.00231540850930438
         307,3058.13894202631,           1.00157553207587,                 -0.00213631467915224
         308,3058.13804742105,           1.00182570723913,                  -0.0021353301042397
         309,3058.13715281578,           1.00154206530033,                 -0.00195648423340501
         310,3058.13625821052,           1.00179202548658,                 -0.00160002275587919
         311,3058.13536360526,           1.00168813860506,                -0.000888494002665482
         312,     3058.134469,           1.00158256795184,                                    0
         313,3058.13357439473,           1.00147887236426,                 0.000710142791961894
         314,3058.13267978947,           1.00173018055987,                  0.00159708974757109
         315,3058.13178518421,           1.00144913911913,                  0.00248322492874031
         316,3058.13089057894,           1.00152293893529,                  0.00336854944941946
         317,3058.12999597369,           1.00177388228581,                  0.00460748645664798
         318,3058.12910136842,           1.00167211047265,                  0.00513678005370592
         319,3058.12820676315,           1.00139160856494,                  0.00531148307230345
         320,3058.12731215789,            1.0021749479269,                   0.0051320984442663
         321,3058.12641755262,           1.00171935584298,                  0.00495287691393315
         322,3058.12552294737,           1.00179460204921,                  0.00406658592430846
         323, 3058.1246283421,            1.0016948223971,                  0.00371128992066676
         324,3058.12373373684,           1.00159336369321,                   0.0024730700338104
         325,3058.12283913157,           1.00149376538349,                  0.00158911211009369
         326,3058.12194452632,           1.00156897765839,                 0.000529463776735715
         327,3058.12104992105,           1.00164588871816,                 0.000176408222740078
         328,3058.12015531578,           1.00172273034245,                -0.000176328591857498
         329,3058.11926071053,            1.0016250189468,                -0.000176249343471196
         330,3058.11836610526,           1.00170180080827,                -0.000352339711856584
         331,    3058.1174715,            1.0017802774838,                -0.000528272250386959
         332,3058.11657689473,            1.0016809089229,                 -0.00140809124431263
         333,3058.11568228947,           1.00211118930331,                 -0.00211118930330753
         334,3058.11478768421,           1.00183766958877,                 -0.00316536388495661
         335,3058.11389307894,           1.00174193060753,                  -0.0033397256854787
         336,3058.11299847368,           1.00182021350612,                 -0.00404101454062449
         337,3058.11210386842,           1.00172456789213,                 -0.00368797614406289
         338,3058.11120926315,           1.00215386721856,                 -0.00351078601232637
         339,3058.11031465789,           1.00188269725772,                  -0.0021055328138516
         340,3058.10942005263,           1.00178715179917,                 -0.00175382904726745
         341,3058.10852544737,            1.0020440576824,                 -0.00105183071135311
         342, 3058.1076308421,           1.00212375238309,                 -0.00105136256588539
         343,3058.10673623684,           1.00185483263595,                -0.000700597785060102
         344,3058.10584163158,           1.00175946918303,                 -0.00122550092350248
         345,3058.10494702631,           1.00201593145833,                 -0.00139995240161835
         346,3058.10405242105,           1.00192408605912,                -0.000699667657862515
         347,3058.10315781579,           1.00218024907641,                                    0
         348,3058.10226321053,            1.0019118988616,                  0.00139809788782362
         349,3058.10136860526,           1.00199490617652,                  0.00314433547963344
         350,     3058.100474,           1.00190323200223,                   0.0050636447765885
         351,3058.09957939473,           1.00216070175684,                  0.00610860755163519
         352,3058.09868478947,           1.00206903529921,                  0.00697819662464629
         353,3058.09779018421,           1.00197744940415,                  0.00697513017336686
         354,3058.09689557895,           1.00188769027238,                  0.00610056874730921
         355,3058.09600097368,           1.00214646112675,                  0.00505254648342765
         356,3058.09510636842,           1.00188081223225,                  0.00435373201908676
         357,3058.09421176315,            1.0021411039741,                   0.0031333228889237
         358,3058.09331715789,           1.00222542764228,                  0.00260996205115178
         359,3058.09242255263,           1.00213575617595,                 0.000695686050798995
         360,3058.09152794737,           1.00256944275428,                -0.000869229619173119
         361, 3058.0906333421,           1.00230767092057,                 -0.00208524480774043
         362,3058.08973873684,           1.00256721125821,                 -0.00330020391786314
         363,3058.08884413158,           1.00247928718757,                 -0.00416686922280944
         364,3058.08794952631,            1.0023914394105,                 -0.00451214983114147
         365,3058.08705492105,           1.00265234504424,                 -0.00381632380466667
         366,3058.08616031579,           1.00256449825826,                 -0.00329448728241212
         367,3058.08526571052,           1.00247846508484,                 -0.00207983084042498
         368,3058.08437110526,           1.00273899507812,                 -0.00173244470469614
         369,    3058.0834765,           1.00265469715153,                 -0.00173170068592664
         370,3058.08258189473,           1.00274183162661,                 -0.00155785887875704
         371,3058.08168728947,           1.00265760497194,                 -0.00138416925621665
         372,3058.08079268421,            1.0027463975151,                 -0.00155652252115141
         373,3058.07989807895,           1.00266224112298,                 -0.00138298240154894
         374,3058.07900347368,           1.00257815685976,                 -0.00207358460570789
         375,3058.07810886842,           1.00283959402787,                 -0.00276359516094487
         376,3058.07721426315,           1.00310253917884,                 -0.00328036974946608
         377,3058.07631965789,           1.00284752782811,                 -0.00396928121494521
         378,3058.07542505263,           1.00259273379024,                 -0.00431259778815485
         379,3058.07453044737,           1.00268301767067,                 -0.00465562192211662
         380, 3058.0736358421,           1.00260086764531,                 -0.00499835399032388
         381,3058.07274123684,           1.00303736667373,                 -0.00534080356696765
         382,3058.07184663158,           1.00278465186685,                 -0.00568296299357825
         383,3058.07095202631,           1.00287470091061,                 -0.00585268448866473
         384,3058.07005742105,           1.00279605970663,                 -0.00498989116875296
         385,3058.06916281579,           1.00288775259236,                  -0.0042998102923699
         386,3058.06826821053,           1.00280744824788,                 -0.00309455410054206
         387,3058.06737360526,           1.00272893495924,                 -0.00154662560662093
         388,     3058.066479,           1.00265048775502,                -0.000343549935842049
         389,3058.06558439474,           1.00291551196596,                  0.00120191894945416
         390,3058.06468978947,           1.00266714265609,                  0.00171630801550169
         391,3058.06379518421,           1.00258882020824,                  0.00223026260484379
         392,3058.06290057895,           1.00251228274756,                  0.00188635564663414
         393,3058.06200597368,           1.00277863961507,                  0.00171415152070952
         394,3058.06111136842,           1.00287343027948,                  0.00154209138433544
         395,3058.06021676316,           1.00296814171721,                   0.0017127188212384
         396,3058.05932215789,           1.00289329064731,                  0.00154080567016487
         397,3058.05842755263,           1.00230339828255,                  0.00154016229888047
         398,3058.05753294737,           1.00257100190388,                  0.00171058010903238
         399, 3058.0566383421,           1.00249640927433,                  0.00188085630257848
         400,3058.05574373684,           1.00276542433368,                  0.00222191077489993
         401,3058.05484913157,           1.00269081279631,                  0.00290436936744544
         402,3058.05395452632,            1.0026179753982,                  0.00358626766877232
         403,3058.05305992105,           1.00288660638536,                  0.00443830668357775
         404,3058.05216531578,           1.00281374829153,                  0.00477774118634726
         405,3058.05127071052,           1.00257038716137,                  0.00511689547717609
         406,3058.05037610526,           1.00266992194826,                  0.00494429990418288
         407,    3058.0494815,           1.00259724324103,                  0.00426056962111606
         408,3058.04858689474,           1.00286703792224,                  0.00323670353669485
         409,3058.04769228947,           1.00262576244172,                  0.00306509234442102
         410,3058.04679768421,           1.00238639110261,                  0.00272341352651413
         411,3058.04590307895,           1.00282608436738,                    0.002211866151472
         412,3058.04500847368,           1.00275690118184,                  0.00119051870900151
         413,3058.04411386842,           1.00268777445135,                 0.000340009418260886
         414,3058.04321926316,           1.00295857485398,                -0.000849676867887143
         415,3058.04232465789,           1.00306099222352,                 -0.00203839659723661
         416,3058.04143005263,           1.00265223164408,                 -0.00271675456499665
         417,3058.04053544737,           1.00275469001675,                 -0.00322483735787378
         418, 3058.0396408421,           1.00285706529853,                 -0.00390216756925499
         419,3058.03874623684,           1.00295935759046,                 -0.00390058593584384
         420,3058.03785163158,           1.00323278967542,                 -0.00339044538585811
         421,3058.03695702631,           1.00333484711895,                 -0.00305016504781981
         422,3058.03606242105,           1.00293036570286,                 -0.00287955011264123
         423,3058.03516781579,           1.00303416140655,                 -0.00237043859886761
         424,3058.03427321052,           1.00279937581028,                 -0.00135399071839363
         425,3058.03337860526,            1.0029048373917,                -0.000338361955935122
         426,     3058.032484,           1.00300851821599,                  0.00016911288454156
         427,3058.03158939473,           1.00294476619368,                 0.000338090263338506
         428,3058.03069478947,           1.00288106523374,                 0.000844887165319072
         429,3058.02980018421,           1.00298801920845,                  0.00152019066569149
         430,3058.02890557895,           1.00275550933024,                  0.00202610980164385
         431,3058.02801097368,           1.00303120316487,                  0.00236285324656036
         432,3058.02711636842,           1.00296926139623,                  0.00236191247427203
         433,3058.02622176315,           1.00307600982165,                   0.0026982542295135
         434,3058.02532715789,            1.0030157903343,                  0.00269718531854602
         435,3058.02443255263,           1.00312243553342,                  0.00252760566655489
         436,3058.02353794737,           1.00289380510105,                  0.00269504549573678
         437,3058.02264334211,           1.00283372929214,                  0.00303072651565791
         438,3058.02174873684,           1.00311031520554,                  0.00302952779760061
         439,3058.02085413158,           1.00322012968004,                  0.00269185344203935
         440,3058.01995952631,           1.00299350845918,                  0.00252261948807642
         441,3058.01906492105,           1.00276537979844,                   0.0013448655554715
         442,3058.01817031579,           1.00287688543543,                  0.00100825424138951
         443,3058.01727571052,           1.00298661900618,                 0.000839881610288214
         444,3058.01638110526,           1.00292835602361,                 0.000335820644909966
         445,    3058.0154865,           1.00303966672765,                 0.000167844656413596
         446,3058.01459189473,           1.00281533231995,                -0.000167779041713225
         447,3058.01369728947,           1.00275888671793,                 0.000503140434881049
         448,3058.01280268421,           1.00253651797944,                 0.000502944741461256
         449,3058.01190807895,           1.00281707135184,                 0.000837915333683023
         450,3058.01101347368,           1.00276069097683,                  0.00117262359452686
         451,3058.01011886842,           1.00287516556901,                  0.00117217000483939
         452,3058.00922426315,           1.00282048492254,                 0.000669551316923746
         453,3058.00832965789,           1.00310049243115,                                    0
         454,3058.00743505263,           1.00288018625874,                 -0.00100354921907145
         455,3058.00654044737,           1.00282724386358,                 -0.00183912965696888
         456,3058.00564584211,           1.00310860046128,                 -0.00300832302704148
         457,3058.00475123684,            1.0030572865329,                  -0.0033412967572715
         458,3058.00385663157,           1.00333833777833,                 -0.00367400856043995
         459,3058.00296202632,           1.00312003886276,                 -0.00333872537481366
         460,3058.00206742105,           1.00290190751609,                 -0.00333744395180063
         461,3058.00117281579,           1.00268561610702,                 -0.00316936062319638
         462,3058.00027821052,           1.00263456279597,                 -0.00350163409591143
         463,3057.99938360526,           1.00275190057822,                 -0.00350029752528965
         464,     3057.998489,           1.00286914881918,                 -0.00299911026395503
         465,3057.99759439474,           1.00265320024583,                 -0.00283141269172411
         466,3057.99669978947,           1.00277039671282,                 -0.00199788224482049
         467,3057.99580518421,           1.00272274591255,                 -0.00166427011769718
         468,3057.99491057895,            1.0026751312611,                 -0.00149727495957358
         469,3057.99401597368,           1.00279385352225,                 -0.00149670724406306
         470,3057.99312136842,           1.00241377246704,                -0.000831188866058901
         471,3057.99222676316,           1.00270034481326,                -0.000664700261725728
         472,3057.99133215789,           1.00265281070028,                                    0
         473,3057.99043755263,           1.00293907643259,                -0.000664198063862644
         474,3057.98954294737,           1.00272882998924,                -0.000497961676869348
         475, 3057.9886483421,           1.00284892721381,                -0.000663698826746399
         476,3057.98775373684,             1.002638872533,                -0.000663450039724071
         477,3057.98685913158,           1.00275891341256,                -0.000994800509337861
         478,3057.98596452632,           1.00238497350674,                -0.000994429537209067
         479,3057.98506992105,           1.00250668089273,                -0.000994057194737461
         480,3057.98417531579,           1.00246268298298,                -0.000993685130992542
         481,3057.98328071052,           1.00258593002427,                -0.000331104996705505
         482,3057.98238610526,           1.00254359442825,                 0.000330981708295891
         483,    3057.9814915,            1.0025012903482,                 0.000827146279165178
         484,3057.98059689473,           1.00262604347193,                  0.00132294381457619
         485,3057.97970228947,           1.00225312718514,                  0.00165306469929927
         486,3057.97880768421,           1.00237787960559,                 0.000991471691004543
         487,3057.97791307895,           1.00250253970614,                 0.000330368278037943
         488,3057.97701847368,           1.00246198454779,                -0.000495369124302974
         489,3057.97612386842,           1.00209298947563,                 -0.00165062261485032
         490,3057.97522926316,           1.00238427205452,                    -0.00280502594649
         491,3057.97433465789,           1.00250874597339,                 -0.00362869240069341
         492,3057.97344005263,           1.00230667385544,                 -0.00445176512487201
         493,3057.97254544737,           1.00243273712594,                 -0.00412048971196129
         494, 3057.9716508421,           1.00272511887384,                 -0.00411898257835129
         495,3057.97075623684,           1.00235683969373,                 -0.00378807218418595
         496,3057.96986163158,            1.0023197577837,                 -0.00345741046541684
         497,3057.96896702631,           1.00228435251443,                 -0.00394988907394851
         498,3057.96807242105,           1.00241184270705,                 -0.00361940924660351
         499,3057.96717781579,           1.00254088857094,                  -0.0034536349507857
         500,3057.96628321052,           1.00217664349736,                 -0.00328798111383648
         501,3057.96538860526,           1.00230568104691,                 -0.00295810825690184
         502,     3057.964494,           1.00227034521733,                   -0.002957034291741
         503,3057.96359939473,           1.00223668091004,                 -0.00279174562927589
         504,3057.96270478947,           1.00187471887425,                 -0.00344738146753387
         505,3057.96181018421,           1.00200532346097,                  -0.0034461368805569
         506,3057.96091557895,           1.00213583377898,                  -0.0034448931919068
         507,3057.96002097369,            1.0021022665779,                  -0.0031156836957912
         508,3057.95912636842,           1.00207036622369,                 -0.00262279173230476
         509,3057.95823176316,           1.00187462310899,                 -0.00311344747122519
         510, 3057.9573371579,            1.0020066341783,                 -0.00393136492075843
         511,3057.95644255263,           1.00213855056706,                 -0.00507619200450635
         512,3057.95554794737,            1.0021083232937,                 -0.00572913938505055
         513,3057.95465334211,           1.00174921579825,                 -0.00556345529845483
         514,3057.95375873684,           1.00188272165326,                 -0.00588861681298244
         515,3057.95286413158,           1.00185425612281,                 -0.00523246877687772
         516,3057.95196952632,           1.00182417323761,                 -0.00457677873236306
         517,3057.95107492105,           1.00195914712558,                 -0.00392156221966958
         518,3057.95018031579,           1.00192904826541,                 -0.00326680485251193
         519,3057.94928571052,           1.00173732438981,                 -0.00228595314449183
         520,3057.94839110526,           1.00154737110138,                  -0.0011425735980622
         521,    3057.9474965,            1.0015190848289,                 -0.00032633401265197
         522,3057.94660189474,           1.00149245210697,                 0.000326219039774256
         523,3057.94570728947,           1.00130278607079,                  0.00146746866546769
         524,3057.94481268421,           1.00160223759081,                  0.00260791469511032
         525,3057.94391807894,           1.00124972911673,                  0.00358462067381092
         526,3057.94302347368,           1.00155061992221,                  0.00456064683002469
         527,3057.94212886842,           1.00136119994008,                  0.00553598061755492
         528,3057.94123426316,           1.00117354271549,                   0.0056968092984949
         529,3057.94033965789,           1.00098601678506,                  0.00569481641538967
         530,3057.93944505263,           1.00128820705001,                  0.00601813899623948
         531,3057.93855044736,           1.00142596293147,                  0.00552824853704658
         532, 3057.9376558421,           1.00124017248638,                  0.00503870866023988
         533,3057.93676123684,            1.0008920287724,                  0.00454950922169271
         534,3057.93586663158,            1.0011954572624,                  0.00373580394500897
         535,3057.93497202632,           1.00133467992037,                   0.0027602869399459
         536,3057.93407742105,           1.00131311770501,                  0.00243470526269658
         537,3057.93318281579,           1.00112768840104,                  0.00243385985834936
         538,3057.93228821052,           1.00110783644247,                  0.00210861987585095
         539,3057.93139360526,           1.00124852042223,                 0.000972873056280706
         540,     3057.930499,            1.0013891072595,                                    0
         541,3057.92960439474,           1.00088308447635,                 -0.00145830463983926
         542,3057.92870978947,           1.00118730026062,                 -0.00259165131923151
         543,3057.92781518421,           1.00116746197652,                 -0.00291460687620531
         544,3057.92692057895,           1.00082390322941,                 -0.00226613854847351
         545,3057.92602597368,           1.00096763440895,                 -0.00177992951479121
         546,3057.92513136842,           1.00094951092908,                 -0.00194107856030203
         547,3057.92423676316,           1.00109310117331,                 -0.00145531221298009
         548,3057.92334215789,           1.00107494726293,                 -0.00113152343465856
         549,3057.92244755263,           1.00089521464145,                 -0.00113113763359543
         550,3057.92155294737,           1.00120182988292,                -0.000807681372929105
         551, 3057.9206583421,           1.00086231118776,                -0.000968888975012353
         552,3057.91976373684,           1.00068444943791,                -0.000322853508449076
         553,3057.91886913158,           1.00082945233554,                                    0
         554,3057.91797452631,           1.00097435698891,                 0.000322634764541149
         555,3057.91707992105,           1.00095951492086,                 0.000322526023818547
         556,3057.91618531579,           1.00126710021054,                -0.000161208678185564
         557,3057.91529071053,           1.00092986077873,                -0.000483463143187279
         558,3057.91439610526,           1.00107614880496,                 -0.00112770084352023
         559,    3057.9135015,           1.00106290462847,                 -0.00193255386993912
         560,3057.91260689474,           1.00088706574429,                 -0.00257587148977138
         561,3057.91171228947,            1.0008738937519,                 -0.00209219498613518
         562,3057.91081768421,           1.00102161479491,                 -0.00176972641638445
         563,3057.90992307895,           1.00084757620546,                 -0.00144747359566916
         564,3057.90902847368,           1.00067526287019,                -0.000964661243126789
         565,3057.90813386842,           1.00066378757512,                -0.000321446767611667
         566,3057.90723926316,           1.00081298984245,                  0.00032133985867473
         567,3057.90634465789,           1.00112270940779,                  0.00128493208330857
         568,3057.90545005263,           1.00095053371183,                  0.00208732065098714
         569,3057.90455544737,           1.00093898220749,                  0.00240764668587434
         570, 3057.9036608421,           1.00092904443207,                  0.00224639413626948
         571,3057.90276623684,           1.00075870952012,                    0.001443633336381
         572,3057.90187163158,           1.00090918857726,                   0.0003207014381856
         573,3057.90097702631,           1.00090087490663,                 -0.00096178815654064
         574,3057.90008242105,           1.00089096281672,                 -0.00192294133105999
         575,3057.89918781579,            1.0005622756304,                 -0.00224269482209823
         576,3057.89829321052,           1.00071422394604,                 -0.00192167877858097
         577,3057.89739860526,           1.00102615987283,                 -0.00208113546751107
         578,     3057.896504,            1.0006977518308,                  -0.0016003482357761
         579,3057.89560939474,           1.00085110739951,                 -0.00159982593893784
         580,3057.89471478947,           1.00068290170853,                 -0.00111951099759625
         581,3057.89382018421,           1.00099603982241,                -0.000319755962249611
         582,3057.89292557894,           1.00066967032721,                 0.000319651707499509
         583,3057.89203097368,           1.00066465990503,                 0.000798870078161448
         584,3057.89113636842,           1.00049833250278,                 0.000958331736113773
         585,3057.89024176316,             1.000812721243,                  0.00079835092632658
         586,3057.88934715789,           1.00096728779525,                -0.000159618448061753
         587,3057.88845255263,           1.00096218746859,                -0.000797833721878356
         588,3057.88755794737,           1.00095709044505,                 -0.00127612059339608
         589, 3057.8866633421,           1.00079412918473,                 -0.00143517322540831
         590,3057.88576873684,           1.00062967774846,                 -0.00111588461753055
         591,3057.88487413158,           1.00094500937838,                -0.000796803860355343
         592,3057.88397952631,           1.00078220959075,                                    0
         593,3057.88308492105,           1.00093962510551,                  0.00143332643213199
         594,3057.88219031579,            1.0009361387778,                  0.00254731640217031
         595,3057.88129571052,           1.00077509139553,                  0.00334228322508049
         596,3057.88040110526,           1.00093235791088,                  0.00350031980194554
         597,    3057.8795065,           1.00077141471096,                  0.00302203701200067
         598,3057.87861189474,           1.00092858187739,                   0.0027030636841804
         599,3057.87771728948,           1.00108723987309,                  0.00158953197820434
         600,3057.87682268421,           1.00092640116189,                 0.000476707287424303
         601,3057.87592807894,           1.00076725489542,                -0.000476555835664486
         602,3057.87503347368,           1.00092581270634,                -0.000794007466846218
         603,3057.87413886842,           1.00092551875882,                -0.000793755367770675
         604,3057.87324426316,           1.00092681347561,                -0.000317401875210279
         605, 3057.8723496579,           1.00108516997823,                -0.000317301163226064
         606,3057.87145505263,           1.00092781297828,                -0.000317201018215269
         607,3057.87056044737,           1.00092910574365,                -0.000317100936399065
         608, 3057.8696658421,            1.0009303976935,                -0.000475501376576485
         609,3057.86877123684,           1.00109172554432,                -0.000475352196364823
         610,3057.86787663158,           1.00093456463544,                -0.000316801571335794
         611,3057.86698202631,            1.0007790875175,                -0.000158351121442642
         612,3057.86608742105,           1.00109861232915,                -0.000316602976701187
         613,3057.86519281579,           1.00110143312908,                                    0
         614,3057.86429821052,           1.00078784753094,                -0.000316404630898178
         615,3057.86340360526,           1.00110865271019,                -0.000790765128523056
         616,     3057.862509,           1.00111146772238,                 -0.00158103516696522
         617,3057.86161439474,           1.00111586327672,                 -0.00221276003881813
         618,3057.86071978947,           1.00112025609465,                 -0.00331810690940462
         619,3057.85982518421,           1.00112464617873,                  -0.0041068540234533
         620,3057.85893057895,            1.0011306143847,                 -0.00505302518301426
         621,3057.85803597368,           1.00097714059301,                  -0.0053671696546542
         622,3057.85714136842,           1.00114095982654,                  -0.0055233186623469
         623,3057.85624676316,           1.00146243805936,                 -0.00536385048740047
         624,3057.85535215789,            1.0011528713752,                 -0.00551990398521297
         625,3057.85445755263,           1.00116040008577,                 -0.00536054387447498
         626,3057.85356294737,           1.00116634618416,                 -0.00520127352394162
         627, 3057.8526683421,           1.00085873427295,                 -0.00488454357091648
         628,3057.85177373684,           1.00118138142868,                 -0.00488304323856029
         629,3057.85087913158,           1.00103142297003,                 -0.00519648213906101
         630,3057.84998452631,            1.0011963982117,                 -0.00535230778918204
         631,3057.84908992105,           1.00104652718217,                 -0.00535066529228009
         632,3057.84819531579,           1.00074099828674,                 -0.00550635669549376
         633,3057.84730071053,           1.00075020878452,                 -0.00534740014123427
         634,3057.84640610526,           1.00075784018691,                  -0.0048740758909339
         635,    3057.8455115,           1.00076861292873,                 -0.00518695841473976
         636,3057.84461689474,           1.00077780658543,                 -0.00534250987971496
         637,3057.84372228947,           1.00094407939692,                  -0.0054979665378048
         638,3057.84282768421,           1.00079774871544,                 -0.00502518875865275
         639,3057.84193307895,           1.00065150670738,                 -0.00486667660933931
         640,3057.84103847368,           1.00066229530838,                 -0.00392355040506734
         641,3057.84014386842,            1.0005161828825,                 -0.00313788986320369
         642,3057.83924926316,           1.00084069991405,                 -0.00172531698778476
         643,3057.83835465789,           1.00053939124054,                 -0.00109759845458138
         644,3057.83746005263,            1.0003934483791,                -0.000313504684543749
         645,3057.83656544737,           1.00056257159468,                 0.000313410359152601
         646, 3057.8356708421,           1.00026161893557,                   0.0010966063167657
         647,3057.83477623684,           1.00027406914373,                  0.00172272033201519
         648,3057.83388163158,            1.0002880779564,                  0.00156564106739145
         649,3057.83298702631,           1.00030051274988,                  0.00187820468674676
         650,3057.83209242105,           1.00000156470281,                   0.0012517622465377
         651,3057.83119781579,           1.00001564235324,                 0.000625694129424831
         652,3057.83030321053,           1.00018608840607,                 0.000156376811820836
         653,3057.82940860526,           1.00004377243337,                -0.000937980715116497
         654,     3057.828514,           1.00021410833256,                 -0.00156283454426963
         655,3057.82761939474,            1.0003859055422,                 -0.00171860767780168
         656,3057.82672478947,           1.00024521939326,                  -0.0017180976597948
         657,3057.82583018421,          0.999948472361668,                 -0.00140529922724157
         658,3057.82493557895,          0.999807999400584,                 -0.00109268633814271
         659,3057.82404097368,           1.00013576503598,                 -0.00109236235844154
         660,3057.82314636842,          0.999839314324582,                -0.000936033060687704
         661,3057.82225176316,           1.00001247676203,                -0.000623838101535889
         662,3057.82135715789,          0.999716237749111,                 0.000467739973993657
         663,3057.82046255263,          0.999733466755823,                  0.00140280654830097
         664,3057.81956794737,           0.99959486412366,                  0.00202567938170032
         665,3057.81867334211,          0.999923669948859,                  0.00295973667690112
         666,3057.81777873684,          0.999786649889354,                  0.00327033016318948
         667,3057.81688413158,          0.999648153741247,                  0.00342505207635998
         668,3057.81598952632,          0.999666933327523,                  0.00326841127197228
         669,3057.81509492105,          0.999685701927176,                  0.00280067589644968
         670,3057.81420031579,          0.999548911944501,                   0.0029554045015477
         671,3057.81330571053,          0.999878708337091,                  0.00326554477061881
         672,3057.81241110526,          0.999586485217624,                  0.00373096044249191
         673,    3057.8115165,          0.999762220395274,                  0.00419611067164191
         674,3057.81062189474,          0.999625567668934,                  0.00435025114932082
         675,3057.80972728947,          0.999490547164771,                  0.00403834564511018
         676,3057.80883268421,          0.999510880957742,                   0.0037266212743492
         677,3057.80793807895,           0.99953120294566,                  0.00325984706660333
         678,3057.80704347368,          0.999551513138803,                  0.00279334377216247
         679,3057.80614886842,          0.999418221308614,                  0.00248225574991273
         680,3057.80525426316,          0.999593648509062,                  0.00232643983361302
         681,3057.80435965789,          0.999615472875333,                  0.00170556385941192
         682,3057.80346505263,          0.999482278100364,                  0.00124005245421881
         683,3057.80257044737,          0.999504121985991,                  0.00139465691439906
         684, 3057.8016758421,          0.999371036055436,                  0.00170408950497749
         685,3057.80078123684,          0.999547772002751,                   0.0020133438233709
         686,3057.79988663158,          0.999416297530335,                  0.00247725186064839
         687,3057.79899202632,          0.999439682259597,                  0.00278611031139426
         688,3057.79809742105,          0.999461507037546,                   0.0026305690694594
         689,3057.79720281579,          0.999484865407552,                  0.00201103594649407
         690,3057.79630821053,          0.999508210411711,                  0.00170115895319957
         691,3057.79541360526,          0.999533087405419,                  0.00077303409698795
         692,     3057.794519,          0.999556405306444,                 0.000463687832985825
         693,3057.79362439474,          0.999734228304068,                 0.000463555283603122
         694,3057.79272978947,          0.999450070749325,                  0.00077237254308294
         695,3057.79183518421,          0.999474935911295,                  0.00108101430027489
         696,3057.79094057895,          0.999654173691264,                  0.00123509395977299
         697,3057.79004597368,          0.999524623866351,                  0.00185211480642313
         698,3057.78915136842,          0.999549446683496,                   0.0023144862149201
         699,3057.78825676316,          0.999421541783965,                  0.00262234391269137
         700,3057.78736215789,          0.999446379801961,                  0.00370108210388012
         701,3057.78646755263,          0.999472744595632,                  0.00416254266606233
         702,3057.78557294737,          0.999344969753015,                  0.00416136862790429
         703, 3057.7846783421,          0.999371348273057,                  0.00477652047432389
         704,3057.78378373684,          0.999551749793204,                  0.00492921189603676
         705,3057.78288913158,          0.999578055173136,                  0.00508181725785141
         706,3057.78199452632,          0.999759835949479,                    0.004772490747526
         707,3057.78109992105,          0.999478252036587,                  0.00415551475284691
         708,3057.78020531579,            0.9996599586719,                  0.00307729708687671
         709,3057.77931071053,          0.999533920009599,                  0.00169203956911443
         710,3057.77841610526,           1.00002306680917,                 0.000153778727788585
         711,    3057.7775215,          0.999743261379901,                -0.000461207101974428
         712,3057.77662689474,          0.999924690578177,                -0.000922156185593154
         713,3057.77573228947,          0.999953905013598,                 -0.00107554968271284
         714,3057.77483768421,          0.999674353160925,                -0.000307213999127512
         715,3057.77394307895,            1.0000107495013,                 0.000460692912853793
         716,3057.77304847368,           1.00003991562451,                 0.000767608163666342
         717,3057.77215386842,           0.99991558655831,                  0.00153478984889994
         718,3057.77125926316,          0.999944762910135,                  0.00168779996808524
         719,3057.77036465789,          0.999973923060758,                  0.00168733136273483
         720,3057.76947005263,           1.00000306702367,                  0.00153351183411082
         721,3057.76857544737,           1.00018703681559,                  0.00122647092190753
         722, 3057.7676808421,           0.99975630652654,                  0.00122613068407364
         723,3057.76678623684,           1.00039991480742,                  0.00122579251316578
         724,3057.76589163158,           1.00012407727104,                  0.00137863634483678
         725,3057.76499702632,           1.00015467098725,                  0.00199081468731193
         726,3057.76410242105,           1.00018524784171,                  0.00321504518669461
         727,3057.76320781579,             1.000370394179,                  0.00459166337597458
         728,3057.76231321053,           1.00040089482172,                  0.00581450504790846
         729,3057.76141860526,           1.00043290904168,                  0.00718965546253195
         730,     3057.760524,           1.00015751716249,                  0.00764646419848998
         731,3057.75962939474,           1.00049535527981,                  0.00718570930595221
         732,3057.75873478947,           1.00022162612437,                  0.00565528731152227
         733,3057.75784018421,           1.00071206569341,                  0.00382009492171861
         734,3057.75694557895,           1.00059271751816,                  0.00168038471644272
         735,3057.75605097368,           1.00062462678931,                 -0.00091632291830523
         736,3057.75515636842,           1.00080919736782,                 -0.00274821747560957
         737,3057.75426176316,           1.00068992044546,                 -0.00457911800081814
         738,3057.75336715789,            1.0007233041265,                 -0.00625642809838157
         739,3057.75247255263,           1.00075666967707,                 -0.00747516414850253
         740,3057.75157794737,            1.0010950430239,                 -0.00808318666670734
         741,3057.75068334211,           1.00097581800994,                 -0.00869087915103833
         742,3057.74978873684,            1.0010090878882,                  -0.0089933814809508
         743,3057.74889413158,           1.00104233971741,                 -0.00853377546417643
         744,3057.74799952632,           1.00077240311825,                 -0.00792208326414206
         745,3057.74710492105,           1.00095953211386,                  -0.0067014941285773
         746,3057.74621031579,           1.00114503584328,                 -0.00563381997356673
         747,3057.74531571053,           1.00117973893519,                 -0.00502340449823039
         748,3057.74442110526,           1.00121442333154,                 -0.00486986799614063
         749,    3057.7435265,            1.0009448042612,                 -0.00502069897258242
         750,3057.74263189474,           1.00113315740241,                 -0.00532355826634523
         751,3057.74173728947,           1.00131988711012,                 -0.00501800399007348
         752,3057.74084268421,           1.00120247670676,                 -0.00532069339276295
         753,3057.73994807895,           1.00139060920842,                 -0.00501531189920743
         754,3057.73905347368,           1.00127476407748,                 -0.00440621671597071
         755,3057.73815886842,           1.00146277666302,                 -0.00379744720409152
         756,3057.73726426316,           1.00134697416756,                 -0.00288528852125926
         757,3057.73636965789,           1.00107941684164,                 -0.00258088415018317
         758,3057.73547505263,           1.00126733094033,                 -0.00242841856829548
         759,3057.73458044737,           1.00145514467233,                 -0.00182082753576788
         760, 3057.7336858421,           1.00118929152205,                -0.000910172083201864
         761,3057.73279123684,           1.00122537125109,                                    0
         762,3057.73189663158,           1.00095972054393,                 0.000758073099472836
         763,3057.73100202632,           1.00099735957389,                  0.00136416962994625
         764,3057.73010742105,           1.00088344443316,                  0.00257608153752669
         765,3057.72921281579,           1.00107257776189,                  0.00318137471746363
         766,3057.72831821053,           1.00111015695166,                  0.00393780091993088
         767,3057.72742360526,           1.00099630247622,                  0.00469382625574994
         768,     3057.726529,           1.00103388196186,                  0.00499533012320301
         769,3057.72563709091,           1.00061895516131,                  0.00514534852926266
         770,3057.72474518182,           1.00095920213748,                  0.00499269251368452
         771,3057.72385327273,           1.00084702181081,                  0.00408385515927035
         772,3057.72296136364,           1.00088611461424,                  0.00317549605784847
         773,3057.72206945455,           1.00092518685146,                  0.00211644050988075
         774,3057.72117754545,           1.00081310397151,                  0.00105794197037158
         775,3057.72028563636,           1.00070108002587,                 0.000151094833161085
         776,3057.71939372727,           1.00089122520808,                 -0.00105738584009305
         777,3057.71850181818,           1.00078075094045,                 -0.00151015655793036
         778,3057.71760990909,           1.00097077557873,                 -0.00241561574800297
         779,     3057.716718,           1.00101127496113,                  -0.0033206043499917
         780,3057.71582609091,           1.00090085603958,                 -0.00377242897647966
         781,3057.71493418182,           1.00063812743541,                 -0.00377143874353764
         782,3057.71404227273,           1.00052786366036,                 -0.00377045471683885
         783,3057.71315036364,           1.00086999395377,                 -0.00407102889978182
         784,3057.71225845455,           1.00075972722175,                 -0.00376848820312453
         785,3057.71136654545,           1.00080172642442,                  -0.0034661104815181
         786,3057.71047463636,            1.0005408736239,                 -0.00286256235489445
         787,3057.70958272727,           1.00058140060309,                 -0.00225932876848507
         788,3057.70869081818,           1.00047283032619,                 -0.00135524615787714
         789,3057.70779890909,           1.00066540410503,                -0.000451631745496479
         790,     3057.706907,           1.00055536240783,                 0.000451514152711117
         791,3057.70601509091,           1.00044688332734,                  0.00120372613424857
         792,3057.70512318182,           1.00048888721748,                  0.00165469519762326
         793,3057.70423127273,           1.00023009352625,                  0.00195504303350493
         794,3057.70333936364,           1.00027363565563,                  0.00300698522668158
         795,3057.70244745455,           1.00016534143005,                  0.00285589742818921
         796,3057.70155554545,            1.0003576462668,                  0.00270488773213196
         797,3057.70066363636,           1.00040112193957,                  0.00210326110634539
         798,3057.69977172727,           1.00014268441961,                 0.000901164755446414
         799,3057.69887981818,           1.00003603733468,                -0.000150155561161363
         800,3057.69798790909,           1.00007956201859,                -0.000600468064856556
         801,     3057.697096,           1.00012156339531,                -0.000150078265815623
         802,3057.69620409091,           1.00016504373659,                 0.000750198802682711
         803,3057.69531218182,           1.00020850177227,                  0.00165001402511921
         804,3057.69442027273,           1.00010347449354,                  0.00284929764812974
         805,3057.69352836364,          0.999997001508241,                  0.00344826552244221
         806,3057.69263645455,          0.999890583102134,                  0.00389704019796964
         807,3057.69174454545,          0.999935565368933,                  0.00419574341830213
         808,3057.69085263636,           1.00027864584114,                  0.00509352612829094
         809,3057.68996072727,            1.0000239634318,                  0.00569131505322877
         810,3057.68906881818,           1.00006887732948,                  0.00688773294762029
         811,3057.68817690909,          0.999962576250889,                  0.00733505482579245
         812,     3057.687285,          0.999708169022516,                   0.0071835317534552
         813,3057.68639309091,          0.999902747750107,                    0.006583229223553
         814,3057.68550118182,          0.999798065920258,                  0.00493616639368171
         815,3057.68460927273,          0.999844475283533,                  0.00373857491505958
         816,3057.68371736364,          0.999889366308154,                  0.00224257483472223
         817,3057.68282545454,          0.999784767519027,                 0.000448401002026773
         818,3057.68193354545,          0.999831144941894,                -0.000597717019842711
         819,3057.68104163636,          0.999876005216744,                 -0.00224086957690888
         820,3057.68014972727,          0.999772982531603,                 -0.00388319353836595
         821,3057.67925781818,          0.999967150549034,                 -0.00492741764493327
         822,3057.67836590909,           1.00016271303839,                 -0.00552328662424185
         823,     3057.677474,          0.999910455780079,                 -0.00567113392830493
         824,3057.67658209091,          0.999956731206797,                 -0.00507289299627441
         825,3057.67569018182,          0.999704653056841,                 -0.00387829319299879
         826,3057.67479827273,            1.0000492120847,                 -0.00313167811717546
         827,3057.67390636364,           1.00009690861518,                  -0.0011927214175494
         828,3057.67301445454,           1.00029214313821,                 0.000447157864612523
         829,3057.67212254545,          0.999891218988098,                  0.00119212067837627
         830,3057.67123063636,           1.00008789689545,                  0.00208568904462034
         831,3057.67033872727,           1.00013404626085,                  0.00253198492724267
         832,3057.66944681818,            1.0000327586669,                  0.00312696365872616
         833,3057.66855490909,           1.00008038752743,                   0.0037216447883575
         834,     3057.667663,          0.999828847398853,                  0.00342305202294933
         835,3057.66677109091,           1.00002529449488,                  0.00327340521929583
         836,3057.66587918182,           1.00007288944159,                  0.00327258717354083
         837,3057.66498727273,          0.999823027011432,                  0.00297433594232168
         838,3057.66409536364,          0.999872135310577,                  0.00312227729985459
         839,3057.66320345455,           1.00006837566183,                   0.0038647113209286
         840,3057.66231154545,          0.999967306760665,                  0.00445816900027046
         841,3057.66141963636,           1.00016342539631,                  0.00549703605758517
         842,3057.66052772727,          0.999915336936712,                  0.00608979928912733
         843,3057.65963581818,           1.00011137097672,                  0.00638526933214538
         844,3057.65874390909,           1.00001187662561,                  0.00668060190738607
         845,     3057.657852,          0.999912431596461,                   0.0063821039867371
         846,3057.65696009091,          0.999959936313577,                  0.00578697692776814
         847,3057.65606818182,          0.999860553572647,                  0.00504380694680564
         848,3057.65517627273,           1.00005784110307,                  0.00355945249688177
         849,3057.65428436364,          0.999958483336991,                  0.00237238074338551
         850,3057.65339245455,           1.00000741185452,                 0.000741185452011948
         851,3057.65250054546,           1.00020451655547,                                    0
         852,3057.65160863636,           1.00010519625027,                 -0.00118530986222254
         853,3057.65071672727,           1.00015553366563,                 -0.00177752760722565
         854,3057.64982481818,            1.0002043651205,                 -0.00222136000544974
         855,3057.64893290909,           1.00010511837662,                 -0.00310913508303611
         856,     3057.648041,           1.00030343623029,                 -0.00399647717937522
         857,3057.64714909091,           1.00020421390963,                 -0.00414347063019229
         858,3057.64625718182,           1.00040240972411,                 -0.00443834254535986
         859,3057.64536527273,           1.00045259978642,                 -0.00414143595417205
         860,3057.64447336364,           1.00050128574618,                  -0.0034010537351703
         861,3057.64358145455,            1.0004035912227,                 -0.00251320541610551
         862,3057.64268954545,           1.00030594463732,                 -0.00177359210042078
         863,3057.64179763636,            1.0007993983087,                -0.000738815442424851
         864,3057.64090572727,           1.00040624884588,                  -0.0011818148243897
         865,3057.64001381818,           1.00016098279256,                 -0.00132921571841894
         866,3057.63912190909,           1.00035880027818,                 -0.00236247096744663
         867,      3057.63823,           1.00040890256162,                 -0.00324760157242963
         868,3057.63733809091,           1.00046045679676,                 -0.00398472227961534
         869,3057.63644618182,           1.00065805587278,                 -0.00457393095429905
         870,3057.63555427273,           1.00056053811659,                 -0.00516285107387302
         871,3057.63466236364,           1.00046454353068,                 -0.00560401719548434
         872,3057.63377045455,           1.00051455876954,                 -0.00457057932830176
         873,3057.63287854545,           1.00041862220231,                 -0.00353765241385816
         874,3057.63198663636,            1.0006174649747,                 -0.00206312879376228
         875,3057.63109472727,            1.0005200759635,                 -0.00103131210893013
         876,3057.63020281818,           1.00027691365008,                -0.000441883484162896
         877,3057.62931090909,           1.00047564561898,                 0.000147258705566526
         878,     3057.628419,             1.000527058103,                                    0
         879,3057.62752709091,           1.00043125843567,                -0.000441561538223775
         880,3057.62663518182,             1.000482656731,                -0.000441454327135315
         881,3057.62574327273,            1.0005340300734,                 -0.00102981005889042
         882,3057.62485136364,           1.00073245850137,                -0.000882480122135249
         883,3057.62395945455,           1.00034261330134,                -0.000882266012025286
         884,3057.62306754545,           1.00024697456162,                  -0.0010290606734173
         885,3057.62217563636,           1.00029835522496,                -0.000881838103342607
         886,3057.62128372727,           1.00020424326401,                -0.000587750400037616
         887,3057.62039181818,           1.00025560945226,                -0.000293803968116393
         888,3057.61949990909,           1.00060215306437,                 0.000881199606397509
         889,     3057.618608,           1.00021290497831,                  0.00176197223425421
         890,3057.61771609091,           1.00011890449327,                  0.00190834371912704
         891,3057.61682418182,           1.00017024174328,                  0.00176112148215984
         892,3057.61593227273,            1.0002230217094,                  0.00102707366172302
         893,3057.61504036364,           1.00027577628089,                                    0
         894,3057.61414845455,           1.00018038443884,                -0.000879924091881674
         895,3057.61325654545,            1.0003797425668,                 -0.00161280626824487
         896,3057.61236463636,           1.00028583783467,                 -0.00190558556445643
         897,3057.61147272727,           1.00004542996531,                  -0.0023447724032012
         898,3057.61058081818,           1.00039118987653,                 -0.00263723512269736
         899,3057.60968890909,           1.00015087220246,                 -0.00366194666154971
         900,     3057.608797,           1.00034999802302,                 -0.00366106718644058
         901,3057.60790509091,           1.00010980564401,                 -0.00351378060832327
         902,3057.60701318182,           1.00030884572205,                 -0.00351293712281667
         903,3057.60612127273,           1.00021511576008,                 -0.00234139602811431
         904,3057.60522936364,          0.999975128636157,                 -0.00175562568304812
         905,3057.60433745455,          0.999736718932834,                  -0.0017552071144395
         906,3057.60344554545,          0.999935657840092,                 -0.00204725054252139
         907,3057.60255363636,           1.00013450135086,                 -0.00263154816902726
         908,3057.60166172727,           1.00033471164373,                 -0.00350789495608554
         909,3057.60076981818,          0.999948855458219,                 -0.00379930881804964
         910,3057.59987790909,          0.999856829384454,                 -0.00379840408591406
         911,     3057.598986,           0.99990944436817,                 -0.00394355170872635
         912,3057.59809409091,          0.999963494323367,                 -0.00438068119592597
         913,3057.59720218182,           1.00016204639783,                 -0.00496358335681303
         914,3057.59631027273,          0.999778151417496,                 -0.00569216757741348
         915,3057.59541836364,          0.999832193954605,                 -0.00554489541305823
         916,3057.59452645455,          0.999592985343096,                  -0.0058353355828552
         917,3057.59363454545,          0.999501197417894,                 -0.00539640220406568
         918,3057.59274263636,          0.999555267167781,                 -0.00466604938721648
         919,3057.59185072727,          0.999755090616472,                 -0.00364448487392998
         920,3057.59095881818,          0.999371840071357,                 -0.00247766097144714
         921,3057.59006690909,          0.999425902018668,                 -0.00145710147546095
         922,     3057.589175,          0.999624157632368,                -0.000145675336291514
         923,3057.58828309091,          0.999386852426593,                    0.001019485276448
         924,3057.58739118182,          0.999295266051626,                  0.00232969900288883
         925,3057.58649927273,            0.9993492947782,                  0.00349371931167907
         926,3057.58560736364,          0.999259215059037,                  0.00436611949486908
         927,3057.58471545455,          0.999313226786483,                  0.00465608958316358
         928,3057.58382354545,          0.999221744601308,                  0.00436404896462938
         929,3057.58293163636,          0.998984871974613,                    0.003344977734083
         930,3057.58203972727,          0.999038910319137,                  0.00290798693150673
         931,3057.58114781818,          0.998947558160495,                  0.00232583831934923
         932,3057.58025590909,          0.998712370256044,                  0.00145330670875443
         933,     3057.579364,          0.998766434822281,                 0.000871777510755555
         934,3057.57847209091,          0.998820473786047,                  0.00101683294306317
         935,3057.57758018182,          0.998584032240497,                 0.000580909850052645
         936,3057.57668827273,          0.998639538749915,                 0.000145193303104088
         937,3057.57579636364,          0.998693569458557,                -0.000290317898098418
         938,3057.57490445454,          0.998603899213714,                -0.000580499287437125
         939,3057.57401254545,          0.998657912873155,                -0.000580362000797998
         940,3057.57312063636,          0.998568293280842,                -0.000145056405183155
         941,3057.57222872727,          0.998767312015082,                 0.000290044231745341
         942,3057.57133681818,          0.998677708956782,                                    0
         943,3057.57044490909,          0.998586700489219,                -0.000434861387932597
         944,     3057.569553,          0.998497182035166,                 -0.00101443835620409
         945,3057.56866109091,          0.998551144595769,                 -0.00173862648507679
         946,3057.56776918182,          0.998461676627624,                 -0.00231762466647933
         947,3057.56687727273,          0.998370804822418,                 -0.00275152963325006
         948,3057.56598536364,          0.998281421251594,                 -0.00289566764685017
         949,3057.56509345454,          0.998481578463601,                 -0.00289498862993216
         950,3057.56420154546,          0.998246050719814,                 -0.00289430574288145
         951,3057.56330963636,          0.998156759368842,                 -0.00289362736445526
         952,3057.56241772727,          0.998356804795353,                 -0.00245900690836294
         953,3057.56152581818,          0.998267529334864,                 -0.00245843082698721
         954,3057.56063390909,           0.99803227303549,                 -0.00289158995519481
         955,     3057.559742,          0.998087661150323,                 -0.00303545849155058
         956,3057.55885009091,          0.997998511528429,                 -0.00317925966603322
         957,3057.55795818182,          0.997909403638244,                 -0.00332299352594174
         958,3057.55706627273,          0.997675893278868,                 -0.00317777177531998
         959,3057.55617436364,          0.997729872110352,                 -0.00259938307974907
         960,3057.55528245454,          0.997785266100134,                 -0.00245439871562759
         961,3057.55439054546,          0.997551948914255,                 -0.00187645425204534
         962,3057.55349863636,          0.997751667489227,                 -0.00101016223205447
         963,3057.55260672727,          0.997518467220683,                -0.000432825484764543
         964,3057.55171481818,          0.997718100282425,                 0.000576965794582868
         965,3057.55082290909,          0.997629224566079,                  0.00129786976309551
         966,     3057.549931,          0.997396216295707,                  0.00230678512008258
         967,3057.54903909091,          0.997451597652241,                  0.00288280808570012
         968,3057.54814718182,          0.997506953150894,                  0.00288213508567147
         969,3057.54725527273,          0.997130063449802,                  0.00288146239979715
         970,3057.54636336364,          0.997185468142784,                  0.00244867152367865
         971,3057.54547145454,          0.997240846985093,                  0.00201608257874243
         972,3057.54457954546,          0.997296199994817,                  0.00187164004618632
         973,3057.54368763636,          0.997207588450356,                  0.00201514235541354
         974,3057.54279572727,          0.997119018221274,                    0.002446388123793
         975,3057.54190381818,           0.99717436092216,                  0.00244581793906748
         976,3057.54101190909,          0.997229677831381,                   0.0021575717824132
         977,      3057.54012,          0.997141164357165,                  0.00143804609800572
         978,3057.53922809091,          0.997052692114154,                 0.000143771116382719
         979,3057.53833618182,          0.996964261073548,                -0.000862425831378501
         980,3057.53744427273,          0.996732167030238,                  -0.0015807459396385
         981,3057.53655236364,          0.997074863943819,                 -0.00129303656707412
         982,3057.53566045454,           0.99713012677428,                -0.000287274597169196
         983,3057.53476854546,           0.99704319180193,                  0.00071802044635023
         984,3057.53387663636,          0.997098436371624,                  0.00143570689182379
         985,3057.53298472727,          0.997010117944603,                  0.00157891035090565
         986,3057.53209281818,          0.996921840581478,                  0.00157854329154977
         987,3057.53120090909,          0.997120545417765,                  0.00143470582074499
         988,     3057.530309,          0.996888846176465,                  0.00100406070837917
         989,3057.52941709091,          0.996944062432331,                  0.00071701960761819
         990,3057.52852518182,          0.996999253039099,                 0.000143370614472117
         991,3057.52763327273,          0.996769172111104,                -0.000573350113379985
         992,3057.52674136364,          0.996967682025061,                -0.000859825512742614
         993,3057.52584945455,          0.996879557808412,                 -0.00100289693944508
         994,3057.52495754545,          0.996648236743347,                  -0.0010026642220758
         995,3057.52406563636,          0.996560227523335,                -0.000716022580488098
         996,3057.52317372727,            0.9967586017318,                 0.000286342603197874
         997,3057.52228181818,          0.996672034353194,                  0.00157452138128467
         998,3057.52138990909,          0.996584080699841,                  0.00300520759544754
         999,     3057.520498,          0.996925383683216,                  0.00414908670017412
        1000,3057.51960609091,          0.996551334480505,                  0.00443420286621152
        1001,3057.51871418182,          0.996463469918043,                  0.00471918692699418
        1002,3057.51782227273,          0.996805988842407,                  0.00414620964951661
        1003,3057.51693036364,          0.996575166238801,                  0.00314467206787918
        1004,3057.51603845455,          0.996630263605418,                  0.00242941131076744
        1005,3057.51514654545,          0.996542461995657,                  0.00157160818379243
        1006,3057.51425463636,          0.996740381840984,                 0.000571361640493542
        1007,3057.51336272727,          0.996795402745329,                                    0
        1008,3057.51247081818,          0.996709046908574,                -0.000285549075177933
        1009,3057.51157890909,           0.99647856664673,                 0.000570966088896565
        1010,     3057.510687,          0.996676318519713,                  0.00099895965487371
        1011,3057.50979509091,          0.996588627903626,                  0.00171210644736485
        1012,3057.50890318182,          0.996643620382482,                  0.00213963851520498
        1013,3057.50801127272,          0.996557399025119,                  0.00228175706702947
        1014,3057.50711936364,          0.996754950269185,                  0.00171092252942787
        1015,3057.50622745455,           0.99680986632228,                   0.0014254395342804
        1016,3057.50533554545,          0.996579734929457,                 0.000712555223029785
        1017,3057.50444363636,          0.996634666073958,                 0.000284956301951096
        1018,3057.50355172727,          0.996690991605688,                -0.000284890950866282
        1019,3057.50265981818,                          1,                                    0
        1020,3057.50176790909,                          1,                                    0
        1021,     3057.500876,                          1,                                    0
        1022,3057.49998409091,                          1,                                    0
        1023,3057.49909218182,                          1,                                    0
