"SCAN INDEX",      WAVENUMBER,"SCIENCE DIRECT ABSORPTION","SCIENCE HARMONIC ABSORPTION SPECTRA"
           0, 3058.4135858421,                          1,                                    0
           1,3058.41269123684,                          1,                                    0
           2,3058.41179663158,                          1,                                    0
           3,3058.41090202631,                          1,                                    0
           4,3058.41000742105,                          1,                                    0
           5,3058.40911281578,                          1,                                    0
           6,3058.40821821052,                          1,                                    0
           7,3058.40732360526,                          1,                                    0
           8,     3058.406429,                          1,                                    0
           9,3058.40553439473,                          1,                                    0
          10,3058.40463978946,                          1,                                    0
          11, 3058.4037451842,                          1,                                    0
          12,3058.40285057895,                          1,                                    0
          13,3058.40195597368,                          1,                                    0
          14,3058.40106136841,                          1,                                    0
          15,3058.40016676315,                          1,                                    0
          16,3058.39927215789,                          1,                                    0
          17,3058.39837755263,                          1,                                    0
          18,3058.39748294736,                          1,                                    0
          19, 3058.3965883421,                          1,                                    0
          20,3058.39569373683,                          1,                                    0
          21,3058.39479913157,                          1,                                    0
          22,3058.39390452631,                          1,                                    0
          23,3058.39300992105,                          1,                                    0
          24,3058.39211531579,                          1,                                    0
          25,3058.39122071052,                          1,                                    0
          26,3058.39032610526,                          1,                                    0
          27,3058.38943149999,                          1,                                    0
          28,3058.38853689474,                          1,                                    0
          29,3058.38764228947,                          1,                                    0
          30,3058.38674768421,                          1,                                    0
          31,3058.38585307894,                          1,                                    0
          32,3058.38495847368,                          1,                                    0
          33,3058.38406386842,                          1,                                    0
          34,3058.38316926315,                          1,                                    0
          35,3058.38227465789,                          1,                                    0
          36,3058.38138005263,                          1,                                    0
          37,3058.38048544736,                          1,                                    0
          38, 3058.3795908421,                          1,                                    0
          39,3058.37869623684,                          1,                                    0
          40,3058.37780163157,                          1,                                    0
          41,3058.37690702632,                          1,                                    0
          42,3058.37601242105,                          1,                                    0
          43,3058.37511781578,                          1,                                    0
          44,3058.37422321052,                          1,                                    0
          45,3058.37332860526,                          1,                                    0
          46,     3058.372434,                          1,                                    0
          47,3058.37153939473,                          1,                                    0
          48,3058.37064478947,                          1,                                    0
          49, 3058.3697501842,                          1,                                    0
          50,3058.36885557895,                          1,                                    0
          51,3058.36796097368,                          1,                                    0
          52,3058.36706636842,                          1,                                    0
          53,3058.36617176315,                          1,                                    0
          54,3058.36527715789,                          1,                                    0
          55,3058.36438255263,                          1,                                    0
          56,3058.36348794736,                          1,                                    0
          57,3058.36259334211,                          1,                                    0
          58,3058.36169873684,                          1,                                    0
          59,3058.36080413157,                          1,                                    0
          60,3058.35990952631,                          1,                                    0
          61,3058.35901492105,                          1,                                    0
          62,3058.35812031579,                          1,                                    0
          63,3058.35722571053,                          1,                                    0
          64,3058.35633110526,                          1,                                    0
          65,3058.35543649999,                          1,                                    0
          66,3058.35454189473,                          1,                                    0
          67,3058.35364728947,                          1,                                    0
          68,3058.35275268421,                          1,                                    0
          69,3058.35185807894,                          1,                                    0
          70,3058.35096347368,                          1,                                    0
          71,3058.35006886841,                          1,                                    0
          72,3058.34917426315,                          1,                                    0
          73,3058.34827965789,          0.995539884271521,                  0.00161744904024618
          74,3058.34738505263,          0.997815636486347,                  0.00121241268102837
          75,3058.34649044737,          0.998675164998505,                 0.000403913110211731
          76, 3058.3455958421,          0.998928205945934,                                    0
          77,3058.34470123683,          0.998374036223084,                -0.000605197435576733
          78,3058.34380663157,          0.997618860399894,                 -0.00060486187978975
          79,3058.34291202632,          0.996461503740005,                -0.000403017797265927
          80,3058.34201742105,          0.995708223655723,                 0.000805589177714986
          81,3058.34112281579,          0.995157063320491,                  0.00140900069644892
          82,3058.34022821052,          0.994405338365377,                   0.0016093956518153
          83,3058.33933360526,          0.994458697592871,                  0.00160850577855701
          84,     3058.338439,          0.994311045734691,                  0.00120571266661442
          85,3058.33754439473,          0.994366395195871,                -0.000200841525993914
          86,3058.33664978947,          0.994419687663094,                 -0.00080292263840379
          87,3058.33575518421,          0.994874161157978,                 -0.00200619915539016
          88,3058.33486057894,           0.99512762416538,                 -0.00260662081687486
          89,3058.33396597368,          0.995380807807537,                 -0.00180358914239336
          90,3058.33307136841,          0.995433424130748,                 -0.00140201890722641
          91,3058.33217676316,          0.995686160683008,                -0.000800712634244478
          92,3058.33128215789,          0.995738551107377,                 0.000200068023127863
          93,3058.33038755263,           0.99559092590556,                 0.000399916017636296
          94,3058.32949294736,          0.995843159199009,                -0.000199848115432271
          95, 3058.3285983421,          0.995495900370515,                 -0.00139816839939679
          96,3058.32770373684,          0.995749896691946,                 -0.00259517815898061
          97,3058.32680913158,          0.995802108522677,                 -0.00418991069504633
          98,3058.32591452631,           0.99585426308978,                 -0.00498525361979265
          99,3058.32501992105,           0.99590636048741,                 -0.00538112302044428
         100,3058.32412531578,          0.995759209129353,                 -0.00617494208501899
         101,3058.32323071052,          0.996010384149838,                 -0.00637064407211569
         102,3058.32233610526,          0.996460257989291,                 -0.00636715819801464
         103,3058.32144149999,          0.996315026459025,                 -0.00556822769278497
         104,3058.32054689473,          0.996167973159912,                 -0.00417388815569795
         105,3058.31965228947,          0.996418376529341,                 -0.00278107202380598
         106,3058.31875768421,          0.996072887837071,                 -0.00178685588808723
         107,3058.31786307894,          0.996323069810082,                -0.000595293608729385
         108,3058.31696847369,          0.996572978890502,                 0.000594968942621195
         109,3058.31607386842,          0.996428160839798,                   0.0011892916182691
         110,3058.31517926315,          0.996677740863787,                 0.000990536415090228
         111,3058.31428465789,          0.996927049095935,                  0.00039599882784347
         112,3058.31339005263,          0.996582410993277,                -0.000989458311152976
         113,3058.31249544737,          0.996633715847643,                  -0.0021756243052836
         114, 3058.3116008421,          0.996884612039314,                 -0.00296515351588136
         115,3058.31070623684,          0.996738127554821,                 -0.00355625100019559
         116,3058.30981163157,          0.996986726589867,                 -0.00355431988089079
         117,3058.30891702631,          0.997039668442866,                 -0.00276297611999211
         118,3058.30802242105,          0.997090586320824,                 -0.00216973223531732
         119,3058.30712781578,           0.99733859043864,                 -0.00098570724494825
         120,3058.30623321052,          0.997389291167923,                -0.000197034628836018
         121,3058.30533860526,          0.997441901224697,                  0.00039385662437303
         122,3058.30444399999,          0.997295669528455,                  0.00137775205973933
         123,3058.30354939473,           0.99734827323015,                  0.00118029381447355
         124,3058.30265478946,          0.997398859272978,                  0.00137626493493216
         125,3058.30176018421,          0.997252887612056,                 0.000982515160208922
         126,3058.30086557895,           0.99750182649478,                 0.000981986440731226
         127,3058.29997097368,          0.997552247829509,                 0.000588873818081174
         128,3058.29907636841,          0.997408386156348,                  0.00039237151304341
         129,3058.29818176314,          0.997654883567714,                -0.000196079969254661
         130,3058.29728715789,          0.997707096243165,                 -0.00137182276049934
         131,3058.29639255263,          0.997953167693347,                 -0.00176282208228462
         132,3058.29549794736,          0.997613636141177,                 -0.00195764057327547
         133, 3058.2946033421,          0.998055152281185,                 -0.00156526979381484
         134,3058.29370873684,          0.997715930601837,                 -0.00156443109463244
         135,3058.29281413159,          0.997766020447851,                -0.000390897559431088
         136,3058.29191952631,           0.99781800565326,                 0.000195344167120842
         137,3058.29102492105,          0.998065174905455,                  0.00117143799871532
         138,3058.29013031578,          0.997919862000601,                  0.00156107917403301
         139,3058.28923571053,          0.997776650934197,                  0.00234036743768772
         140,3058.28834110526,          0.997828519299668,                  0.00272897035948337
         141,    3058.2874465,          0.998269977088886,                  0.00272751359860351
         142,3058.28655189474,          0.998319582991765,                  0.00175246269688432
         143,3058.28565728946,          0.998371078766224,                 0.000583842736120599
         144,3058.28476268421,          0.998033498602442,                -0.000583531571975702
         145,3058.28386807894,          0.998085091905868,                 -0.00116644147865898
         146,3058.28297347368,          0.997748023448536,                 -0.00136012388785584
         147,3058.28207886841,          0.998188113793445,                -0.000971000110694013
         148,3058.28118426315,          0.998239542552799,                -0.000582290225093991
         149,3058.28028965789,          0.998290916639022,                 0.000193993571053055
         150,3058.27939505263,          0.998342236139252,                 0.000775562040115947
         151,3058.27850044736,          0.998199713581989,                  0.00174408802606055
         152, 3058.2776058421,          0.998638396445498,                  0.00232421659374437
         153,3058.27671123685,          0.998302286009636,                  0.00271014776112758
         154,3058.27581663158,          0.998353490657849,                  0.00270871102116471
         155,3058.27492202631,          0.998211264201112,                  0.00290065264684554
         156,3058.27402742104,          0.998455737255001,                  0.00270584210638212
         157,3058.27313281578,          0.998508708216786,                  0.00270441515090637
         158,3058.27223821053,          0.998559695412263,                  0.00231684384086372
         159,3058.27134360526,          0.998610628690518,                  0.00192968237428119
         160,     3058.270449,          0.998277700952568,                  0.00192866634650805
         161,3058.26955439473,          0.998328729468143,                  0.00134935337058834
         162,3058.26865978947,          0.998574290998767,                  0.00134864364981504
         163, 3058.2677651842,          0.998625109278779,                  0.00115537035396696
         164,3058.26687057895,          0.998677796018761,                 0.000577381651196046
         165,3058.26597597368,          0.998536147162415,                 0.000192359111377849
         166,3058.26508136842,          0.998781083336217,                -0.000192258148861639
         167,3058.26418676315,          0.998833605235902,                -0.000960786461365816
         168,3058.26329215789,          0.998694015518168,                 -0.00172850887301221
         169,3058.26239755263,          0.998936566376302,                 -0.00191955527743332
         170,3058.26150294736,          0.998797069223198,                 -0.00249411484823311
         171, 3058.2606083421,          0.999232981783317,                 -0.00268456375838926
         172,3058.25971373684,          0.999093475515215,                 -0.00364143027715118
         173,3058.25881913157,          0.998762561153615,                 -0.00325641801680312
         174,3058.25792452631,            0.9988149004727,                 -0.00287180822447585
         175,3058.25702992105,          0.998867185108077,                  -0.0022962464025473
         176,3058.25613531579,          0.999110669101967,                 -0.00114752373939736
         177,3058.25524071052,          0.998782345733527,                 -0.00114692709557917
         178,3058.25434610526,          0.999216675264133,                -0.000573164440878088
         179,    3058.2534515,           0.99907768631023,                -0.000381910430546724
         180,3058.25255689473,          0.998940748728421,                -0.000381712169938258
         181,3058.25166228948,          0.998992804657515,                 -0.00019075669365238
         182,3058.25076768421,          0.999237368922784,                -0.000571973307912297
         183,3058.24987307894,           0.99909865789589,                -0.000762234337513554
         184,3058.24897847368,          0.998961993733871,                -0.000761839461379501
         185,3058.24808386841,          0.998823569723482,                -0.000380721772335995
         186,3058.24718926316,          0.999067714378127,                -0.000380524743621454
         187,3058.24629465789,           0.99912144250773,                 0.000570491878097296
         188,3058.24540005263,           0.99917511508475,                  0.00114039389205031
         189,3058.24450544736,          0.999418699634883,                   0.0017097069562277
         190, 3058.2436108421,          0.999472163257246,                  0.00227843198310922
         191,3058.24271623684,          0.999335800360566,                  0.00303634120884334
         192,3058.24182163157,          0.999199578166313,                  0.00284510130457378
         193,3058.24092702632,          0.999063496456832,                  0.00322278547244139
         194,3058.24003242105,          0.999306510840031,                  0.00284216868839599
         195,3058.23913781578,          0.999361787147492,                  0.00265132935760183
         196,3058.23824321052,          0.999604398183639,                  0.00246068115440017
         197,3058.23734860526,          0.999659464981649,                  0.00302697794089826
         198,     3058.236454,          0.999712584995424,                   0.0034035987383994
         199,3058.23555939473,          0.999767539872582,                  0.00283487960266327
         200,3058.23466478947,          0.999822438486269,                  0.00207784750110504
         201, 3058.2337701842,          0.999875393172301,                  0.00132158756650417
         202,3058.23287557894,          0.999930180379932,                 0.000754806703438333
         203,3058.23198097368,          0.999796306355242,                 0.000377210453256081
         204,3058.23108636842,          0.999662569112067,                 0.000565526627821271
         205,3058.23019176316,          0.999717381064531,                  0.00150730098916627
         206,3058.22929715789,          0.999772137071792,                  0.00225979763512177
         207,3058.22840255262,           1.00001693986911,                  0.00395263612596487
         208,3058.22750794737,          0.999883362618095,                  0.00451499542856713
         209, 3058.2266133421,          0.999937950446851,                  0.00545283951917237
         210,3058.22571873684,           1.00018229553301,                  0.00620180679304571
         211,3058.22482413158,           1.00042639277349,                  0.00657433791721218
         212,3058.22392952631,          0.999917393230751,                  0.00675873566584811
         213,3058.22303492105,          0.999973729344697,                  0.00694295890143625
         214,3058.22214031578,           1.00003000840235,                  0.00693944304405233
         215,3058.22124571053,           1.00008623049035,                  0.00656101557022724
         216,3058.22035110526,           1.00014239569515,                   0.0058082454602004
         217,    3058.2194565,           1.00038577212478,                  0.00543077263040409
         218,3058.21856189473,           1.00025455580013,                  0.00467933456119072
         219,3058.21766728947,           1.00031055087235,                  0.00430281329157734
         220,3058.21677268421,           1.00036835993815,                  0.00430064902403315
         221,3058.21587807895,           1.00042424117831,                  0.00485915005989837
         222,3058.21498347368,            1.0006687313904,                  0.00523030137743723
         223,3058.21408886842,            1.0005395706959,                   0.0050409718993822
         224,3058.21319426315,           1.00078189000916,                  0.00466521485180478
         225,3058.21229965789,           1.00083931735522,                  0.00373029935652336
         226,3058.21140505263,           1.00052384423371,                  0.00279632153223506
         227,3058.21051044737,           1.00076767134723,                  0.00167695197209552
         228, 3058.2096158421,           1.00082501950808,                  0.00130364256355723
         229,3058.20872123684,           1.00069803155103,                  0.00148913397552236
         230,3058.20782663157,           1.00094140585755,                  0.00186048588449359
         231,3058.20693202631,           1.00137049220567,                  0.00297528837052754
         232,3058.20603742105,           1.00124342277675,                  0.00371725792751719
         233,3058.20514281579,           1.00130225023639,                  0.00408694796014854
         234,3058.20424821052,           1.00117348227151,                  0.00408490664131549
         235,3058.20335360526,           1.00104670066588,                  0.00408287493782895
         236,3058.20245899999,           1.00147652401021,                  0.00352436635602778
         237,3058.20156439474,           1.00116431702053,                  0.00241021039282721
         238,3058.20066978947,           1.00122489293769,                 0.000926545338643056
         239,3058.19977518421,           1.00165398855729,                                    0
         240,3058.19888057894,           1.00171240801592,                 -0.00111075114546212
         241,3058.19798597367,           1.00158758941755,                 -0.00148026985319424
         242,3058.19709136842,           1.00201586802537,                 -0.00092471010338259
         243,3058.19619676315,           1.00170617235113,                -0.000739402969072622
         244, 3058.1953021579,           1.00195106088936,                                    0
         245,3058.19440755263,           1.00182637102478,                 0.000369336910976878
         246,3058.19351294737,           1.00207095895367,                -0.000738309787403697
         247, 3058.1926183421,           1.00194633286904,                 -0.00129140569509912
         248,3058.19172373684,             1.002192468897,                 -0.00221275246122612
         249,3058.19082913158,           1.00243651604009,                 -0.00331749536472175
         250,3058.18993452632,           1.00212952524114,                 -0.00423694468392393
         251,3058.18903992105,           1.00237336382434,                 -0.00533960829370055
         252,3058.18814531578,           1.00188267077922,                 -0.00588909725660085
         253,3058.18725071052,           1.00249612337508,                 -0.00607016001309683
         254,3058.18635610526,           1.00237355881223,                 -0.00643489995569112
         255,    3058.1854615,           1.00206734965774,                 -0.00661551890476409
         256,3058.18456689474,           1.00249797957534,                 -0.00642862390713394
         257,3058.18367228947,           1.00274276398644,                 -0.00642548457332947
         258,3058.18277768421,           1.00243866187375,                 -0.00660585609142505
         259,3058.18188307895,             1.002499830349,                 -0.00660263335026787
         260,3058.18098847368,           1.00219614226896,                 -0.00678274323467192
         261,3058.18009386842,           1.00280889097362,                 -0.00641299309045802
         262,3058.17919926316,           1.00268848712163,                 -0.00659302018929294
         263,3058.17830465789,           1.00256820008164,                 -0.00658982201989028
         264,3058.17741005263,           1.00263282597917,                 -0.00622071461373936
         265,3058.17651544736,           1.00287842933584,                  -0.0056690793780837
         266,3058.17562084211,           1.00257727247802,                 -0.00456963205322707
         267,3058.17472623684,           1.00245727178888,                 -0.00365393574553991
         268,3058.17383163158,           1.00270443501778,                 -0.00328695680756146
         269,3058.17293702631,           1.00258631861182,                 -0.00346789369263146
         270,3058.17204242104,           1.00265074879549,                 -0.00364865629110439
         271,3058.17114781579,           1.00289746194004,                 -0.00437627983392018
         272,3058.17025321052,           1.00296350838567,                 -0.00455643970736722
         273,3058.16935860526,           1.00266332445559,                  -0.0049185882558686
         274,3058.16846399999,           1.00291150234614,                   -0.004734150156318
         275,3058.16756939474,            1.0026134560226,                 -0.00509587525297381
         276,3058.16667478947,           1.00286142030499,                 -0.00472962033882272
         277,3058.16578018421,           1.00256368297605,                 -0.00490918016691213
         278,3058.16488557895,           1.00281143401308,                 -0.00345295709428208
         279,3058.16399097368,           1.00287730056892,                 -0.00308801197422055
         280,3058.16309636841,           1.00240024111348,                 -0.00236029761537316
         281,3058.16220176315,           1.00246624116899,                 -0.00181474699704741
         282,3058.16130715789,           1.00271538518746,                 -0.00126971919253115
         283,3058.16041255263,           1.00260168792436,                -0.000725209177522142
         284,3058.15951794737,           1.00248809862511,                 0.000543648643506026
         285, 3058.1586233421,           1.00255574735233,                   0.0010867812979429
         286,3058.15772873684,           1.00244410247126,                  0.00126731239250475
         287,3058.15683413158,           1.00233074924178,                  0.00180958792063871
         288,3058.15593952632,           1.00258106292042,                  0.00217048038157045
         289,3058.15504492105,           1.00228877631822,                    0.002169456225797
         290,3058.15415031579,           1.00235817092673,                  0.00325264955411596
         291,3058.15325571052,            1.0020662649732,                  0.00361235135174188
         292,3058.15236110525,           1.00213569903072,                  0.00397171417378416
         293,    3058.1514665,            1.0023855151233,                  0.00433073849918257
         294,3058.15057189473,            1.0022761787612,                  0.00414834481042064
         295,3058.14967728948,           1.00216694489614,                  0.00396612210608295
         296,3058.14878268421,           1.00205781338408,                  0.00396426396231787
         297,3058.14788807894,           1.00194878408121,                  0.00360218868984795
         298,3058.14699347368,           1.00219990710703,                   0.0030604272356421
         299,3058.14609886842,           1.00227085425146,                  0.00269911361109012
         300,3058.14520426316,           1.00216368073928,                  0.00269785628339721
         301,3058.14430965789,           1.00241435163962,                  0.00197750320445406
         302,3058.14341505263,           1.00194783258702,                  0.00143751482437163
         303,3058.14252044736,           1.00184095909479,                  0.00071842306138027
         304, 3058.1416258421,           1.00191370724229,                 0.000359044510747997
         305,3058.14073123684,           1.00180874658168,                 0.000358878290016724
         306,3058.13983663157,            1.0017020864459,                 0.000896778949369654
         307,3058.13894202631,           1.00159732094678,                    0.001434182668261
         308,3058.13804742105,           1.00167004737774,                  0.00232946522645986
         309,3058.13715281578,           1.00174450052478,                  0.00268660245089786
         310,3058.13625821052,           1.00146083668705,                  0.00340145797230139
         311,3058.13536360526,           1.00171605161397,                  0.00322095193445005
         312,     3058.134469,           1.00161152139424,                  0.00286174720398355
         313,3058.13357439473,           1.00150887806692,                  0.00196654724361587
         314,3058.13267978947,           1.00158502393618,                 0.000714779678098972
         315,3058.13178518421,           1.00130208565902,                 0.000357225146506963
         316,3058.13089057894,           1.00173710604916,                -0.000178530940304609
         317,3058.12999597369,           1.00145614435815,                 -0.00035689812699863
         318,3058.12910136842,           1.00135380751675,                                    0
         319,3058.12820676315,           1.00125334954546,                -0.000178285852839291
         320,3058.12731215789,           1.00133118775093,                 0.000178204518197354
         321,3058.12641755262,            1.0010527084532,                 0.000712493030927541
         322,3058.12552294737,           1.00095252508168,                  0.00124629449939021
         323, 3058.1246283421,           1.00138631587002,                  0.00106776575354899
         324,3058.12373373684,            1.0011099726776,                  0.00142304189435337
         325,3058.12283913157,           1.00136549840692,                  0.00142239417387346
         326,3058.12194452632,            1.0012671343038,                  0.00106631217710734
         327,3058.12104992105,           1.00099122112047,                  0.00053291458089821
         328,3058.12015531578,            1.0010706733168,                 0.000177557763979567
         329,3058.11926071053,           1.00079687497227,                 0.000354955444217865
         330,3058.11836610526,           1.00105374077977,                 0.000532192313014231
         331,    3058.1174715,           1.00095751471736,                  0.00159585786225973
         332,3058.11657689473,           1.00086137529377,                  0.00212685257721361
         333,3058.11568228947,           1.00094248035318,                  0.00230305349461794
         334,3058.11478768421,           1.00084643417469,                  0.00141662623379291
         335,3058.11389307894,           1.00110447169437,                  0.00123899068279007
         336,3058.11299847368,            1.0008332905778,                  0.00123843610288927
         337,3058.11210386842,           1.00109287298269,                  0.00141472230769503
         338,3058.11120926315,            1.0008219396007,                 0.000883806022254236
         339,3058.11031465789,           1.00090461281865,                  0.00106009314685117
         340,3058.10942005263,           1.00098721215878,                  0.00105961949064091
         341,3058.10852544737,           1.00107150485531,                 0.000882623439301103
         342, 3058.1076308421,             1.000802830197,                  0.00105867718286002
         343,3058.10673623684,           1.00123809960529,                 0.000881837325704853
         344,3058.10584163158,           1.00061877588149,                 0.000881447124631335
         345,3058.10494702631,           1.00105550474801,                 0.000704844572961105
         346,3058.10405242105,           1.00061118127073,                 0.000528398793137156
         347,3058.10315781579,           1.00104928838529,                 0.000880275491017669
         348,3058.10226321053,           1.00078309913683,                 0.000879886670596827
         349,3058.10136860526,           1.00086894421519,                  0.00105539783221285
         350,     3058.100474,           1.00077889151254,                  0.00105493207116572
         351,3058.09957939473,           1.00086466271124,                  0.00158170008154543
         352,3058.09868478947,            1.0006007820707,                  0.00193233999346518
         353,3058.09779018421,           1.00086390357993,                  0.00245826221931913
         354,3058.09689557895,           1.00095128107021,                  0.00315923602652354
         355,3058.09600097368,           1.00086314578041,                   0.0036841588188236
         356,3058.09510636842,           1.00059972854392,                  0.00438398058422679
         357,3058.09421176315,           1.00121470902198,                  0.00438206717884268
         358,3058.09331715789,           1.00095136809535,                  0.00438014776866512
         359,3058.09242255263,           1.00104026927913,                  0.00385284918197007
         360,3058.09152794737,           1.00095403978959,                  0.00280085075841787
         361, 3058.0906333421,           1.00104461393903,                    0.001049863255311
         362,3058.08973873684,           1.00095845751305,                 0.000349802012061173
         363,3058.08884413158,           1.00104895104895,                -0.000524475524475524
         364,3058.08794952631,           1.00131411555829,                -0.000698997637387986
         365,3058.08705492105,           1.00088035549593,                -0.000524021128531902
         366,3058.08616031579,           1.00097076529828,                -0.000349196150461637
         367,3058.08526571052,           1.00123736673002,                 0.000349045622008025
         368,3058.08437110526,           1.00132754400869,                 0.000872236536592939
         369,    3058.0834765,           1.00124501731516,                  0.00122060521093802
         370,3058.08258189473,           1.00116256167939,                  0.00244015944699015
         371,3058.08168728947,           1.00125439910798,                  0.00278755357329524
         372,3058.08079268421,           1.00134790134895,                   0.0029605068387708
         373,3058.07989807895,           1.00143958027618,                  0.00295923394136887
         374,3058.07900347368,           1.00153292304587,                  0.00382795766278825
         375,3058.07810886842,           1.00145226231162,                  0.00347847260268016
         376,3058.07721426315,           1.00172111055093,                   0.0029554423601815
         377,3058.07631965789,           1.00181421342379,                  0.00260662848245565
         378,3058.07542505263,           1.00173527577684,                  0.00173701278962517
         379,3058.07453044737,           1.00183003267667,                   0.0012153917207516
         380, 3058.0736358421,           1.00192470899407,                 0.000520660683696899
         381,3058.07274123684,           1.00167234523867,                                    0
         382,3058.07184663158,            1.0019404141978,                -0.000520218283591795
         383,3058.07095202631,           1.00220999263336,                -0.000693331022229926
         384,3058.07005742105,           1.00195956470289,                -0.000866297392964626
         385,3058.06916281579,           1.00240209347555,                -0.000346372527116639
         386,3058.06826821053,           1.00197868285159,                                    0
         387,3058.06737360526,           1.00207648382073,                 0.000346080636788372
         388,     3058.066479,           1.00199950185421,                 0.000691869153705651
         389,3058.06558439474,           1.00209721172848,                 0.000691578476003091
         390,3058.06468978947,           1.00202201752415,                 0.000518466031833814
         391,3058.06379518421,           1.00212136707251,                -0.000518249284815987
         392,3058.06290057895,           1.00221890298127,                 -0.00172677274807249
         393,3058.06200597368,           1.00214548197398,                 -0.00379731322828584
         394,3058.06111136842,           1.00224465535655,                 -0.00483092620932748
         395,3058.06021676316,           1.00251620702917,                 -0.00551875427919033
         396,3058.05932215789,           1.00244275388177,                  -0.0056888410796386
         397,3058.05842755263,           1.00271572431952,                 -0.00568647858782335
         398,3058.05753294737,           1.00229948412322,                 -0.00585636405914928
         399, 3058.0566383421,           1.00240011294649,                 -0.00619828307558806
         400,3058.05574373684,           1.00232855517712,                 -0.00602360910563173
         401,3058.05484913157,           1.00208502497901,                 -0.00533298468229174
         402,3058.05395452632,           1.00218734093629,                  -0.0037831368394987
         403,3058.05305992105,           1.00228957247563,                 -0.00223456773146684
         404,3058.05216531578,           1.00239171970145,                -0.000687275776277989
         405,3058.05127071052,           1.00249378271802,                 0.000171748121075555
         406,3058.05037610526,           1.00242408427298,                  0.00120174149510376
         407,    3058.0494815,           1.00252777029381,                 0.000858034722949168
         408,3058.04858689474,           1.00245983470734,                  0.00051460977141034
         409,3058.04769228947,           1.00239195480148,                 -0.00102879776407953
         410,3058.04679768421,           1.00249552656296,                 -0.00154256449633555
         411,3058.04590307895,           1.00242768763181,                 -0.00256988810707182
         412,3058.04500847368,           1.00253287687889,                 -0.00325386482075486
         413,3058.04411386842,           1.00229560787388,                 -0.00342372538983393
         414,3058.04321926316,           1.00240076523322,                 -0.00342233105234969
         415,3058.04232465789,            1.0021637431902,                 -0.00342093785011161
         416,3058.04143005263,           1.00244155986267,                 -0.00341955162839049
         417,3058.04053544737,           1.00220642649489,                 -0.00410179983558619
         418, 3058.0396408421,           1.00214232266044,                 -0.00375846080779573
         419,3058.03874623684,           1.00224904069961,                 -0.00324462971090349
         420,3058.03785163158,           1.00235567239084,                 -0.00256051346830084
         421,3058.03695702631,           1.00212266404576,                 -0.00255948237028543
         422,3058.03606242105,           1.00223097023326,                 -0.00221732515538332
         423,3058.03516781579,           1.00233918926292,                 -0.00289841235201048
         424,3058.03427321052,            1.0022768949697,                 -0.00340852540373983
         425,3058.03337860526,           1.00204429301533,                 -0.00340715502555366
         426,     3058.032484,           1.00232445273187,                 -0.00323550197110186
         427,3058.03158939473,           1.00260438830919,                 -0.00306398624610618
         428,3058.03069478947,           1.00203333304974,                 -0.00238214750597664
         429,3058.02980018421,           1.00214307582406,                 -0.00204102459434636
         430,3058.02890557895,           1.00191439948043,                 -0.00221023030599789
         431,3058.02801097368,           1.00185585512094,                 -0.00237930143709807
         432,3058.02711636842,           1.00179735730716,                 -0.00322776832098287
         433,3058.02622176315,           1.00207853605852,                 -0.00322648571176275
         434,3058.02532715789,           1.00185024868021,                 -0.00373444687749317
         435,3058.02443255263,           1.00196320309226,                 -0.00322392901926382
         436,3058.02353794737,            1.0020760682253,                 -0.00356188175909467
         437,3058.02264334211,           1.00184975136019,                 -0.00373002107461907
         438,3058.02174873684,            1.0017930926951,                 -0.00338958921568295
         439,3058.02085413158,            1.0020770015281,                 -0.00355766982791043
         440,3058.01995952631,           1.00202029781188,                 -0.00304822804810104
         441,3058.01906492105,           1.00213461444056,                   -0.003216310417968
         442,3058.01817031579,           1.00174120219097,                 -0.00287662169548083
         443,3058.01727571052,           1.00185723322993,                 -0.00270635079042358
         444,3058.01638110526,           1.00197147948884,                 -0.00202896688387884
         445,    3058.0154865,           1.00191831526286,                 -0.00202817472725275
         446,3058.01459189473,           1.00186519253382,                 -0.00135158879262573
         447,3058.01369728947,           1.00181211125316,                 -0.00168882689017728
         448,3058.01280268421,           1.00176076251315,                  -0.0021946224996075
         449,3058.01190807895,           1.00153901192734,                 -0.00202501569387163
         450,3058.01101347368,           1.00165649491075,                 -0.00185554419737592
         451,3058.01011886842,           1.00194250718323,                  -0.0016862041521091
         452,3058.00922426315,           1.00155576568787,                 -0.00151699796216607
         453,3058.00832965789,           1.00150461578381,                 -0.00101094005630936
         454,3058.00743505263,           1.00162361723055,                -0.000673700095665414
         455,3058.00654044737,           1.00157416682801,                 0.000336720177114813
         456,3058.00564584211,           1.00186134494795,                  0.00134636162600094
         457,3058.00475123684,           1.00164529576631,                  0.00252345976427521
         458,3058.00385663157,           1.00142772819688,                    0.003699649037839
         459,3058.00296202632,           1.00138011259433,                   0.0042025353054991
         460,3058.00206742105,           1.00150057048564,                  0.00504111025412237
         461,3058.00117281579,            1.0012866726913,                  0.00554310689461714
         462,3058.00027821052,           1.00140707432643,                  0.00537307618686216
         463,3057.99938360526,            1.0011933755071,                   0.0043639610667535
         464,     3057.998489,           1.00148318165955,                  0.00352339534509141
         465,3057.99759439474,            1.0012696165825,                  0.00251575280548367
         466,3057.99669978947,           1.00139152010998,                  0.00134122420239073
         467,3057.99580518421,           1.00117983026533,                   0.0013407162105997
         468,3057.99491057895,           1.00147087894231,                  0.00117268252803549
         469,3057.99401597368,           1.00125931929773,                  0.00150716405313256
         470,3057.99312136842,           1.00121531904636,                  0.00117179522376267
         471,3057.99222676316,           1.00117302739797,                   0.0015060266165104
         472,3057.99133215789,           1.00146531420619,                   0.0016727331120865
         473,3057.99043755263,           1.00142296032599,                  0.00217373492807446
         474,3057.98954294737,           1.00104634331427,                  0.00267435990867061
         475, 3057.9886483421,           1.00133834810083,                   0.0035087777924441
         476,3057.98775373684,           1.00096371777934,                  0.00367448720025788
         477,3057.98685913158,           1.00109024671632,                  0.00400703234175979
         478,3057.98596452632,            1.0010497837846,                   0.0040055343132428
         479,3057.98506992105,           1.00117618598754,                  0.00316986294513635
         480,3057.98417531579,            1.0009706179601,                  0.00250159268067336
         481,3057.98328071052,           1.00143037666586,                  0.00200052680539209
         482,3057.98238610526,           1.00105821869298,                  0.00133318890453534
         483,    3057.9814915,           1.00118776518565,                  0.00116610887792006
         484,3057.98059689473,           1.00114902333017,                  0.00149872608282959
         485,3057.97970228947,           1.00127844030283,                  0.00166463581097727
         486,3057.97880768421,           1.00124135957161,                  0.00216322713552119
         487,3057.97791307895,           1.00137064686548,                  0.00282779086324138
         488,3057.97701847368,           1.00133355947309,                  0.00349186395698024
         489,3057.97612386842,           1.00129816378805,                  0.00398923571230297
         490,3057.97522926316,           1.00109663697993,                  0.00415392795427356
         491,3057.97433465789,           1.00106135424816,                  0.00382021090886139
         492,3057.97344005263,           1.00119213258905,                  0.00365277394974447
         493,3057.97254544737,           1.00115684071283,                  0.00331948554613006
         494, 3057.9716508421,           1.00145506310527,                  0.00348418759529668
         495,3057.97075623684,           1.00142136155491,                  0.00364876945250214
         496,3057.96986163158,           1.00188506257844,                  0.00348164592324131
         497,3057.96896702631,           1.00151976439509,                  0.00232025098486368
         498,3057.96807242105,           1.00148773529577,                  0.00132537665547828
         499,3057.96717781579,           1.00162134142403,                 0.000165611994283074
         500,3057.96628321052,           1.00175485067214,                 -0.00049665585060592
         501,3057.96538860526,            1.0017227711958,                 -0.00132393559715288
         502,     3057.964494,           1.00169237208364,                 -0.00132345812992058
         503,3057.96359939473,           1.00166033841798,                 -0.00132297881910911
         504,3057.96270478947,           1.00179529652149,                -0.000991876531209395
         505,3057.96181018421,           1.00193181311154,                -0.000661013896164632
         506,3057.96091557895,           1.00173618854578,                -0.000660775849964236
         507,3057.96002097369,           1.00170749348543,                -0.000825673832414634
         508,3057.95912636842,            1.0018422407987,                 -0.00165075340385352
         509,3057.95823176316,            1.0016501650165,                 -0.00231023102310231
         510, 3057.9573371579,           1.00195144642925,                 -0.00263931892375173
         511,3057.95644255263,           1.00192271541503,                 -0.00329796812184013
         512,3057.95554794737,           1.00206049616748,                 -0.00395615264155609
         513,3057.95465334211,           1.00203339781764,                 -0.00395474453998082
         514,3057.95375873684,           1.00200631875101,                 -0.00411805983376216
         515,3057.95286413158,           1.00198090884691,                 -0.00345794561804191
         516,3057.95196952632,           1.00212012273009,                 -0.00362132764455682
         517,3057.95107492105,           1.00193014297538,                 -0.00329095136467526
         518,3057.95018031579,           1.00223376572107,                  -0.0029608087613621
         519,3057.94928571052,           1.00253717378901,                 -0.00246646836261031
         520,3057.94839110526,           1.00234889565742,                 -0.00246560076006253
         521,    3057.9474965,           1.00215910323274,                 -0.00279336034677104
         522,3057.94660189474,           1.00230125213741,                 -0.00312089868741572
         523,3057.94570728947,           1.00227745548946,                 -0.00361240236251115
         524,3057.94481268421,           1.00241781798903,                 -0.00393941831205774
         525,3057.94391807894,           1.00272381202415,                 -0.00344578629561565
         526,3057.94302347368,           1.00253750904203,                 -0.00344458240999388
         527,3057.94212886842,            1.0026792770871,                 -0.00327940891933638
         528,3057.94123426316,           1.00265867643154,                 -0.00327826933605211
         529,3057.94033965789,           1.00263644720306,                 -0.00262170013976939
         530,3057.93944505263,           1.00277967512035,                 -0.00278458910111826
         531,3057.93855044736,           1.00275906110051,                 -0.00294736497384214
         532, 3057.9376558421,            1.0025764167837,                 -0.00245528918396009
         533,3057.93676123684,            1.0027195167049,                  -0.0019635499674378
         534,3057.93586663158,           1.00286415778876,                 -0.00147215420324561
         535,3057.93497202632,           1.00268166655766,                -0.000817581267577997
         536,3057.93407742105,           1.00266276106582,                -0.000490379570133269
         537,3057.93318281579,           1.00264550696835,                 0.000163403765803187
         538,3057.93228821052,           1.00262662694057,                 0.000490042339658146
         539,3057.93139360526,           1.00260939709537,                 0.000816457163758446
         540,     3057.930499,           1.00259217906277,                  0.00130588365882484
         541,3057.92960439474,           1.00257660883031,                  0.00114225850615433
         542,3057.92870978947,           1.00288566157339,                  0.00130499110159193
         543,3057.92781518421,           1.00287000195682,                  0.00130454634400887
         544,3057.92692057895,           1.00269134027442,                  0.00114108915329555
         545,3057.92602597368,           1.00267575750662,                 0.000814786086060966
         546,3057.92513136842,            1.0026618187031,                 0.000325804002827979
         547,3057.92423676316,           1.00248504251931,                 -0.00016284682302133
         548,3057.92334215789,            1.0027967610967,                 -0.00048837504598865
         549,3057.92244755263,           1.00294553206724,                -0.000813682891503523
         550,3057.92155294737,           1.00276883933249,                -0.000976089071381394
         551, 3057.9206583421,           1.00291915011262,                -0.000975760483326693
         552,3057.91976373684,           1.00306935972636,                 -0.00195086423285515
         553,3057.91886913158,           1.00305695094739,                 -0.00276279458297241
         554,3057.91797452631,           1.00288208784032,                 -0.00276186546141024
         555,3057.91707992105,             1.003033787427,                 -0.00276094144855229
         556,3057.91618531579,           1.00302140309349,                 -0.00243530609362291
         557,3057.91529071053,           1.00301065495947,                 -0.00210989296350697
         558,3057.91439610526,           1.00300154133204,                 -0.00227143668370244
         559,    3057.9135015,           1.00266642446104,                 -0.00243286903379417
         560,3057.91260689474,           1.00249529396314,                 -0.00259419775245192
         561,3057.91171228947,           1.00281052764658,                 -0.00243125228942924
         562,3057.91081768421,           1.00280149261712,                 -0.00226841507459035
         563,3057.90992307895,           1.00279246358783,                 -0.00210568600010366
         564,3057.90902847368,           1.00278506428317,                 -0.00194306810453706
         565,3057.90813386842,           1.00293791529416,                   -0.002589897779972
         566,3057.90723926316,           1.00276865769455,                 -0.00307448838086115
         567,3057.90634465789,           1.00276289566995,                 -0.00307347878976111
         568,3057.90545005263,           1.00259380720445,                 -0.00307246489304588
         569,3057.90455544737,           1.00274976196211,                  -0.0030714566302241
         570, 3057.9036608421,           1.00258240923591,                 -0.00226243612658007
         571,3057.90276623684,           1.00257671585851,                 -0.00145394625245353
         572,3057.90187163158,           1.00240952959264,                -0.000322993242981357
         573,3057.90097702631,           1.00256695888022,                 0.000968663728386691
         574,3057.90008242105,            1.0025612761514,                  0.00161391061840213
         575,3057.89918781579,           1.00239587618886,                  0.00177472310286134
         576,3057.89829321052,            1.0023934866197,                  0.00112900312250006
         577,3057.89739860526,            1.0023894824078,                 0.000322467261511275
         578,     3057.896504,           1.00238709646223,                -0.000644725580615681
         579,3057.89560939474,           1.00222196799657,                 -0.00112790253633055
         580,3057.89471478947,           1.00205856106903,                 -0.00161076765965124
         581,3057.89382018421,           1.00205789810989,                 -0.00144922402104917
         582,3057.89292557894,           1.00189464974735,                 -0.00112680953538423
         583,3057.89203097368,           1.00221588193549,                                    0
         584,3057.89113636842,           1.00189343058413,                  0.00112608445955185
         585,3057.89024176316,           1.00189282159071,                  0.00176899214085037
         586,3057.88934715789,           1.00221374450784,                  0.00208995487305132
         587,3057.88845255263,           1.00189321496186,                  0.00192857211734718
         588,3057.88755794737,           1.00205487925375,                   0.0014459666367298
         589, 3057.8866633421,           1.00173460537728,                 0.000321223218014198
         590,3057.88576873684,           1.00173565674779,                -0.000321120582384288
         591,3057.88487413158,           1.00141729679928,                -0.000802546318960799
         592,3057.88397952631,           1.00157890683166,                 -0.00112320607943313
         593,3057.88308492105,           1.00174202055135,                 -0.00144366344034622
         594,3057.88219031579,           1.00158431845442,                 -0.00160356118868784
         595,3057.88129571052,            1.0015870216893,                 -0.00144274699026947
         596,3057.88040110526,           1.00111056446482,                  -0.0011217822876987
         597,    3057.8795065,           1.00127522412545,                -0.000961224215160428
         598,3057.87861189474,           1.00143977988504,                -0.000960920946635255
         599,3057.87771728948,           1.00128402588545,                 -0.00144092680412041
         600,3057.87682268421,           1.00128842260261,                  -0.0012804199777527
         601,3057.87592807894,            1.0011344163356,                -0.000960013824199068
         602,3057.87503347368,           1.00113885743168,                -0.000799759432362745
         603,3057.87413886842,            1.0013047983319,                -0.000319803512721784
         604,3057.87324426316,           1.00115253229408,                                    0
         605, 3057.8723496579,            1.0009987615357,                 0.000319603691422636
         606,3057.87145505263,           1.00100643800821,                   0.0012780165183635
         607,3057.87056044737,            1.0011722131192,                  0.00239553089755752
         608, 3057.8696658421,           1.00102017845939,                  0.00335269916230417
         609,3057.86877123684,           1.00071023294044,                  0.00414967560708956
         610,3057.86787663158,           1.00087754287994,                  0.00414838452333466
         611,3057.86698202631,           1.00072733768885,                  0.00366858922008983
         612,3057.86608742105,           1.00073667996518,                   0.0030296362204172
         613,3057.86519281579,           1.00090542169059,                  0.00207226795381074
         614,3057.86429821052,            1.0005959912418,                  0.00143420352304128
         615,3057.86340360526,           1.00076467214682,                  0.00191168036704263
         616,     3057.862509,           1.00077558515272,                  0.00175183504721195
         617,3057.86161439474,           1.00110490904401,                  0.00206971434757828
         618,3057.86071978947,           1.00079739105108,                  0.00238739835651497
         619,3057.85982518421,           1.00064917294094,                  0.00238666522406013
         620,3057.85893057895,           1.00066010800321,                  0.00206780820283608
         621,3057.85803597368,           1.00067262755674,                    0.001908163281532
         622,3057.85714136842,           1.00068513946801,                  0.00111275551648547
         623,3057.85624676316,           1.00069764374401,                 0.000476749711169133
         624,3057.85535215789,           1.00118674468149,                -0.000317736193170896
         625,3057.85445755263,           1.00072421876489,                 -0.00127055923664801
         626,3057.85356294737,           1.00041915673286,                 -0.00158771489721134
         627, 3057.8526683421,            1.0009094848316,                 -0.00158723356300603
         628,3057.85177373684,           1.00060613946285,                 -0.00111072676438947
         629,3057.85087913158,           1.00062023226191,                -0.000634508707838879
         630,3057.84998452631,           1.00079448270613,                -0.000158579382460169
         631,3057.84908992105,           1.00064997859827,                -0.000475594096291951
         632,3057.84819531579,           1.00066563124029,                -0.000792418143205807
         633,3057.84730071053,           1.00068127445855,                -0.000792179602959583
         634,3057.84640610526,           1.00069690826153,                -0.000950329447541814
         635,    3057.8455115,           1.00071411719439,                -0.000791704206641132
         636,3057.84461689474,           1.00088802495967,                -0.000949759315160216
         637,3057.84372228947,           1.00074692053525,                -0.000949475256674811
         638,3057.84282768421,           1.00076409905128,                 -0.00126558849073827
         639,3057.84193307895,            1.0007812672978,                 -0.00094890764914456
         640,3057.84103847368,             1.000800007589,                -0.000790521333008693
         641,3057.84014386842,           1.00065909784205,                -0.000474171109386533
         642,3057.83924926316,           1.00067786326123,                 0.000316020168407148
         643,3057.83835465789,           1.00069661753486,                 0.000947778958991184
         644,3057.83746005263,           1.00055744440953,                   0.0014212463698999
         645,3057.83656544737,           1.00073409268512,                  0.00189443273579767
         646, 3057.8356708421,           1.00059657019485,                   0.0018938736344382
         647,3057.83477623684,           1.00093087833893,                  0.00157775989649895
         648,3057.83388163158,            1.0006356496955,                  0.00141956507680636
         649,3057.83298702631,           1.00097132693351,                  0.00110378060625938
         650,3057.83209242105,           1.00067626042174,                 0.000472909385832581
         651,3057.83119781579,           1.00069812483355,                 0.000472770767637895
         652,3057.83030321053,           1.00071839985884,                 0.000315087657386285
         653,3057.82940860526,           1.00074023908147,                 0.000944986061455594
         654,     3057.828514,           1.00060461396028,                 0.000629806208629605
         655,3057.82761939474,           1.00078387916298,                -0.000314810908827613
         656,3057.82672478947,             1.000490961277,                -0.000944156301928597
         657,3057.82583018421,           1.00051441543058,                 -0.00141582228598666
         658,3057.82493557895,           1.00053628241481,                 -0.00172994327358738
         659,3057.82404097368,           1.00055970970562,                 -0.00157221827420744
         660,3057.82314636842,           1.00026877115001,                 -0.00172893722228946
         661,3057.82225176316,           1.00060652342657,                 -0.00141417379253128
         662,3057.82135715789,           1.00016022670508,                -0.000785425024897973
         663,3057.82046255263,           1.00034077542899,                 0.000314078736398428
         664,3057.81956794737,           1.00036579603025,                  0.00141294603959075
         665,3057.81867334211,           1.00054775084713,                   0.0025111786687928
         666,3057.81777873684,           1.00057269724713,                   0.0031380671075651
         667,3057.81688413158,           1.00059762924713,                  0.00329401947236082
         668,3057.81598952632,           1.00062254685959,                  0.00329306903056752
         669,3057.81509492105,           1.00080578661391,                  0.00297858865063663
         670,3057.81420031579,           1.00051718463491,                  0.00235083924961211
         671,3057.81330571053,           1.00054367155344,                  0.00125342144886119
         672,3057.81241110526,           1.00041351051632,                 0.000626531085339799
         673,    3057.8115165,           1.00059816666614,                -0.000156588132498614
         674,3057.81062189474,           1.00046806438938,                 -0.00109580291827971
         675,3057.80972728947,           1.00065259952143,                 -0.00125198948954824
         676,3057.80883268421,           1.00052255595573,                 -0.00140808491064919
         677,3057.80793807895,           1.00070697022592,                 -0.00187691210420616
         678,3057.80704347368,           1.00042218504214,                  -0.0018763779650681
         679,3057.80614886842,           1.00045176650081,                 -0.00203216765070477
         680,3057.80525426316,           1.00047976771116,                 -0.00203158965639568
         681,3057.80435965789,           1.00066398468929,                 -0.00187478029918369
         682,3057.80346505263,           1.00053728508597,                 -0.00203043782487005
         683,3057.80257044737,            1.0004106570982,                 -0.00171757721680665
         684, 3057.8016758421,           1.00059629919859,                 -0.00140489339981081
         685,3057.80078123684,           1.00031367090148,                 -0.00124844139894101
         686,3057.79988663158,           1.00050079643795,                 -0.00140410216247334
         687,3057.79899202632,           1.00053028885146,                 -0.00155967309251981
         688,3057.79809742105,           1.00056132472635,                 -0.00233885302647582
         689,3057.79720281579,           1.00059234318494,                 -0.00280583613916947
         690,3057.79630821053,           1.00046750818139,                 -0.00405173757207418
         691,3057.79541360526,           1.00049853555182,                 -0.00498535551816539
         692,     3057.794519,           1.00037379684142,                 -0.00607419867302121
         693,3057.79362439474,            1.0004063907673,                   -0.006539621542759
         694,3057.79272978947,            1.0004374092298,                 -0.00684911249511612
         695,3057.79183518421,           1.00015873065276,                 -0.00684720462871033
         696,3057.79094057895,           1.00034693213976,                 -0.00668972287434056
         697,3057.79004597368,           1.00037949719732,                 -0.00653232880632578
         698,3057.78915136842,           1.00072302082766,                 -0.00621953400141494
         699,3057.78825676316,           1.00044612809006,                 -0.00575147711922501
         700,3057.78736215789,           1.00016783425435,                  -0.0049728667955468
         701,3057.78646755263,           1.00035732595895,                 -0.00357325958954122
         702,3057.78557294737,            1.0002360805656,                 -0.00310632323157018
         703, 3057.7846783421,            1.0002701754277,                 -0.00217382528034582
         704,3057.78378373684,            1.0003042514483,                 -0.00170753363841268
         705,3057.78288913158,           1.00033830864301,                 -0.00155187450921969
         706,3057.78199452632,           1.00068263621695,                  -0.0017065905423855
         707,3057.78109992105,           1.00040791826745,                 -0.00232653004248244
         708,3057.78020531579,           1.00044346998204,                 -0.00279106981706088
         709,3057.77931071053,           1.00032243462948,                  -0.0031003329757616
         710,3057.77841610526,           1.00020301610646,                  -0.0032544566684592
         711,    3057.7775215,            1.0002401443965,                 -0.00325356924292542
         712,3057.77662689474,           1.00012081372692,                 -0.00340756665665049
         713,3057.77573228947,            1.0003112423525,                 -0.00263239800619078
         714,3057.77483768421,           1.00003870118813,                 -0.00185765703007082
         715,3057.77394307895,           1.00007583366736,                   -0.001238100691634
         716,3057.77304847368,          0.999956678342885,                 -0.00123776163186494
         717,3057.77215386842,           1.00014849096061,                 -0.00123742467177311
         718,3057.77125926316,           1.00003247360746,                -0.000773181130050612
         719,3057.77036465789,          0.999914973216563,                -0.000618376606812964
         720,3057.76947005263,          0.999797536748626,                -0.000618208401143067
         721,3057.76857544737,          0.999836219070899,                                    0
         722, 3057.7676808421,           1.00002780429484,                 0.000772341523242846
         723,3057.76678623684,           1.00022082998099,                  0.00231639840199396
         724,3057.76589163158,          0.999796212013611,                  0.00385962095434532
         725,3057.76499702632,          0.999834852841534,                  0.00509332357884696
         726,3057.76410242105,          0.999873472801281,                  0.00509194824111764
         727,3057.76320781579,           0.99960509428374,                  0.00493632145325304
         728,3057.76231321053,          0.999643755465115,                  0.00478077081447371
         729,3057.76141860526,          0.999683937064932,                  0.00416278012041227
         730,     3057.760524,          0.999568420728136,                  0.00400752181016677
         731,3057.75962939474,          0.999762695044641,                  0.00416054142512412
         732,3057.75873478947,          0.999494706745049,                  0.00446753182731295
         733,3057.75784018421,          0.999534885153596,                  0.00492836923342297
         734,3057.75694557895,          0.999576581084722,                  0.00554293852727203
         735,3057.75605097368,          0.999616716103619,                  0.00523359537227026
         736,3057.75515636842,          0.999658367983848,                  0.00523220204917654
         737,3057.75426176316,          0.999390765481634,                  0.00430771881673118
         738,3057.75336715789,          0.999586261418185,                  0.00307612328486901
         739,3057.75247255263,          0.999627888095802,                  0.00184518299602363
         740,3057.75157794737,           0.99966949263276,                 0.000307448713711444
         741,3057.75068334211,          0.999864758532507,                -0.000614733943149405
         742,3057.74978873684,          0.999752635355322,                 -0.00107549845512329
         743,3057.74889413158,          0.999795709280482,                 -0.00122881635800336
         744,3057.74799952632,          0.999683663848306,                 -0.00122848990949101
         745,3057.74710492105,          0.999880253861813,                -0.000767603449916945
         746,3057.74621031579,          0.999768245310037,                -0.000306959854255461
         747,3057.74531571053,          0.999504390669042,                                    0
         748,3057.74442110526,          0.999700872072957,                 0.000766994684726835
         749,    3057.7435265,          0.999743891348588,                 0.000920150843394927
         750,3057.74263189474,          0.999940205967444,                  0.00122654425754976
         751,3057.74173728947,          0.999678116521819,                 0.000766389233764044
         752,3057.74084268421,          0.999874345293005,                 0.000459712342663451
         753,3057.73994807895,            0.9999188054287,                -0.000306394608680466
         754,3057.73905347368,           0.99965539686794,                 -0.00137841252823831
         755,3057.73815886842,           1.00000612467386,                 -0.00260298639097468
         756,3057.73726426316,          0.999897438566467,                 -0.00397999592815801
         757,3057.73636965789,          0.999788809343809,                  -0.0050502113436929
         758,3057.73547505263,          0.999833233630504,                 -0.00566087676271288
         759,3057.73458044737,          0.999724678026247,                 -0.00535348282296797
         760, 3057.7336858421,          0.999923541555165,                 -0.00474042357978439
         761,3057.73279123684,          0.999967895848016,                 -0.00382192285525155
         762,3057.73189663158,          0.999860918154155,                 -0.00275106947825967
         763,3057.73100202632,          0.999905265699154,                  -0.0016807698537119
         764,3057.73010742105,          0.999798359994623,                -0.000763787899155556
         765,3057.72921281579,          0.999844227720746,                 0.000305435841674277
         766,3057.72831821053,           0.99973739335422,                 0.000916069694582364
         767,3057.72742360526,           0.99993589176087,                 0.000915831987569107
         768,     3057.726529,          0.999676489977293,                 0.000457797201943502
         769,3057.72563709091,          0.999876426624113,                -0.000152559723317686
         770,3057.72474518182,          0.999769694547862,                 -0.00122016133583263
         771,3057.72385327273,          0.999967979067459,                  -0.0021347288360696
         772,3057.72296136364,          0.999862802786628,                 -0.00320126831201695
         773,3057.72206945455,           1.00006248485504,                 -0.00335284588034303
         774,3057.72117754545,             0.999804975561,                 -0.00380907107421899
         775,3057.72028563636,           1.00000304646777,                 -0.00350343793888176
         776,3057.71939372727,          0.999745685408281,                 -0.00335025210647101
         777,3057.71850181818,           0.99994671416718,                 -0.00304490473254318
         778,3057.71760990909,          0.999993911757006,                 -0.00289191542212833
         779,     3057.716718,           1.00004108507197,                 -0.00319550559746064
         780,3057.71582609091,          0.999937627502316,                 -0.00380320107828357
         781,3057.71493418182,          0.999832702164226,                 -0.00486684613161777
         782,3057.71404227273,            1.0000334510201,                  -0.0062340537466663
         783,3057.71315036364,          0.999776543786017,                 -0.00699250737633523
         784,3057.71225845455,           1.00012917638656,                 -0.00775058319339225
         785,3057.71136654545,          0.999873895254055,                  -0.0077486048712896
         786,3057.71047463636,          0.999770639066395,                 -0.00729094358480507
         787,3057.70958272727,          0.999819291470709,                 -0.00683351581351487
         788,3057.70869081818,          0.999867919057155,                 -0.00607268702737416
         789,3057.70779890909,          0.999916521844715,                 -0.00516046778122652
         790,     3057.706907,          0.999966617199426,                 -0.00455220007829784
         791,3057.70601509091,          0.999711767472201,                 -0.00409593592135803
         792,3057.70512318182,          0.999913552142466,                 -0.00333658397499382
         793,3057.70423127273,          0.999658845381145,                 -0.00288086122588226
         794,3057.70333936364,          0.999708955088132,                 -0.00212220248237056
         795,3057.70244745455,          0.999607491903573,                 -0.00136392774820075
         796,3057.70155554545,          0.999809098429456,                 -0.00136358264674422
         797,3057.70066363636,          0.999404719528986,                 -0.00121176686211456
         798,3057.69977172727,          0.999606275364952,                 -0.00151432551941365
         799,3057.69887981818,          0.999656335017342,                 -0.00181673118585614
         800,3057.69798790909,          0.999706369363124,                 -0.00242169597423315
         801,     3057.697096,          0.999757891232636,                 -0.00226976969403505
         802,3057.69620409091,          0.999505315214053,                 -0.00287431527002679
         803,3057.69531218182,          0.999404108325242,                 -0.00272234775270193
         804,3057.69442027273,          0.999606870690698,                 -0.00151203580500786
         805,3057.69352836364,          0.999356034381113,                 0.000151165638236441
         806,3057.69263645455,          0.999557196464221,                  0.00272029475904989
         807,3057.69174454545,          0.999457588398737,                  0.00513704580582873
         808,3057.69085263636,          0.999509081983309,                  0.00709942977984215
         809,3057.68996072727,          0.999258522088038,                  0.00845677455598158
         810,3057.68906881818,          0.999461015736227,                  0.00905855905501112
         811,3057.68817690909,          0.999361531599658,                  0.00966004199099503
         812,     3057.687285,          0.999262097303562,                  0.00935582150903365
         813,3057.68639309091,          0.999164220175182,                  0.00859917870300247
         814,3057.68550118182,          0.999064884920515,                  0.00708877560254593
         815,3057.68460927273,           0.99926717391501,                  0.00497597958943645
         816,3057.68371736364,          0.999169368856005,                  0.00316574483192156
         817,3057.68282545454,          0.999220818758223,                  0.00120569631222712
         818,3057.68193354545,          0.999273748572359,                                    0
         819,3057.68104163636,          0.999477289194649,                 -0.00090382271818657
         820,3057.68014972727,          0.999228929597658,                 -0.00135539719161702
         821,3057.67925781818,          0.999582942498762,                 -0.00165618502296827
         822,3057.67836590909,          0.999634225091557,                 -0.00150524653680403
         823,     3057.677474,          0.999536499184359,                 -0.00135438550024981
         824,3057.67658209091,          0.999440325453758,                 -0.00090270088103606
         825,3057.67569018182,          0.999493108837204,                -0.000601651231805691
         826,3057.67479827273,          0.999395490539878,                -0.000451126462777556
         827,3057.67390636364,          0.999297920672553,                -0.000902029114493052
         828,3057.67301445454,          0.999352202136981,                -0.000601204513242281
         829,3057.67212254545,          0.999254691237814,                -0.000300527726688064
         830,3057.67123063636,          0.999307455296314,                 0.000150226616851521
         831,3057.67033872727,           0.99936169413885,                 0.000750948071940825
         832,3057.66944681818,          0.999415906268722,                  0.00120122104118837
         833,3057.66855490909,          0.999318475907973,                  0.00105080807140691
         834,     3057.667663,          0.999072514925306,                 0.000750392455254098
         835,3057.66677109091,          0.999126758111997,                 0.000600166246050156
         836,3057.66587918182,          0.999030969960069,                 0.000300009300288309
         837,3057.66498727273,          0.999235164439645,                 0.000299935513864519
         838,3057.66409536364,          0.999439258501831,                 0.000299861763726922
         839,3057.66320345455,          0.999193570145907,                 0.000299788049848757
         840,3057.66231154545,          0.999397574111871,                                    0
         841,3057.66141963636,           0.99930183709732,                 0.000149820365381907
         842,3057.66052772727,          0.999206147117415,                 0.000898701376510942
         843,3057.65963581818,          0.999260250915702,                 0.000898480669188403
         844,3057.65874390909,          0.999315824222218,                 0.000898261415031207
         845,     3057.657852,          0.999070527643945,                 0.000449020461862447
         846,3057.65696009091,           0.99942539399417,                -0.000448910942054576
         847,3057.65606818182,          0.999180190530901,                -0.000748001340418402
         848,3057.65517627273,          0.999235728996382,                -0.000897382783113051
         849,3057.65428436364,          0.999289746177713,                -0.000448581361444432
         850,3057.65339245455,          0.999195740113433,                 0.000298981370470806
         851,3057.65250054546,          0.998952325583133,                  0.00059781707096537
         852,3057.65160863636,          0.999306701092543,                   0.0011953429438906
         853,3057.65071672727,          0.999063378083047,                  0.00209134080340351
         854,3057.64982481818,          0.998968026750658,                  0.00298689797204562
         855,3057.64893290909,          0.999172830621392,                  0.00358340525028593
         856,     3057.648041,          0.999228262605666,                  0.00388107780516094
         857,3057.64714909091,          0.999134431709647,                  0.00388013371537727
         858,3057.64625718182,          0.998892937177915,                  0.00328239650753012
         859,3057.64536527273,          0.999097560429889,                  0.00223745347961307
         860,3057.64447336364,          0.999152956896243,                  0.00104389114899607
         861,3057.64358145455,          0.999208326437871,                 0.000149091066314215
         862,3057.64268954545,          0.999263669074399,                                    0
         863,3057.64179763636,          0.999022436279535,                -0.000298037719653799
         864,3057.64090572727,          0.999226779933226,                 -0.00029796534365088
         865,3057.64001381818,          0.999134619537937,                                    0
         866,3057.63912190909,          0.999041015927475,                  0.00014891057026792
         867,      3057.63823,          0.999097819581781,                 0.000744373282358651
         868,3057.63733809091,          0.999450785793064,                  0.00133954684618579
         869,3057.63644618182,          0.999358660537981,                  0.00119042127520903
         870,3057.63555427273,           0.99941534648531,                 0.000743833988155188
         871,3057.63466236364,          0.999321787862382,                 0.000148730731933678
         872,3057.63377045455,           0.99922976039303,                -0.000743474524101957
         873,3057.63287854545,          0.999435095439139,                 -0.00104061366474401
         874,3057.63198663636,          0.999491708305962,                 -0.00148623302350329
         875,3057.63109472727,          0.999548293918015,                 -0.00178305032362363
         876,3057.63020281818,          0.999307748757365,                 -0.00163406945686502
         877,3057.62931090909,          0.999661383456503,                 -0.00133664425064753
         878,     3057.628419,          0.999569407118146,                -0.000593921216350651
         879,3057.62752709091,          0.999477475016774,                 0.000148444597507318
         880,3057.62663518182,          0.999682404936674,                 0.000742044540481498
         881,3057.62574327273,          0.999442116633233,                  0.00118698588673781
         882,3057.62485136364,          0.999498618977123,                  0.00163171338806001
         883,3057.62395945455,          0.999704878696246,                   0.0019279281149757
         884,3057.62306754545,          0.999613024326092,                  0.00192746504245612
         885,3057.62217563636,          0.999521214070674,                  0.00207523313020754
         886,3057.62128372727,          0.999430929008394,                  0.00177834684876938
         887,3057.62039181818,          0.999635526397667,                  0.00162976001043046
         888,3057.61949990909,          0.999395652251195,                  0.00177749337883716
         889,     3057.618608,          0.999749729367111,                   0.0017770695826404
         890,3057.61771609091,          0.999509942540393,                  0.00222080419761604
         891,3057.61682418182,          0.999863823135857,                  0.00251631162003102
         892,3057.61593227273,          0.999773585910828,                    0.002367729037089
         893,3057.61504036364,          0.999681912666534,                  0.00147947596961156
         894,3057.61414845455,          0.999591761872926,                 0.000147912364882055
         895,3057.61325654545,          0.999797408305076,                -0.000591508598316862
         896,3057.61236463636,          0.999853636684856,                 -0.00118273385974846
         897,3057.61147272727,          0.999763509518742,                 -0.00147806550786331
         898,3057.61058081818,          0.999821196623128,                 -0.00147771385844388
         899,3057.60968890909,          0.999731120047512,                 -0.00162509861393862
         900,     3057.608797,          0.999788787418229,                 -0.00177241327360301
         901,3057.60790509091,          0.999698761377665,                  -0.0017719918960904
         902,3057.60701318182,          0.999607302403723,                 -0.00206682945409129
         903,3057.60612127273,           0.99981255359565,                  -0.0020663383156686
         904,3057.60522936364,          0.999722586204861,                 -0.00221340793993696
         905,3057.60433745455,          0.999927712514144,                 -0.00221288222008146
         906,3057.60344554545,          0.999691744504866,                 -0.00206486934539217
         907,3057.60255363636,          0.999749325390389,                 -0.00162201217983691
         908,3057.60166172727,          0.999806878942581,                   -0.001326785890664
         909,3057.60076981818,          0.999569633835034,                -0.000442157018800516
         910,3057.59987790909,          0.999627202708895,                 0.000589402831785905
         911,     3057.598986,          0.999537428515028,                 0.000883894557271948
         912,3057.59809409091,          0.999449168893065,                  0.00132552940171494
         913,3057.59720218182,          0.999801217725489,                  0.00103072290487164
         914,3057.59631027273,          0.999417043527417,                 0.000736056152251743
         915,3057.59541836364,          0.999474580437026,                 0.000294352696344287
         916,3057.59452645455,          0.999386419115472,                                    0
         917,3057.59363454545,          0.999296829258964,                -0.000147106849589131
         918,3057.59274263636,          0.999649968085325,                                    0
         919,3057.59185072727,          0.999560358124332,                 0.000147037416611405
         920,3057.59095881818,          0.999617793196719,                -0.000147002616646576
         921,3057.59006690909,          0.999382734193586,                -0.000146968049146116
         922,     3057.589175,          0.999440184195562,                 -0.00102853297403248
         923,3057.58828309091,          0.999499075272387,                 -0.00161588621810645
         924,3057.58739118182,          0.999411074444009,                 -0.00176237074112096
         925,3057.58649927273,          0.999468477172416,                 -0.00146829510382315
         926,3057.58560736364,          0.999380524997725,                 -0.00102756516965101
         927,3057.58471545455,          0.999437907902017,                -0.000587041355595898
         928,3057.58382354545,           0.99920327844318,                -0.000733629426169735
         929,3057.58293163636,          0.999262142017858,                -0.000586765790967621
         930,3057.58203972727,          0.999466169206763,                -0.000439970433986836
         931,3057.58114781818,          0.999378320997502,                  -0.0004398672187489
         932,3057.58025590909,          0.999143925978915,                -0.000586352069236452
         933,     3057.579364,          0.999056194529446,                -0.000439660933488094
         934,3057.57847209091,          0.999113559607622,                -0.000732595365601717
         935,3057.57758018182,          0.999025876528019,                 -0.00102539312840119
         936,3057.57668827273,          0.998938234540329,                 -0.00146450408230513
         937,3057.57579636364,          0.998997049715587,                 -0.00161057709905781
         938,3057.57490445454,          0.999055837340535,                 -0.00175658169202731
         939,3057.57401254545,          0.998821902371562,                 -0.00175617037779615
         940,3057.57312063636,          0.999025555038583,                 -0.00190206974450814
         941,3057.57222872727,          0.998938015815665,                 -0.00175534575923092
         942,3057.57133681818,          0.998996762144882,                 -0.00116995668235384
         943,3057.57044490909,          0.998909270614932,                -0.000877262240001404
         944,     3057.569553,          0.998821820010349,                -0.000877057064256124
         945,3057.56866109091,          0.998880552299837,                 -0.00116913597928291
         946,3057.56776918182,          0.998647041462481,                 -0.00175329400110458
         947,3057.56687727273,          0.998851860832679,                 -0.00233717896655789
         948,3057.56598536364,          0.998764505378637,                 -0.00262871196034734
         949,3057.56509345454,          0.998677190738583,                 -0.00350413049381959
         950,3057.56420154546,          0.998735888220989,                 -0.00423316877497935
         951,3057.56330963636,          0.998502683786079,                  -0.0046699920902009
         952,3057.56241772727,          0.998707297785482,                 -0.00423119235000423
         953,3057.56152581818,          0.998767404036205,                 -0.00379260296552378
         954,3057.56063390909,           0.99838851984454,                 -0.00306254147191577
         955,     3057.559742,          0.998301415001494,                 -0.00291602574850736
         956,3057.55885009091,          0.998360118071499,                  -0.0024780438030684
         957,3057.55795818182,           0.99812732717853,                  -0.0026231992829922
         958,3057.55706627273,          0.998186043462107,                 -0.00320538504687876
         959,3057.55617436364,          0.998246186475243,                  -0.0030589770780651
         960,3057.55528245454,          0.998159216152296,                 -0.00320389593745995
         961,3057.55439054546,          0.998072286349924,                 -0.00305755186190349
         962,3057.55349863636,          0.998130960837516,                 -0.00276571215632387
         963,3057.55260672727,          0.998044078097167,                 -0.00218294855226852
         964,3057.55171481818,           0.99795868779854,                 -0.00218244355109755
         965,3057.55082290909,          0.997871885468745,                 -0.00218193560962554
         966,     3057.549931,          0.997785123534262,                  -0.0020359993775659
         967,3057.54903909091,          0.997845247476671,                 -0.00218092360660791
         968,3057.54814718182,          0.997758531969265,                 -0.00145361091487364
         969,3057.54725527273,          0.997671856788674,                -0.000435981874780192
         970,3057.54636336364,          0.997877258772472,                 0.000581174874066669
         971,3057.54547145454,          0.997790596161361,                  0.00174311939932105
         972,3057.54457954546,           0.99770397382443,                  0.00246884535007501
         973,3057.54368763636,          0.997473647530273,                  0.00348462409617563
         974,3057.54279572727,          0.997677456815213,                  0.00362897372623022
         975,3057.54190381818,          0.997445795721708,                  0.00391838156328912
         976,3057.54101190909,          0.997215689062548,                  0.00377238584542794
         977,      3057.54012,           0.99741941660538,                  0.00362645221278861
         978,3057.53922809091,          0.997333000743975,                  0.00304551301666766
         979,3057.53833618182,          0.997248070894798,                  0.00304481091724204
         980,3057.53744427273,          0.997306692101853,                  0.00275418999272314
         981,3057.53655236364,          0.997366731544295,                  0.00304340327846995
         982,3057.53566045454,          0.997135517410751,                  0.00347736884886051
         983,3057.53476854546,          0.997338980816616,                  0.00376627647076718
         984,3057.53387663636,          0.997254147743072,                     0.00391023264436
         985,3057.53298472727,          0.997023120048186,                  0.00361974702312005
         986,3057.53209281818,          0.996938398847738,                  0.00318464422457532
         987,3057.53120090909,          0.997286443069576,                  0.00246029161691812
         988,     3057.530309,          0.996912320910272,                  0.00202565638501362
         989,3057.52941709091,          0.997260210561642,                  0.00216984380017764
         990,3057.52852518182,           0.99703089002434,                    0.002169344843395
         991,3057.52763327273,          0.996944823188691,                  0.00216884298010593
         992,3057.52674136364,          0.997149349785768,                  0.00202378818454635
         993,3057.52584945455,          0.997063295237104,                  0.00202332021065654
         994,3057.52495754545,          0.997123210676053,                  0.00144489669711064
         995,3057.52406563636,          0.996892745550386,                 0.000722281369040998
         996,3057.52317372727,          0.996951232721606,                 0.000288845786678721
         997,3057.52228181818,          0.996866742711928,                 -0.00028877947355502
         998,3057.52138990909,          0.996780852568822,                 -0.00086613832229007
         999,     3057.520498,          0.996985087077439,                 -0.00129890934911653
        1000,3057.51960609091,          0.996899209146828,                 -0.00158718936179116
        1001,3057.51871418182,          0.996814808830827,                 -0.00158682531072925
        1002,3057.51782227273,          0.996873233261414,                 -0.00201912981274013
        1003,3057.51693036364,           0.99693306821508,                 -0.00201866690121654
        1004,3057.51603845455,          0.996847281266623,                 -0.00172988682215466
        1005,3057.51514654545,           0.99661884625695,                 -0.00144124200470998
        1006,3057.51425463636,          0.996677262156235,                -0.000864545839661329
        1007,3057.51336272727,           0.99673708700381,                -0.000720289844633481
        1008,3057.51247081818,          0.996507399272675,                -0.000144024772260829
        1009,3057.51157890909,          0.996711227328491,                 0.000287983596454346
        1010,     3057.510687,          0.996625609664807,                 0.000575834528189979
        1011,3057.50979509091,          0.996685391398713,                 0.000575702753154491
        1012,3057.50890318182,          0.996599818983169,                 0.000431677657659473
        1013,3057.50801127272,          0.996371859903729,                -0.000143859639027394
        1014,3057.50711936364,                          1,                                    0
        1015,3057.50622745455,                          1,                                    0
        1016,3057.50533554545,                          1,                                    0
        1017,3057.50444363636,                          1,                                    0
        1018,3057.50355172727,                          1,                                    0
        1019,3057.50265981818,                          1,                                    0
        1020,3057.50176790909,                          1,                                    0
        1021,     3057.500876,                          1,                                    0
        1022,3057.49998409091,                          1,                                    0
        1023,3057.49909218182,                          1,                                    0
