"SCAN INDEX",      WAVENUMBER,"SCIENCE DIRECT ABSORPTION","SCIENCE HARMONIC ABSORPTION SPECTRA"
           0,3058.41469805405,                          1,                                    0
           1,3058.41377927027,                          1,                                    0
           2,3058.41286048648,                          1,                                    0
           3, 3058.4119417027,                          1,                                    0
           4,3058.41102291891,                          1,                                    0
           5,3058.41010413513,                          1,                                    0
           6,3058.40918535135,                          1,                                    0
           7,3058.40826656757,                          1,                                    0
           8,3058.40734778377,                          1,                                    0
           9,     3058.406429,                          1,                                    0
          10,3058.40551021621,                          1,                                    0
          11,3058.40459143243,                          1,                                    0
          12,3058.40367264864,                          1,                                    0
          13,3058.40275386486,                          1,                                    0
          14,3058.40183508107,                          1,                                    0
          15,3058.40091629729,                          1,                                    0
          16,3058.39999751351,                          1,                                    0
          17,3058.39907872973,                          1,                                    0
          18,3058.39815994594,                          1,                                    0
          19,3058.39724116216,                          1,                                    0
          20,3058.39632237837,                          1,                                    0
          21,3058.39540359459,                          1,                                    0
          22,3058.39448481081,                          1,                                    0
          23,3058.39356602702,                          1,                                    0
          24,3058.39264724324,                          1,                                    0
          25,3058.39172845946,                          1,                                    0
          26,3058.39080967567,                          1,                                    0
          27,3058.38989089189,                          1,                                    0
          28,3058.38897210811,                          1,                                    0
          29,3058.38805332432,                          1,                                    0
          30,3058.38713454054,                          1,                                    0
          31,3058.38621575675,                          1,                                    0
          32,3058.38529697297,                          1,                                    0
          33,3058.38437818918,                          1,                                    0
          34, 3058.3834594054,                          1,                                    0
          35,3058.38254062161,                          1,                                    0
          36,3058.38162183783,                          1,                                    0
          37,3058.38070305405,                          1,                                    0
          38,3058.37978427027,                          1,                                    0
          39,3058.37886548648,                          1,                                    0
          40, 3058.3779467027,                          1,                                    0
          41,3058.37702791892,                          1,                                    0
          42,3058.37610913513,                          1,                                    0
          43,3058.37519035135,                          1,                                    0
          44,3058.37427156757,                          1,                                    0
          45,3058.37335278378,                          1,                                    0
          46,     3058.372434,                          1,                                    0
          47,3058.37151521621,                          1,                                    0
          48,3058.37059643243,                          1,                                    0
          49,3058.36967764864,                          1,                                    0
          50,3058.36875886486,                          1,                                    0
          51,3058.36784008107,                          1,                                    0
          52,3058.36692129729,                          1,                                    0
          53, 3058.3660025135,                          1,                                    0
          54,3058.36508372972,                          1,                                    0
          55,3058.36416494595,                          1,                                    0
          56,3058.36324616216,                          1,                                    0
          57,3058.36232737837,                          1,                                    0
          58,3058.36140859459,                          1,                                    0
          59,3058.36048981081,                          1,                                    0
          60,3058.35957102702,                          1,                                    0
          61,3058.35865224324,                          1,                                    0
          62,3058.35773345945,                          1,                                    0
          63,3058.35681467567,                          1,                                    0
          64,3058.35589589189,                          1,                                    0
          65, 3058.3549771081,                          1,                                    0
          66,3058.35405832432,                          1,                                    0
          67,3058.35313954054,                          1,                                    0
          68,3058.35222075675,                          1,                                    0
          69,3058.35130197297,                          1,                                    0
          70,3058.35038318919,                          1,                                    0
          71,3058.34946440541,                          1,                                    0
          72,3058.34854562161,                          1,                                    0
          73,3058.34762683784,                          1,                                    0
          74,3058.34670805405,                          1,                                    0
          75,3058.34578927026,                          1,                                    0
          76,3058.34487048648,          0.989543112007691,                 -0.00118201446785709
          77, 3058.3439517027,          0.992762012774772,                -0.000196898455528515
          78,3058.34303291892,          0.995385175491248,                  0.00157435377697311
          79,3058.34211413513,          0.997417453920336,                  0.00255697631649859
          80,3058.34119535134,           0.99787293436764,                  0.00353855650484979
          81,3058.34027656756,          0.997936928971412,                  0.00432262501228018
          82,3058.33935778379,          0.997215338028114,                  0.00392759093354909
          83,     3058.338439,          0.996296274487867,                   0.0029441379269736
          84,3058.33752021621,          0.995576306264774,                  0.00215789938303695
          85,3058.33660143243,          0.994463005662479,                  0.00137248443210516
          86,3058.33568264865,          0.993744757903318,                 0.000391932462198114
          87,3058.33476386486,           0.99341899091194,                -0.000195863365716076
          88,3058.33384508108,          0.992895861433082,                -0.000783040900183819
          89,3058.33292629729,           0.99315785457555,                -0.000586972727290514
          90,3058.33200751351,          0.993026521121858,                 0.000391109303316998
          91,3058.33108872973,          0.993288170840875,                  0.00136816552457421
          92,3058.33016994594,          0.993354196701712,                  0.00195349891190111
          93,3058.32925116215,          0.993613461129193,                  0.00273346206638017
          94,3058.32833237837,          0.993484102498053,                   0.0037077583868519
          95,3058.32741359459,          0.993938070012561,                    0.003900855847773
          96,3058.32649481081,           0.99380867720907,                  0.00428869966626119
          97,3058.32557602703,          0.993679419535348,                   0.0040916211392632
          98,3058.32465724323,          0.993937836043099,                   0.0050631629578998
          99,3058.32373845945,          0.994003281553814,                  0.00506052189551579
         100,3058.32281967568,          0.993679590856125,                  0.00466881561874452
         101,3058.32190089189,          0.993743170567625,                   0.0048608059605147
         102, 3058.3209821081,          0.993614284104115,                  0.00485827441865888
         103,3058.32006332432,          0.993677831622496,                  0.00504996552427382
         104,3058.31914454054,          0.993743241905331,                  0.00562972338645333
         105,3058.31822575675,          0.993808584162316,                  0.00620887830792544
         106,3058.31730697297,          0.993871931117403,                  0.00775704921847729
         107,3058.31638818918,          0.993743313020422,                   0.0081406707912732
         108, 3058.3154694054,          0.994002278204403,                   0.0091050686173469
         109,3058.31455062162,          0.993871801574163,                  0.00948757418218079
         110,3058.31363183784,          0.994130430996279,                  0.00967617705855829
         111,3058.31271305405,          0.994001945837629,                  0.00967116117763795
         112,3058.31179427027,          0.994066916826642,                  0.00947282748434567
         113,3058.31087548648,          0.994323122166875,                  0.00927468127944228
         114, 3058.3099567027,          0.994387859545853,                  0.00888363595632341
         115,3058.30903791892,          0.994452529947459,                   0.0075278821172265
         116,3058.30811913513,          0.994708137275896,                  0.00636644075448111
         117,3058.30720035134,          0.994579752454152,                   0.0050133915400946
         118,3058.30628156757,          0.994836946571359,                  0.00346901686134918
         119,3058.30536278378,          0.994901251475979,                  0.00250410769974593
         120,3058.30444399999,           0.99515609838742,                  0.00115514346881883
         121,3058.30352521621,          0.995027747631253,                 0.000769698509093988
         122,3058.30260643244,          0.995284180078161,                 0.000769301781702926
         123,3058.30168764865,          0.995348121948406,                 0.000576679097304986
         124,3058.30076886486,          0.995411997971135,                  0.00134489171700404
         125,3058.29985008107,          0.995475808248009,                   0.0019202851239352
         126,3058.29893129729,          0.995729571517681,                  0.00230315243990212
         127,3058.29801251351,          0.995793152795069,                  0.00268562977058967
         128,3058.29709372972,          0.996048400858193,                  0.00249251765373561
         129,3058.29617494595,          0.995728485768326,                  0.00229960389322939
         130,3058.29525616216,          0.995983504980875,                  0.00172381760477459
         131,3058.29433737837,          0.996238262517588,                  0.00114862213203411
         132,3058.29341859459,          0.996110081070273,                   0.0015307108429816
         133,3058.29249981081,          0.996364512594162,                  0.00152992631492386
         134,3058.29158102702,          0.996427540622629,                  0.00172028541446454
         135,3058.29066224323,          0.996490504110332,                  0.00133731471027077
         136,3058.28974345946,          0.996744350349911,                  0.00114568316132174
         137,3058.28882467568,          0.996807087388091,                 0.000954247642531199
         138,3058.28790589188,          0.997060512245322,                 0.000572255889943747
         139,3058.28698710811,          0.997123023627812,                 0.000381308995651171
         140,3058.28606832432,           0.99699491403015,                -0.000381114263772993
         141,3058.28514954054,          0.997057395080422,                -0.000761839461379501
         142,3058.28423075676,          0.997310175076573,                -0.000190362698048592
         143,3058.28331197297,          0.997182166021983,                                    0
         144,3058.28239318918,          0.997624793429292,                 0.000570505981755219
         145, 3058.2814744054,          0.997686826314299,                 0.000760287160460506
         146,3058.28055562162,          0.997748796033322,                 0.000189975018285095
         147,3058.27963683783,          0.997812597312836,                -0.000189878705482937
         148,3058.27871805405,          0.997874440142716,                -0.000759128520458514
         149,3058.27779927028,          0.997936220096057,                 -0.00132779957055168
         150,3058.27688048648,          0.998187526542498,                 -0.00132712491658072
         151, 3058.2759617027,          0.997871989661243,                  -0.0022739202195091
         152,3058.27504291892,           0.99850186840306,                 -0.00246216318081179
         153,3058.27412413513,          0.998373903710112,                 -0.00283951622215618
         154,3058.27320535135,          0.998437162977791,                 -0.00359490356198181
         155,3058.27228656756,          0.998876689221133,                 -0.00378219117463511
         156,3058.27136778378,          0.998750616658571,                 -0.00415831066738996
         157,     3058.270449,          0.998622784695341,                 -0.00510079742466406
         158,3058.26953021622,          0.999063437035023,                 -0.00604234170952953
         159,3058.26861143243,          0.998935575921368,                 -0.00717165159361647
         160,3058.26769264865,          0.998998360782523,                  -0.0071680395977598
         161,3058.26677386486,           0.99905919882956,                 -0.00754149234821333
         162,3058.26585508108,          0.998933415745497,                 -0.00678392812051271
         163, 3058.2649362973,          0.999184454535695,                 -0.00546208278634027
         164,3058.26401751351,          0.999245106842796,                 -0.00414155846845168
         165,3058.26309872972,          0.999119420172052,                  -0.0030105293263188
         166,3058.26217994594,           0.99936998692958,                 -0.00244482684043744
         167,3058.26126116216,          0.999432332961154,                 -0.00206766139976917
         168,3058.26034237837,          0.999304864072745,                 -0.00150299659947019
         169,3058.25942359459,          0.999179399741239,                 -0.00131446265705482
         170,3058.25850481081,          0.999241747434329,                -0.000938431393157709
         171,3058.25758602702,           0.99930403267107,                -0.000750369087795059
         172,3058.25666724324,          0.999553753904653,                -0.000562495078168066
         173,3058.25574845945,          0.999428416150523,                -0.000374809081624048
         174,3058.25482967567,          0.999490514580274,                 0.000187310816075763
         175,3058.25391089189,           0.99974163980095,                 0.000187217535543249
         176,3058.25299210811,           0.99961639580468,                 0.000561371993151262
         177,3058.25207332431,          0.999678307448305,                 0.000748122213244756
         178,3058.25115454054,          0.999553220086776,                 0.000560811606557009
         179,3058.25023575675,          0.999615101474946,                 0.000373687888401849
         180,3058.24931697297,           0.99967878805988,                                    0
         181,3058.24839818919,          0.999740545302843,                -0.000373316111016745
         182, 3058.2474794054,          0.999430975457319,                 -0.00111939254298001
         183,3058.24656062161,          0.999679267237521,                  -0.0007458901452994
         184,3058.24564183784,          0.999742795477674,                 -0.00130466062049659
         185,3058.24472305406,          0.999618110859623,                 -0.00167658646994719
         186,3058.24380427027,          0.999681606342551,                 -0.00223434145578518
         187,3058.24288548648,          0.999745038960652,                 -0.00260544127800617
         188, 3058.2419667027,           0.99962053853766,                 -0.00297616833208086
         189,3058.24104791892,           0.99968393849815,                 -0.00390428914049863
         190,3058.24012913513,          0.999561449150401,                 -0.00483149241084038
         191,3058.23921035135,          0.999624815658188,                 -0.00445763574429515
         192,3058.23829156756,           1.00005940579355,                  -0.0042697914114074
         193,3058.23737278378,          0.999751361020088,                 -0.00371102955092831
         194,     3058.236454,          0.999814540059347,                 -0.00241097922848665
         195,3058.23553521621,          0.999506919805882,                 -0.00185368494029281
         196,3058.23461643243,          0.999570157040902,                 -0.00111166282525402
         197,3058.23369764865,          0.999635183158425,                  -0.0012963034979824
         198,3058.23277886486,          0.999698295089614,                 -0.00185095037046772
         199,3058.23186008108,          0.999576340954879,                 -0.00222004739801195
         200,3058.23094129729,          0.999826181503493,                 -0.00295861270650192
         201,3058.23002251351,          0.999519461797213,                  -0.0040660924851218
         202,3058.22910372973,          0.999953817023045,                 -0.00461829769546945
         203,3058.22818494595,          0.999462694173278,                 -0.00516995297189207
         204,3058.22726616215,          0.999158448000945,                 -0.00442922104765842
         205,3058.22634737838,          0.999592341931045,                 -0.00350475262902562
         206,3058.22542859459,            0.9996570707946,                 -0.00258118756752571
         207,3058.22450981081,          0.999353175429512,                 -0.00128996353088818
         208,3058.22359102702,          0.999784497446203,                 0.000184190216920818
         209,3058.22267224324,          0.999296736637076,                  0.00165690321107842
         210,3058.22175345945,          0.999547333129695,                  0.00276016384332574
         211,3058.22083467567,          0.999244083713591,                  0.00349450351381524
         212,3058.21991589189,          0.998941129755724,                    0.004595790990779
         213, 3058.2189971081,          0.999373439340292,                  0.00587974812628964
         214,3058.21807832432,          0.999439858219851,                  0.00624420345084067
         215,3058.21715954054,          0.999137250582815,                  0.00605760229087505
         216,3058.21624075675,           0.99938719419339,                  0.00568771856434644
         217,3058.21532197297,          0.999084905712279,                  0.00531818323525259
         218,3058.21440318918,          0.999151335409476,                  0.00439912530725141
         219, 3058.2134844054,          0.999217700846605,                  0.00311453995496742
         220,3058.21256562162,          0.999099052906836,                  0.00183119327878819
         221,3058.21164683784,          0.999165379349728,                  0.00128121591050524
         222,3058.21072805405,          0.999048699279207,                  0.00091471223153196
         223,3058.20980927027,          0.998932131859773,                  0.00146283306880435
         224,3058.20889048649,           0.99899844283448,                  0.00219319087340171
         225, 3058.2079717027,          0.998701158727172,                  0.00274017146166226
         226,3058.20705291892,          0.998950107271648,                  0.00419957091340667
         227,3058.20613413513,          0.999016313859754,                  0.00474505373773358
         228,3058.20521535135,          0.999084279152575,                  0.00529002083173721
         229,3058.20429656756,          0.999150357542674,                  0.00583445464258496
         230,3058.20337778379,          0.999035953995506,                  0.00564941892992716
         231,3058.20245899999,           0.99873768882299,                  0.00510024717983654
         232,3058.20154021621,          0.998987721572454,                   0.0045516116346476
         233,3058.20062143243,           0.99869158300259,                  0.00345756925602209
         234,3058.19970264865,          0.998759508314205,                  0.00345591525368237
         235,3058.19878386486,          0.999009171976838,                  0.00345426283304093
         236,3058.19786508108,          0.998895164162614,                  0.00345261199183003
         237,3058.19694629729,          0.998962894885492,                  0.00326933311053434
         238,3058.19602751351,          0.999032374603555,                  0.00344932130064829
         239,3058.19510872973,          0.998555605556927,                  0.00326621858986456
         240,3058.19418994594,          0.998987953380562,                  0.00326466651431556
         241,3058.19327116216,          0.999055510939576,                  0.00253797444259736
         242,3058.19235237838,          0.999124814498725,                  0.00199317608985963
         243,3058.19143359459,           0.99901294044137,                  0.00217334214744315
         244,3058.19051481081,          0.998901172505055,                  0.00217231135738685
         245,3058.18959602702,          0.999151390796299,                  0.00217128154464969
         246,3058.18867724324,           0.99903966317678,                  0.00253196149248279
         247,3058.18775845946,           0.99892804138881,                  0.00271153105697288
         248,3058.18683967568,          0.998997208445131,                  0.00325229693471014
         249,3058.18592089189,          0.999427505386326,                  0.00397314873843498
         250, 3058.1850021081,           0.99949817501778,                  0.00379076425417616
         251,3058.18408332433,          0.999025692840647,                  0.00414982678983834
         252,3058.18316454054,          0.998916142621925,                  0.00432821581926813
         253,3058.18224575675,          0.999167210443397,                  0.00450643699460309
         254,3058.18132697297,          0.999057696708064,                  0.00468449055264376
         255,3058.18040818918,          0.999306662344562,                  0.00486236797320295
         256, 3058.1794894054,          0.999198984780711,                  0.00522009918188446
         257,3058.17857062162,           0.99962936708132,                  0.00521764788433374
         258,3058.17765183783,          0.999699676477835,                  0.00503536444349332
         259,3058.17673305405,          0.999230669676881,                  0.00485325203836586
         260,3058.17581427027,          0.999482561607509,                  0.00449165271259891
         261,3058.17489548649,          0.999552841075408,                  0.00323247415367541
         262, 3058.1739767027,          0.999445350909786,                  0.00341046366150969
         263,3058.17305791892,          0.999696789738934,                  0.00269121533490381
         264,3058.17213913513,          0.999768663394479,                   0.0026899605293125
         265,3058.17122035135,            1.0001989643101,                  0.00286795401952718
         266,3058.17030156756,          0.999733046193758,                  0.00322494531030245
         267,3058.16938278378,          0.999804802573024,                  0.00304436353998592
         268,3058.16846399999,            1.0004152734719,                  0.00304295216479197
         269,3058.16754521622,           1.00012881802307,                  0.00250479489308104
         270,3058.16662643243,          0.999844416983943,                  0.00268246579409035
         271,3058.16570764864,           1.00009473640935,                  0.00250247119030042
         272,3058.16478886486,           1.00016794531415,                  0.00250131318942445
         273,3058.16387008108,           1.00041966908646,                  0.00214299107979963
         274,3058.16295129729,           1.00013566002171,                  0.00196350031416005
         275,3058.16203251352,           1.00020874852583,                  0.00196259297784233
         276,3058.16111372972,           1.00064022427467,                  0.00196168997808257
         277,3058.16019494594,           1.00053475935829,                  0.00196078431372549
         278,3058.15927616216,           1.00060756264042,                  0.00195987948522874
         279,3058.15835737837,           1.00068208086309,                  0.00142471198556767
         280,3058.15743859459,           1.00075653063949,                 0.000712028837167905
         281,3058.15651981081,           1.00083091206388,                -0.000177925495478024
         282,3058.15560102702,            1.0007273813737,                 -0.00106706313990443
         283,3058.15468224324,           1.00080170794011,                 -0.00142209834165557
         284,3058.15376345946,           1.00105364716501,                 -0.00177680803543666
         285,3058.15284467567,           1.00112953412046,                 -0.00106559822684455
         286,3058.15192589189,           1.00102605614551,                 -0.00106511018564871
         287,3058.15100710811,           1.00127932375053,                 -0.00124206189371854
         288,3058.15008832433,           1.00117587175017,                 -0.00177356221744937
         289,3058.14916954053,           1.00125156445557,                 -0.00248185586090262
         290,3058.14825075676,           1.00114999353239,                 -0.00265792033681167
         291,3058.14733197297,           1.00122562910905,                  -0.0030109385626842
         292,3058.14641318919,           1.00130296850215,                 -0.00336364151370949
         293, 3058.1454944054,           1.00137846585068,                 -0.00283125206814116
         294,3058.14457562162,           1.00127879273476,                  -0.0022993506987373
         295,3058.14365683783,           1.00135423259564,                 -0.00141434213643451
         296,3058.14273805406,            1.0012546607998,                -0.000530138366113556
         297,3058.14181927027,           1.00150844481812,                 0.000353265765367944
         298,3058.14090048648,           1.00140889333018,                 0.000706212195578405
         299, 3058.1399817027,           1.00148590507855,                 0.000529419861715532
         300,3058.13906291892,           1.00156461397075,                 0.000352787817531085
         301,3058.13814413513,           1.00164148604737,                 0.000176314290802212
         302,3058.13722535135,           1.00154381908414,                                    0
         303,3058.13630656756,           1.00162239575535,                 0.000352311781834452
         304,3058.13538778378,            1.0015248250677,                 0.000704307190624263
         305,     3058.134469,           1.00177933750917,                 0.000703991101552476
         306,3058.13355021621,           1.00168178395761,                 0.000879594120089226
         307,3058.13263143243,           1.00193599777738,                 0.000879199717249371
         308,3058.13171264865,           1.00184022230307,                 0.000351522885018622
         309,3058.13079386486,            1.0017427724136,                 -0.00035136540596759
         310,3058.12987508108,           1.00182277307353,                 -0.00193164776578595
         311, 3058.1289562973,           1.00190270239909,                 -0.00368604708310808
         312,3058.12803751351,           1.00198256048564,                 -0.00456164359527694
         313,3058.12711872972,           1.00206234742838,                 -0.00508572069923399
         314,3058.12619994595,           1.00161618852962,                  -0.0050834563296043
         315,3058.12528116215,           1.00204825040168,                 -0.00490598898605473
         316,3058.12436237837,           1.00195452061704,                 -0.00437840640017934
         317,3058.12344359459,           1.00168406163456,                 -0.00315105087546697
         318,3058.12252481081,           1.00194053799622,                 -0.00244973236673893
         319,3058.12160602703,           1.00167207701349,                 -0.00244864834611295
         320,3058.12068724324,           1.00193008342716,                 -0.00262239596081091
         321,3058.11976845946,           1.00201136218674,                 -0.00332023297550542
         322,3058.11884967567,           1.00174322535118,                 -0.00384278133526171
         323,3058.11793089189,            1.0018262639807,                 -0.00453947069771665
         324,3058.11701210811,           1.00190922957177,                 -0.00436295605979693
         325,3058.11609332432,            1.0016432391698,                 -0.00418659661095004
         326,3058.11517454054,           1.00190057714774,                 -0.00401039214660599
         327,3058.11425575675,            1.0016348241954,                 -0.00348576587504924
         328,3058.11333697297,           1.00171947325235,                 -0.00261318123457134
         329,3058.11241818918,            1.0016281681802,                 -0.00174135634245514
         330, 3058.1114994054,           1.00153868647697,                 -0.00104435733730653
         331,3058.11058062162,           1.00179725001609,                 -0.00104390126781809
         332,3058.10966183784,           1.00153386502683,                -0.000347815198828558
         333,3058.10874305405,           1.00144454159706,                -0.000173831720464687
         334,3058.10782427026,           1.00135703599707,                 0.000347512419225082
         335,3058.10690548649,           1.00144154784028,                 0.000868402313423763
         336, 3058.1059867027,           1.00135411964862,                  0.00121523558209784
         337,3058.10506791892,           1.00126676731393,                  0.00121470838322314
         338,3058.10414913513,           1.00152639977798,                 0.000693818080899188
         339,3058.10323035135,            1.0017858071675,                -0.000173379336650658
         340,3058.10231156757,           1.00152507712038,                -0.000519912654674015
         341,3058.10139278378,           1.00126630738876,                 -0.00138583571956921
         342,     3058.100474,           1.00135233645993,                 -0.00138523581042355
         343,3058.09955521621,           1.00126694451752,                 -0.00173079852120574
         344,3058.09863643243,           1.00135463143818,                 -0.00190305821455078
         345,3058.09771764865,           1.00126931204671,                 -0.00190223876209219
         346,3058.09679886487,           1.00135692246528,                  -0.0019014200150385
         347,3058.09588008108,           1.00127340552178,                 -0.00155504066431337
         348,3058.09496129729,           1.00118996012166,                 -0.00103624974309642
         349,3058.09404251351,           1.00127749197252,                 -0.00103580430204053
         350,3058.09312372973,           1.00136667656012,                -0.000862800858659415
         351,3058.09220494595,           1.00111081213476,                -0.000862431781646072
         352,3058.09128616216,           1.00120171792215,                -0.000517238703937738
         353,3058.09036737838,           1.00129082069656,                -0.000689356847295395
         354,3058.08944859459,           1.00103704060996,                -0.000344531764105992
         355,3058.08852981081,           1.00112786162601,                 0.000344385229317515
         356,3058.08761102703,           1.00087264390449,                 0.000860595566555879
         357,3058.08669224324,           1.00096517955609,                  0.00103227760009222
         358,3058.08577345945,           1.00105591536168,                 0.000859865929704241
         359,3058.08485467567,           1.00097467394836,                 0.000859500836294314
         360,3058.08393589189,           1.00106704881104,                  0.00085913752901737
         361, 3058.0830171081,           1.00133110051956,                  0.00103052943449697
         362,3058.08209832432,           1.00090819972153,                  0.00137345893615304
         363,3058.08117954054,           1.00082887576645,                  0.00257414834302071
         364,3058.08026075675,           1.00074961875797,                  0.00325921199115553
         365,3058.07934197297,           1.00050067900303,                  0.00377223906393602
         366,3058.07842318918,           1.00059302018668,                  0.00377064858583539
         367,3058.07750440541,            1.0008583190994,                  0.00462567179316737
         368,3058.07658562162,           1.00060964750045,                  0.00496622963845848
         369,3058.07566683784,           1.00104760796182,                  0.00530651091771827
         370,3058.07474805405,           1.00045685305245,                  0.00496207435240652
         371,3058.07382927027,           1.00037969617465,                  0.00547309801292335
         372,3058.07291048648,           1.00081720297749,                  0.00547081491207375
         373, 3058.0719917027,           1.00057077820653,                  0.00529764203661867
         374,3058.07107291892,           1.00066619975743,                  0.00512461351873046
         375,3058.07015413513,           1.00093229107972,                  0.00546397702397661
         376,3058.06923535135,           1.00085851267373,                  0.00563238931074916
         377,3058.06831656757,           1.00095369544188,                  0.00631247430225833
         378,3058.06739778378,           1.00053889601353,                  0.00579824824688259
         379,     3058.066479,           1.00080630451718,                  0.00562538035242156
         380,3058.06556021622,           1.00090309608602,                  0.00477107366196943
         381,3058.06464143243,           1.00099980753279,                  0.00391747414892874
         382,3058.06372264865,           1.00075763379898,                  0.00340509572575359
         383,3058.06280386486,           1.00085602887693,                  0.00357387801503411
         384,3058.06188508108,           1.00078252585738,                  0.00357240065323898
         385,3058.06096629729,           1.00105257609071,                  0.00408107046478291
         386,3058.06004751351,           1.00064080445606,                  0.00424936641946686
         387,3058.05912872973,           1.00090899051082,                  0.00441752397781044
         388,3058.05820994594,           1.00100882124163,                  0.00424588064659667
         389,3058.05729116216,           1.00110687074738,                  0.00339530904102891
         390,3058.05637237837,           1.00086714668015,                  0.00237574432918313
         391,3058.05545359459,           1.00113649856665,                  0.00152663986565569
         392,3058.05453481081,           1.00123777065636,                 0.000339115248317141
         393,3058.05361602702,           1.00133726320357,                -0.000169488365471152
         394,3058.05269724324,           1.00143837113364,                -0.000169419450369419
         395,3058.05177845946,           1.00137004628352,                -0.000338701182575179
         396,3058.05085967567,           1.00130177695093,                 0.000169281788157385
         397,3058.04994089189,           1.00174120219097,                -0.000169213040910637
         398,3058.04902210811,           1.00133454891739,                 -0.00101486609687573
         399,3058.04810332432,           1.00177529799645,                 -0.00185983599628033
         400,3058.04718454054,           1.00153966019311,                 -0.00304213869110293
         401,3058.04626575676,           1.00164209160574,                 -0.00337878931221365
         402,3058.04534697297,           1.00174444033524,                 -0.00303968306237936
         403,3058.04442818919,           1.00167790332981,                 -0.00286965358217169
         404, 3058.0435094054,            1.0016131100627,                 -0.00219355970869527
         405,3058.04259062162,           1.00188570406928,                  -0.0015180086425292
         406,3058.04167183784,           1.00165059068892,                 -0.00151739695610171
         407,3058.04075305405,           1.00192463908804,                   -0.001685323194429
         408,3058.03983427027,           1.00202831555469,                 -0.00185311221773732
         409,3058.03891548649,            1.0017951144596,                 -0.00185236951740722
         410, 3058.0379967027,           1.00206877629105,                 -0.00218829062519463
         411,3058.03707791892,           1.00200569401724,                 -0.00319699549728424
         412,3058.03615913513,           1.00194266203567,                 -0.00403670033386876
         413,3058.03524035135,           1.00221593794029,                 -0.00420322067581063
         414,3058.03432156756,           1.00198649452622,                 -0.00504186427973607
         415,3058.03340278378,           1.00225953582918,                 -0.00571183778380694
         416,     3058.032484,           1.00253404333567,                 -0.00654921736852446
         417,3058.03156521622,           1.00213688484826,                 -0.00738593348966893
         418,3058.03064643243,           1.00241122351555,                 -0.00738300867671315
         419,3058.02972764865,           1.00235156776776,                 -0.00788328709589767
         420,3058.02880886486,           1.00212261541093,                 -0.00821549408652089
         421,3058.02789008108,           1.00239831464346,                 -0.00703907861812831
         422, 3058.0269712973,           1.00233873453688,                 -0.00636618283677107
         423,3058.02605251351,           1.00227920132498,                 -0.00535888628945689
         424,3058.02513372973,           1.00238711427012,                 -0.00435238225968991
         425,3058.02421494594,           1.00216195231657,                 -0.00317934164201282
         426,3058.02329616216,           1.00260603972287,                 -0.00217448757363986
         427,3058.02237737838,           1.00238096830503,                 -0.00150482547368562
         428,3058.02145859459,           1.00232321037589,                 -0.00133709949691631
         429,3058.02053981081,           1.00243256970248,                -0.000835360474752065
         430,3058.01962102702,           1.00237651078782,                                    0
         431,3058.01870224324,           1.00231882219191,                 0.000333883684940677
         432,3058.01778345946,            1.0024297281241,                  0.00116813852120338
         433,3058.01686467567,           1.00237373577302,                  0.00200174485426463
         434,3058.01594589189,           1.00215271073137,                  0.00300145570601742
         435, 3058.0150271081,           1.00226355214337,                  0.00316697280737138
         436,3058.01410832433,            1.0025425959805,                  0.00283251190488092
         437,3058.01318954054,           1.00265487020449,                  0.00233175551210348
         438,3058.01227075676,           1.00243407842994,                  0.00133191706152458
         439,3058.01135197297,           1.00254630785361,                 0.000665701399637193
         440,3058.01043318919,           1.00249375728871,                -0.000332722787019153
         441, 3058.0095144054,           1.00260587727599,                 -0.00116408046789383
         442,3058.00859562162,           1.00255334428257,                 -0.00199480022075789
         443,3058.00767683784,           1.00250085161891,                 -0.00182786497062953
         444,3058.00675805406,            1.0024500643661,                 -0.00166106058718492
         445,3058.00583927027,            1.0030618208868,                 -0.00116229643208204
         446,3058.00492048648,           1.00267890042258,                -0.000829894802534831
         447, 3058.0040017027,           1.00295993469561,                -0.000829578109756502
         448,3058.00308291892,            1.0025773452349,                -0.000829261658589658
         449,3058.00216413514,           1.00269241481757,                -0.000663156359006326
         450,3058.00124535135,           1.00280905859249,                -0.000662904682592952
         451,3058.00032656757,           1.00259262633876,                 0.000496989074523512
         452,3057.99940778378,           1.00270921929441,                   0.0014904018123286
         453,     3057.998489,           1.00282572385378,                  0.00297967365951931
         454,3057.99757021622,           1.00294379973557,                  0.00347497439274823
         455,3057.99665143243,           1.00289471507733,                  0.00363907038292945
         456,3057.99573264865,           1.00268197586552,                  0.00314164867108261
         457,3057.99481386486,            1.0026346846147,                  0.00231402663775235
         458,3057.99389508108,           1.00275265434526,                 0.000495676052568098
         459,3057.99297629729,           1.00270537209602,                 -0.00115614192137574
         460,3057.99205751351,           1.00282488207645,                 -0.00313692340458552
         461,3057.99113872973,           1.00277926313218,                 -0.00379590570310076
         462,3057.99021994594,           1.00289700137261,                 -0.00428940977721466
         463,3057.98930116216,           1.00318287514224,                 -0.00445272688292627
         464,3057.98838237837,           1.00280746525288,                 -0.00428620649294342
         465,3057.98746359459,           1.00259712865674,                 -0.00395501825900096
         466,3057.98654481081,           1.00288279383906,                 -0.00395354583642204
         467,3057.98562602703,           1.00267423708495,                 -0.00378740473853734
         468,3057.98470724324,           1.00279505252658,                 -0.00362138725469217
         469,3057.98378845946,           1.00258833324832,                 -0.00329095136467526
         470,3057.98286967567,           1.00270909099881,                 -0.00263178239107299
         471,3057.98195089189,           1.00299583345665,                 -0.00230195765055625
         472,3057.98103210811,           1.00278926961241,                 -0.00197237686204703
         473,3057.98011332432,           1.00258285849484,                 -0.00197164770598789
         474,3057.97919454054,           1.00270508644944,                 -0.00197091908884411
         475,3057.97827575676,             1.002664687716,                 -0.00229855995218995
         476,3057.97735697297,           1.00246019619203,                 -0.00344657238376435
         477,3057.97643818919,           1.00258397932817,                 -0.00377343013001928
         478,3057.97551940541,           1.00254366960831,                 -0.00426404963353773
         479,3057.97460062162,           1.00266733117695,                 -0.00393460038395142
         480,3057.97368183784,           1.00279254534609,                 -0.00327763538272948
         481,3057.97276305405,           1.00242620232988,                 -0.00212968469199026
         482,3057.97184427027,           1.00255141310293,                 -0.00098257244015315
         483,3057.97092548648,           1.00234912787604,                 0.000327404582027125
         484, 3057.9700067027,           1.00231063283848,                 0.000818212761500799
         485,3057.96908791892,             1.002437388559,                  0.00147224812288364
         486,3057.96816913513,           1.00223700476835,                  0.00130818992301302
         487,3057.96725035135,           1.00236369521082,                  0.00114425079361966
         488,3057.96633156756,           1.00232688863616,                  0.00098043060512177
         489,3057.96541278378,           1.00212676291004,                 0.000490037536875325
         490,     3057.964494,           1.00209170518877,                  0.00032657379996375
         491,3057.96357521621,           1.00205667276051,                 0.000326455993732045
         492,3057.96265643243,           1.00202166559791,                 0.000489507408694631
         493,3057.96173764865,           1.00198668367364,                 0.000978661908194989
         494,3057.96081886486,           1.00195172696041,                  0.00146746388000711
         495,3057.95990008108,           1.00224441463482,                  0.00211890996751548
         496, 3057.9589812973,           1.00204808853217,                  0.00244401972812725
         497,3057.95806251351,           1.00185190312771,                  0.00260602023248958
         498,3057.95714372973,            1.0018186761926,                  0.00276790467987554
         499,3057.95622494594,           1.00178710355761,                  0.00227863841589057
         500,3057.95530616216,           1.00191662517775,                   0.0016270162799249
         501,3057.95438737838,           1.00172239652203,                 0.000813218376783591
         502,3057.95346859459,            1.0016908919455,                  0.00032517152798101
         503,3057.95254981081,            1.0019860940908,                 0.000487584474010122
         504,3057.95163102703,           1.00162957739843,                 0.000812351644280963
         505,3057.95071224324,           1.00176217893019,                  0.00178654085088068
         506,3057.94979345946,           1.00173233127629,                  0.00276004045894602
         507,3057.94887467568,           1.00154020686488,                  0.00324595756559674
         508,3057.94795589189,           1.00167269930837,                  0.00308256904549061
         509,3057.94703710811,           1.00164453944786,                  0.00259493404002037
         510,3057.94611832432,           1.00161477552026,                  0.00194551267501508
         511,3057.94519954054,           1.00158665588367,                  0.00226896653436431
         512,3057.94428075676,           1.00139654395873,                  0.00243018090266639
         513,3057.94336197297,           1.00153209793766,                  0.00323910769061339
         514,3057.94244318919,           1.00166593542517,                  0.00404746216027626
         515, 3057.9415244054,           1.00147761645738,                   0.0042078891447789
         516,3057.94060562162,           1.00145121444161,                  0.00388284800429702
         517,3057.93968683784,           1.00142483087209,                  0.00323457632710624
         518,3057.93876805405,           1.00156013806818,                   0.0021017404027258
         519,3057.93784927027,           1.00153535353535,                 0.000808080808080808
         520,3057.93693048648,           1.00167052794499,                                    0
         521, 3057.9360117027,            1.0014842186695,                -0.000484510991131834
         522,3057.93509291892,            1.0014594863383,                -0.000484342811383993
         523,3057.93417413513,           1.00159777924824,                -0.000645567373024967
         524,3057.93325535135,           1.00141168878312,                -0.000806679304642439
         525,3057.93233656757,            1.0013886223286,                -0.000645120710148878
         526,3057.93141778378,           1.00152679632344,                -0.000967347195418644
         527,     3057.930499,           1.00150370607945,                -0.000967013555918365
         528,3057.92958021621,           1.00164174511545,                -0.000805566788736887
         529,3057.92866143243,           1.00129812818291,                -0.000161058087209733
         530,3057.92774264865,           1.00127675263682,                 0.000322005709161223
         531,3057.92682386486,           1.00141633940643,                 0.000643790639284105
         532,3057.92590508108,           1.00155583050297,                  0.00128714002313634
         533, 3057.9249862973,           1.00137355125727,                  0.00112586168628347
         534,3057.92406751351,           1.00135378916261,                 0.000803912804401583
         535,3057.92314872973,           1.00149315863324,                                    0
         536,3057.92222994595,           1.00163404206092,                 -0.00112470938312904
         537,3057.92131116216,           1.00129297536922,                 -0.00208803475774781
         538,3057.92039237838,           1.00127487532233,                 -0.00256901828177635
         539,3057.91947359459,           1.00141568943433,                 -0.00208661708008436
         540,3057.91855481081,           1.00155801479071,                 -0.00112318265035805
         541,3057.91763602702,           1.00121904273066,                -0.000481201077890414
         542,3057.91671724324,           1.00136133831261,                  0.00144311481902538
         543,3057.91579845946,           1.00134324578192,                  0.00256466975068204
         544,3057.91487967567,           1.00148700790934,                   0.0032047584253099
         545,3057.91396089189,           1.00130870134218,                  0.00336385901906667
         546,3057.91304210811,           1.00113211837443,                  0.00240194846059123
         547,3057.91212332432,           1.00095565412684,                  0.00176083674962342
         548,3057.91120454054,           1.00126097754564,                 0.000800112655861945
         549,3057.91028575676,           1.00124455706246,                -0.000159968774095297
         550,3057.90936697297,           1.00122974872508,                                    0
         551,3057.90844818919,           1.00105508840362,                                    0
         552, 3057.9075294054,           1.00120016172619,                 0.000319616971021927
         553,3057.90661062162,           1.00102562791753,                 0.000958530764044872
         554,3057.90569183784,           1.00085121061953,                  0.00111791263353067
         555,3057.90477305405,           1.00099780482938,                  0.00175613649970066
         556,3057.90385427027,           1.00114430171262,                  0.00175555353400906
         557,3057.90293548649,           1.00129070136617,                  0.00159542814111881
         558, 3057.9020167027,           1.00111802411168,                  0.00143540898789312
         559,3057.90109791892,           1.00094705726667,                  0.00127549800225125
         560,3057.90017913513,            1.0010933769409,                  0.00111569075602393
         561,3057.89926035135,           1.00108186309891,                  0.00111532278237981
         562,3057.89834156757,           1.00107035684933,                  0.00127423434443829
         563,3057.89742278378,           1.00105885818466,                  0.00222917512559013
         564,     3057.896504,            1.0008897859261,                  0.00254679334841247
         565,3057.89558521621,           1.00119659860482,                  0.00254595447833393
         566,3057.89466643243,           1.00102759228447,                  0.00206791016998222
         567,3057.89374764865,           1.00101771459466,                   0.0012721432433292
         568,3057.89282886486,           1.00084887754226,                 0.000953794991304569
         569,3057.89191008108,           1.00099797861656,                 0.000317827584891748
         570, 3057.8909912973,           1.00098971050571,                  0.00031772407887818
         571,3057.89007251351,           1.00097985811909,                -0.000158810067923066
         572,3057.88915372973,           1.00113035968299,                -0.000635033529770372
         573,3057.88823494595,            1.0011220565853,                 -0.00111094711415616
         574,3057.88731616216,           1.00111534720933,                 -0.00222117509681944
         575,3057.88639737838,           1.00110705437889,                 -0.00364788692184957
         576,3057.88547859459,           1.00110035420624,                  -0.0042809169406982
         577,3057.88455981081,           1.00109207162341,                 -0.00554753364579156
         578,3057.88364102703,             1.000926930908,                 -0.00538729074732814
         579,3057.88272224324,           1.00076348211203,                 -0.00475196335285862
         580,3057.88180345946,           1.00107359680264,                 -0.00380034266423022
         581,3057.88088467567,            1.0010685029087,                 -0.00253274763544264
         582,3057.87996589189,           1.00090358252272,                  -0.0018989475083435
         583,3057.87904710811,           1.00089854650611,                 -0.00174014288155006
         584,3057.87812832432,           1.00089351372295,                 -0.00110700815232432
         585,3057.87720954054,            1.0007319729913,                -0.000948561111840098
         586,3057.87629075676,           1.00072699687075,                 -0.00110629958592787
         587,3057.87537197297,           1.00072360500646,                 -0.00126393887591596
         588,3057.87445318919,           1.00087657645563,                  -0.0018953004446059
         589,3057.87353440541,            1.0007152477236,                 -0.00236836994570117
         590,3057.87261562162,           1.00071344239111,                 -0.00252545979152329
         591,3057.87169683784,           1.00086785009862,                 -0.00284023668639053
         592,3057.87077805405,           1.00070825663182,                 -0.00299707706116088
         593,3057.86985927027,           1.00086256786611,                 -0.00331150369074971
         594,3057.86894048649,           1.00070307746148,                 -0.00346809510147331
         595, 3057.8680217027,           1.00070127884896,                 -0.00378217806179133
         596,3057.86710291892,           1.00054194052518,                 -0.00378098040821985
         597,3057.86618413513,           1.00069926105116,                 -0.00346480701024953
         598,3057.86526535135,           1.00054159922917,                 -0.00283394945493705
         599,3057.86434656757,           1.00069724580039,                 -0.00236087742796569
         600,3057.86342778378,           1.00053968408813,                 -0.00173076529721174
         601,     3057.862509,           1.00069680711341,                 -0.00125834241699266
         602,3057.86159021621,           1.00038367434225,                 -0.00125794866311506
         603,3057.86067143243,           1.00054074786688,                 -0.00172913562082257
         604,3057.85975264865,           1.00069929520472,                  -0.0020428848677232
         605,3057.85883386486,           1.00022935996003,                 -0.00251353380860068
         606,3057.85791508108,           1.00054495228134,                 -0.00235570150435098
         607, 3057.8569962973,            1.0002323565983,                 -0.00235496552330474
         608,3057.85607751351,           1.00054775084713,                 -0.00204033266839415
         609,3057.85515872973,           1.00039381877119,                 -0.00141209917957038
         610,3057.85423994595,           1.00039526435657,                -0.000784254675726377
         611,3057.85332116216,           1.00024147544634,                -0.000627208951526156
         612,3057.85240237838,           1.00055804271221,                                    0
         613,3057.85148359459,          0.999935750876374,                 0.000313410359152601
         614,3057.85056481081,           1.00009556050938,                 0.000783282863807475
         615,3057.84964602703,           1.00010022927447,                  0.00125286593081674
         616,3057.84872724324,           1.00025988909311,                  0.00187871633575166
         617,3057.84780845946,          0.999951481458874,                  0.00281720561375172
         618,3057.84688967567,           1.00011265349038,                  0.00391157952710568
         619,3057.84597089189,          0.999960896257772,                   0.0043796191295507
         620,3057.84505210811,            1.0002798969854,                   0.0053164790522907
         621,3057.84413332432,          0.999815543723953,                  0.00562747960820236
         622,3057.84321454054,          0.999821851061236,                  0.00546948496204177
         623,3057.84229575676,          0.999671931386793,                  0.00515536392182594
         624,3057.84137697297,           0.99999062948028,                  0.00406055854544546
         625,3057.84045818919,          0.999684622374325,                  0.00374706089910726
         626,3057.83953940541,          0.999536442343261,                  0.00374592045850066
         627,3057.83862062162,          0.999698857687633,                  0.00405683944121718
         628,3057.83770183784,            1.0000187181791,                  0.00545946890286513
         629,3057.83678305405,          0.999714634568513,                  0.00654937055870809
         630,3057.83586427027,           0.99972251581504,                  0.00717093961133507
         631,3057.83494548649,          0.999574549653796,                  0.00779213088286401
         632, 3057.8340267027,          0.999739821489499,                  0.00732238921770398
         633,3057.83310791892,          0.999591939719217,                  0.00700866894474365
         634,3057.83218913513,          0.999445703893774,                  0.00607234498393164
         635,3057.83127035135,          0.999610864658728,                  0.00466962409526033
         636,3057.83035156757,          0.999775925706923,                  0.00404578584721868
         637,3057.82943278378,          0.999785326940847,                  0.00357788431922195
         638,     3057.828514,          0.999639209246196,                  0.00279923860709887
         639,3057.82759521621,           0.99965020016324,                  0.00248746550584943
         640,3057.82667643243,          0.999815050534722,                  0.00202045634337811
         641,3057.82575764865,          0.999825982113447,                  0.00248596980789668
         642,3057.82483886486,          0.999681580602822,                  0.00232989802812964
         643,3057.82392008108,          0.999537265643682,                  0.00155279985341569
         644, 3057.8230012973,          0.999705055961751,                  0.00124186963473509
         645,3057.82208251351,           1.00002638182572,                  0.00108631047063625
         646,3057.82116372973,          0.999883644261723,                    0.001706550828065
         647,3057.82024494594,          0.999894535708968,                  0.00263660727579532
         648,3057.81932616216,           1.00006201935004,                  0.00341106425204664
         649,3057.81840737838,          0.999919398839343,                  0.00341004910470711
         650,3057.81748859459,          0.999778412410145,                  0.00247930170467488
         651,3057.81656981081,          0.999790871137893,                 0.000929461609362777
         652,3057.81565102703,          0.999804870796592,                -0.000929186682896461
         653,3057.81473224324,           1.00012695109906,                 -0.00263191302920804
         654,3057.81381345946,          0.999986070461795,                 -0.00386931616801499
         655,3057.81289467567,                          1,                 -0.00448708030326474
         656,3057.81197589189,           1.00016860250181,                 -0.00448575463540869
         657,3057.81105710811,           1.00018401653984,                  -0.0043298009374019
         658,3057.81013832432,           1.00019787531382,                  -0.0040193423119257
         659,3057.80921954054,            1.0002132716803,                 -0.00401816209265882
         660,3057.80830075676,           1.00007415967815,                 -0.00355348457787693
         661,3057.80738197297,           1.00039694614043,                 -0.00324352877396157
         662,3057.80646318919,           0.99995058922351,                 -0.00324258220717939
         663, 3057.8055444054,          0.999966040054212,                 -0.00308726779887068
         664,3057.80462562162,           1.00013579995432,                 -0.00308636259822349
         665,3057.80370683784,           1.00015273040307,                 -0.00308546268827108
         666,3057.80278805405,           1.00016810844074,                 -0.00308455854569234
         667,3057.80186927027,            1.0003392025656,                 -0.00292947670295106
         668,3057.80095048649,            1.0002019208686,                 -0.00308276135265403
         669, 3057.8000317027,           1.00052699866555,                 -0.00308186354124612
         670,3057.79911291892,           1.00023569391833,                 -0.00385120781579519
         671,3057.79819413513,           1.00025410612396,                 -0.00462011134468341
         672,3057.79727535135,           1.00011700876334,                 -0.00508064367136549
         673,3057.79635656757,           1.00044327332726,                 -0.00523308789125028
         674,3057.79543778378,           1.00030773965225,                 -0.00538544391444838
         675,     3057.794519,           1.00063376035244,                 -0.00492241050442402
         676,3057.79360021622,           1.00034446911773,                 -0.00476720653999225
         677,3057.79268143243,            1.0003628179269,                 -0.00445835588134009
         678,3057.79176264865,           1.00022900141551,                 -0.00384230562928513
         679,3057.79084386486,           1.00009372517627,                 -0.00368754791891697
         680,3057.78992508108,            1.0002672704316,                 -0.00337928131902566
         681, 3057.7890062973,           1.00044071601765,                 -0.00353187052469776
         682,3057.78808751351,            1.0004605465152,                 -0.00368437212158428
         683,3057.78716872973,           1.00048036563038,                 -0.00383678618511419
         684,3057.78624994595,           1.00034674595795,                 -0.00383568537560565
         685,3057.78533116216,            1.0003681207436,                  -0.0041413583655439
         686,3057.78441237838,           1.00038794934271,                 -0.00383349152875042
         687,3057.78349359459,            1.0002560042187,                 -0.00367910254425271
         688,3057.78257481081,            1.0001241343164,                 -0.00367805381912251
         689,3057.78165602703,           1.00060517385343,                 -0.00321737998023609
         690,3057.78073724324,           1.00032011468989,                 -0.00275696862110214
         691,3057.77981845946,           1.00003521789927,                 -0.00153121301163569
         692,3057.77889967567,          0.999903561046623,                -0.000765388518866062
         693,3057.77798089189,            1.0002326122354,                 0.000306068730794187
         694,3057.77706210811,          0.999949512952987,                 0.000764955257766973
         695,3057.77614332432,           1.00012388749792,                  0.00107063269804028
         696,3057.77522454054,          0.999993883829457,                 0.000917425581494914
         697,3057.77430575676,           1.00032253675925,                 0.000458583070030221
         698,3057.77338697297,           1.00019407891218,                -0.000611272164346634
         699,3057.77246818919,          0.999911390587236,                 -0.00198607304471109
         700,3057.77154940541,           1.00008705705903,                 -0.00320736533265724
         701,3057.77063062162,            1.0002641515772,                 -0.00412259686957478
         702,3057.76971183784,          0.999983208952376,                  -0.0041214389622522
         703,3057.76879305405,           1.00031283620354,                 -0.00366247262683219
         704,3057.76787427027,           1.00003203763965,                 -0.00305120377616979
         705,3057.76695548649,           1.00005643142895,                  -0.0018302085065041
         706, 3057.7660367027,           0.99992833694444,                 -0.00152474586298329
         707,3057.76511791892,          0.999801838330564,                 -0.00137188848070972
         708,3057.76419913513,           1.00028344412036,                  -0.0012191144961857
         709,3057.76328035135,            1.0000045704048,                 -0.00137112144022596
         710,3057.76236156757,           1.00003046087301,                 -0.00106613055530171
         711,3057.76144278378,           1.00005481421028,                 -0.00015226169522081
         712,     3057.760524,          0.999928456937926,                  0.00106553496705214
         713,3057.75960521622,          0.999803691512625,                   0.0022826568299375
         714,3057.75868643243,          0.999525339564773,                  0.00273842558784869
         715,3057.75776764865,          0.999855512209218,                  0.00273766340428444
         716,3057.75684886486,           1.00003497157419,                  0.00212870451604663
         717,3057.75593008108,          0.999758306871229,                  0.00136807431379673
         718, 3057.7550112973,          0.999785727637032,                 0.000607864859484439
         719,3057.75409251351,          0.999811614283284,                                    0
         720,3057.75317372973,          0.999688641489661,                -0.000759411000827758
         721,3057.75225494595,          0.999716058774315,                 -0.00106288159347208
         722,3057.75133616216,          0.999591662631362,                 -0.00121438622643142
         723,3057.75041737838,          0.999770847908266,                 -0.00121405081713208
         724,3057.74949859459,          0.999799736623317,                  -0.0013654321137496
         725,3057.74857981081,          0.999676936447484,                 -0.00121338423480198
         726,3057.74766102703,          0.999705835079622,                 -0.00121305121805505
         727,3057.74674224324,          0.999583128055482,                -0.000757948990032971
         728,3057.74582345946,          0.999460488348973,                -0.000606192866322349
         729,3057.74490467568,          0.999640929220635,                -0.000303013315920168
         730,3057.74398589189,          0.999518340911638,                                    0
         731,3057.74306710811,          0.999548756961711,                                    0
         732,3057.74214832432,          0.999426260901421,                  0.00015138234790994
         733,3057.74122954054,           0.99945668541783,                                    0
         734,3057.74031075676,          0.999184493576563,                -0.000302599786061951
         735,3057.73939197297,          0.999213455953533,                 -0.00045377541142304
         736,3057.73847318919,          0.999547859591501,                -0.000756087639630485
         737,3057.73755440541,          0.999275865144623,                 -0.00105823465295195
         738,3057.73663562162,           0.99930628919126,                 -0.00120908201959015
         739,3057.73571683784,          0.999487790837349,                 -0.00166203563102205
         740,3057.73479805405,          0.999368597228474,                  -0.0016615862408575
         741,3057.73387927027,          0.999398971304655,                 -0.00196315905514665
         742,3057.73296048649,          0.999128894874067,                 -0.00181165710765923
         743, 3057.7320417027,          0.999462686927596,                 -0.00150930638315856
         744,3057.73112291892,          0.999494518925362,                 -0.00196156834934023
         745,3057.73020413513,          0.999375484602829,                 -0.00165934042726508
         746,3057.72928535135,          0.999558131363172,                  -0.0019605093101571
         747,3057.72836656757,          0.999591418892127,                 -0.00135691142836035
         748,3057.72744778378,          0.999321727334388,                                    0
         749,     3057.726529,          0.999204373534571,                  0.00165755513631131
         750,3057.72565691111,           0.99893493138819,                   0.0040674473152588
         751,3057.72478482222,           0.99926956181239,                   0.0061748382870095
         752,3057.72391273333,          0.999302881973251,                  0.00737770697855797
         753,3057.72304064444,          0.999336184278857,                  0.00797783066226531
         754,3057.72216855556,          0.999369468743557,                  0.00707278497680277
         755,3057.72129646667,          0.999402735381685,                  0.00571689055313925
         756,3057.72042437778,          0.999287082966096,                  0.00406091981337817
         757,3057.71955228889,          0.999320353897139,                  0.00255619109483168
         758,    3057.7186802,          0.999204785119109,                  0.00120259339265125
         759,3057.71780811111,          0.999540130386561,                                    0
         760,3057.71693602222,           0.99957330705065,                -0.000751219981249549
         761,3057.71606393333,           0.99975817147595,                 -0.00135183646984428
         762,3057.71519184444,          0.999642609372044,                  -0.0016518054233277
         763,3057.71431975556,          0.999677232910233,                 -0.00225186341697755
         764,3057.71344766667,          0.999563253893569,                 -0.00255143773516376
         765,3057.71257557778,           0.99959788016829,                 -0.00270080483984227
         766,3057.71170348889,          0.999632488055862,                 -0.00240007800253508
         767,    3057.7108314,          0.999818542007525,                 -0.00239944452859163
         768,3057.70995931111,          0.999854572059544,                 -0.00239881138895677
         769,3057.70908722222,           1.00003897034357,                  -0.0023981749888335
         770,3057.70821513333,          0.999925076796284,                 -0.00194800329662096
         771,3057.70734304444,          0.999811243307377,                 -0.00149806898907308
         772,3057.70647095556,          0.999847237240565,                  -0.0014976741121039
         773,3057.70559886667,           1.00003443747876,                 -0.00104809717957049
         774,3057.70472677778,           0.99992066497718,                  -0.0016465759453217
         775,3057.70385468889,           1.00025590029765,                 -0.00164614226560057
         776,    3057.7029826,            1.0001436257114,                  -0.0025433719726393
         777,3057.70211051111,            1.0000314099007,                 -0.00299141911427071
         778,3057.70123842222,           1.00021682080882,                 -0.00328969503031753
         779,3057.70036633333,           1.00025413720419,                 -0.00298984946107963
         780,3057.69949424444,           1.00044088745414,                 -0.00239125398853693
         781,3057.69862215556,           1.00017929715515,                 -0.00209180014343772
         782,3057.69775006667,           1.00006721885713,                 -0.00224062857100179
         783,3057.69687797778,           1.00040470170796,                 -0.00224004635402589
         784,3057.69600588889,           1.00029262291655,                 -0.00268735331529821
         785,    3057.6951338,            1.0003298610852,                 -0.00268665137265496
         786,3057.69426171111,           1.00036857254985,                 -0.00208907518133919
         787,3057.69338962222,           1.00055644483961,                 -0.00164099014361647
         788,3057.69251753333,           1.00059358510489,                -0.000149141986153658
         789,3057.69164544444,           1.00033399137587,                  0.00178923951356542
         790,3057.69077335556,           1.00037266154878,                  0.00387568010732653
         791,3057.68990126667,           1.00056033763323,                  0.00596103865137462
         792,3057.68902917778,           1.00059892907905,                  0.00685341732245924
         793,3057.68815708889,            1.0004900420185,                  0.00744744708961215
         794,     3057.687285,           1.00052863173726,                  0.00729660707770887
         795,3057.68641291111,           1.00056869102808,                  0.00595487987518572
         796,3057.68554082222,           1.00060724044936,                  0.00535800396492293
         797,3057.68466873333,           1.00049846369027,                   0.0043150588112757
         798,3057.68379664444,            1.0006857680081,                   0.0034214022096308
         799,3057.68292455556,           1.00057702717976,                  0.00252821187010345
         800,3057.68205246667,           1.00076570247627,                  0.00133812083231116
         801,3057.68118037778,           1.00065699701824,                  0.00029728371866258
         802,3057.68030828889,             1.000696951099,                 -0.00104022552089293
         803,    3057.6794362,           1.00073837139338,                  -0.0025256164361175
         804,3057.67856411111,           1.00077828409152,                 -0.00282202246923996
         805,3057.67769202222,           1.00081966239413,                 -0.00296979128306863
         806,3057.67681993333,           1.00085953377344,                 -0.00222677143378844
         807,3057.67594784444,           1.00075245661501,                 -0.00118730826826637
         808,3057.67507575556,           1.00079232483538,                                    0
         809,3057.67420366667,           1.00083365720372,                  0.00133503822659455
         810,3057.67333157778,           1.00102326822975,                  0.00177959692129733
         811,3057.67245948889,           1.00106452062472,                  0.00177914310537568
         812,    3057.6715874,           1.00095752785872,                  0.00133401714063802
         813,3057.67071531111,           1.00099877598077,                 0.000592745389181804
         814,3057.66984322222,           1.00104148611031,                 0.000296297613174577
         815,3057.66897113333,           1.00108269188899,                -0.000296222131051633
         816,3057.66809904444,            1.0011238766786,                -0.000592293374754383
         817,3057.66722695556,           1.00101848671822,                -0.000888215161240659
         818,3057.66635486667,           1.00120914689285,                 -0.00103598876988173
         819,3057.66548277778,            1.0011023074476,                 -0.00118368584977547
         820,3057.66461068889,           1.00114492637857,                -0.000739616523624831
         821,    3057.6637386,           1.00089175195986,                -0.000591543588628758
         822,3057.66286651111,           1.00123009959076,                 0.000295697017008492
         823,3057.66199442222,            1.0008292204884,                  0.00073905569375897
         824,3057.66112233333,           1.00101963913641,                  0.00162551166674055
         825,3057.66025024444,           1.00076823070559,                  0.00206831343812788
         826,3057.65937815555,           1.00095856885227,                  0.00251088913538271
         827,3057.65850606667,           1.00100114881088,                  0.00280557926352068
         828,3057.65763397778,           1.00104518506271,                  0.00339537520372251
         829,3057.65676188889,           1.00094013398016,                  0.00265657953577748
         830,    3057.6558898,           1.00098416337997,                  0.00221326097445454
         831,3057.65501771111,           1.00073314323731,                  0.00118010983872324
         832,3057.65414562222,           1.00092467920121,                 0.000589906986415917
         833,3057.65327353333,           1.00067379980332,                                    0
         834,3057.65240144444,           1.00086525464577,                                    0
         835,3057.65152935556,           1.00090924765283,                 0.000147365908076094
         836,3057.65065726667,           1.00095321862297,                 0.000294657997828371
         837,3057.64978517778,           1.00084987546452,                -0.000441876324708398
         838,3057.64891308889,           1.00060080224771,                 -0.00103078817008594
         839,     3057.648041,           1.00079203606267,                 -0.00206106038612494
         840,3057.64716891111,           1.00083746546743,                 -0.00294363960431596
         841,3057.64629682222,           1.00073425436396,                 -0.00426720973041535
         842,3057.64542473333,           1.00077967547847,                 -0.00544301749121026
         843,3057.64455264444,           1.00082507401399,                  -0.0063240967204411
         844,3057.64368055556,            1.0007219431003,                 -0.00676362171357826
         845,3057.64280846667,           1.00091433208188,                 -0.00676194144158712
         846,3057.64193637778,            1.0006657388452,                 -0.00661329978675782
         847,3057.64106428889,           1.00085804624046,                 -0.00661165767481223
         848,    3057.6401922,           1.00090483912665,                 -0.00734447343063292
         849,3057.63932011111,           1.00080328598303,                 -0.00763635669422119
         850,3057.63844802222,           1.00099541638649,                 -0.00792809511365071
         851,3057.63757593333,           1.00089389115664,                  -0.0079261284825427
         852,3057.63670384444,           1.00064714091383,                 -0.00763068651232136
         853,3057.63583175556,           1.00069245981679,                 -0.00645513388534509
         854,3057.63495966667,           1.00073922404942,                 -0.00513350034321117
         855,3057.63408757778,           1.00049269462904,                 -0.00395915326908752
         856,3057.63321548889,           1.00068461722274,                 -0.00337177647174378
         857,    3057.6323434,           1.00043822301301,                 -0.00234500608968769
         858,3057.63147131111,            1.0006315305164,                 -0.00190484842534972
         859,3057.63059922222,           1.00038527064897,                 -0.00102543518736898
         860,3057.62972713333,           1.00043204135881,                -0.000585818791602288
         861,3057.62885504444,           1.00047878905901,                 0.000146418672480464
         862,3057.62798295556,             1.000232748437,                 0.000585530659117225
         863,3057.62711086667,           1.00042733291576,                  0.00204885644540968
         864,3057.62623877778,           1.00032773645307,                  0.00307252924755222
         865,3057.62536668889,           1.00008191397862,                  0.00424197389284481
         866,    3057.6244946,          0.999983913683752,                  0.00482589487446093
         867,3057.62362251111,          0.999738296058797,                  0.00555572612609451
         868,3057.62275042222,           1.00007893052068,                   0.0057005376045464
         869,3057.62187833333,           1.00012567330202,                  0.00599140160803374
         870,3057.62100624445,          0.999881662164472,                  0.00598993982301919
         871,3057.62013415556,          0.999929890980475,                  0.00613453920846917
         872,3057.61926206667,          0.999978096274176,                  0.00627906806947862
         873,3057.61838997778,          0.999732840085082,                  0.00627752805544079
         874,3057.61751788889,          0.999781069838721,                  0.00540027731153762
         875,    3057.6166458,          0.999683358212331,                  0.00452345410955806
         876,3057.61577371111,          0.999733034954915,                  0.00379294599574315
         877,3057.61490162222,          0.999927076496755,                  0.00335448114927441
         878,3057.61402953333,          0.999683589062388,                  0.00320785282371245
         879,3057.61315744444,          0.999731772169613,                  0.00320707188505854
         880,3057.61228535556,          0.999634191307744,                  0.00320629132654474
         881,3057.61141326667,          0.999683819576085,                  0.00349692634744586
         882,3057.61054117778,          0.999731967533111,                  0.00305906619819253
         883,3057.60966908889,          0.999635913493046,                  0.00247578824728756
         884,     3057.608797,          0.999684049754156,                  0.00174719029959946
         885,3057.60792491111,          0.999733617862451,                 0.000873384057538542
         886,3057.60705282222,          0.999783162021629,                 0.000436586533633899
         887,3057.60618073333,           0.99983122755763,                -0.000145493484801751
         888,3057.60530864444,          0.999589807442231,                -0.000145458353818718
         889,3057.60443655556,          0.999639350365303,                 0.000436269719391317
         890,3057.60356446667,          0.999688869374569,                  0.00159926956997095
         891,3057.60269237778,          0.999883717549929,                  0.00261635512660252
         892,3057.60182028889,          0.999787835720908,                  0.00290635998756078
         893,    3057.6009482,          0.999692000139472,                  0.00261509315542951
         894,3057.60007611111,          0.999741458695848,                   0.0023239667788949
         895,3057.59920402222,          0.999645680496744,                  0.00188776784521465
         896,3057.59833193333,          0.999696577716029,                  0.00159695938932273
         897,3057.59745984444,          0.999745999491999,                 0.000580572589716608
         898,3057.59658775555,          0.999940505643983,                 0.000580432741630523
         899,3057.59571566667,           1.00013636904365,                 0.000290146901376167
         900,3057.59484357778,          0.999895572263993,                -0.000435115566694514
         901,3057.59397148889,          0.999946348586285,                -0.000580015283402718
         902,    3057.5930994,          0.999850682006312,                -0.000434906777732193
         903,3057.59222731111,          0.999901444704682,                 0.000289868515641305
         904,3057.59135522222,          0.999950734205241,                 0.000869396378094689
         905,3057.59048313333,          0.999856583886113,                   0.0017383771380228
         906,3057.58961104444,          0.999907308708347,                  0.00231728229132873
         907,3057.58873895555,          0.999958009292978,                  0.00246152420474669
         908,3057.58786686667,           1.00000723803733,                   0.0023161719468149
         909,3057.58699477778,           1.00005789047123,                  0.00188144031492416
         910,3057.58612268889,           1.00010851871948,                  0.00159160788569362
         911,    3057.5852506,          0.999869808618669,                  0.00130191381330556
         912,3057.58437851111,          0.999775835014571,                  0.00101235799871286
         913,3057.58350642222,          0.999971082386282,                 0.000289176137185159
         914,3057.58263433333,           1.00002168303736,                -0.000433660747197467
         915,3057.58176224444,          0.999783221331021,                -0.000722595563263242
         916,3057.58089015556,           1.00012425698657,                 -0.00072242434049882
         917,3057.58001806667,          0.999885884159421,                -0.000577801724449247
         918,3057.57914597778,            1.0000808729659,                -0.000577664042146369
         919,3057.57827388889,          0.999987005655428,                 -0.00072190803180438
         920,    3057.5774018,           1.00003897380527,                 -0.00115477941547953
         921,3057.57652971111,           1.00008947409436,                 -0.00187606972052334
         922,3057.57565762222,           1.00014139333027,                 -0.00274129926042632
         923,3057.57478553333,           1.00004760070795,                 -0.00360611423881419
         924,3057.57391344444,            1.0002437156689,                  -0.0040378927391478
         925,3057.57304135556,            1.0001499431946,                 -0.00418110831088991
         926,3057.57216926667,           1.00020179889299,                 -0.00418011992619926
         927,3057.57129717778,            1.0002521886371,                 -0.00432323377886659
         928,3057.57042508889,            1.0000158481117,                 -0.00417813853842951
         929,     3057.569553,           1.00006769866317,                 -0.00417715155714127
         930,3057.56868091111,           1.00011808449666,                 -0.00388814806067815
         931,3057.56780882222,           1.00002591486678,                 -0.00403120149960696
         932,3057.56693673333,          0.999933788751572,                 -0.00446206239402602
         933,3057.56606464444,          0.999841706120217,                  -0.0047488163934898
         934,3057.56519255555,           1.00018127566274,                 -0.00474769592877881
         935,3057.56432046667,          0.999945342458266,                 -0.00431506908425604
         936,3057.56344837778,          0.999997123965706,                  -0.0037388445819828
         937,3057.56257628889,          0.999905113245903,                 -0.00330665961245949
         938,    3057.5617042,           0.99995687982407,                 -0.00258721055581907
         939,3057.56083211111,           1.00000862200278,                 -0.00244290078661405
         940,3057.55996002222,          0.999773007421795,                 -0.00229865901979433
         941,3057.55908793333,          0.999681136189319,                 -0.00201085286015093
         942,3057.55821584444,          0.999876505271502,                 -0.00114878817207698
         943,3057.55734375555,          0.999497523508722,                -0.000430694135381523
         944,3057.55647166666,          0.999692843835491,                 0.000143530917995045
         945,3057.55559957778,          0.999746009697551,                 0.000717486730082927
         946,3057.55472748889,           0.99965425276275,                 0.000717317919605877
         947,    3057.5538554,          0.999562538994987,                 0.000430289513127416
         948,3057.55298331111,          0.999470868363807,                -0.000430188322107808
         949,3057.55211122222,          0.999380673574832,                 -0.00186371377943951
         950,3057.55123913333,          0.999289088657524,                 -0.00329656469293217
         951,3057.55036704445,            0.9994841372195,                 -0.00429885650416989
         952,3057.54949495555,          0.999537264531398,                 -0.00501416142448028
         953,3057.54862286667,          0.999445707238892,                 -0.00458329931665872
         954,3057.54775077778,          0.999355623970788,                 -0.00400945084842844
         955,3057.54687868889,          0.999407313239248,                 -0.00286322106643532
         956,    3057.5460066,          0.999174153435708,                 -0.00200378715772811
         957,3057.54513451111,          0.998939672972822,                   -0.001144752525968
         958,3057.54426242222,          0.999135913385331,                -0.000572242791171438
         959,3057.54339033333,          0.999044578699254,                 0.000429081422490732
         960,3057.54251824445,          0.999097709096265,                 0.000857962824470816
         961,3057.54164615556,          0.999007854248929,                  0.00142960482863327
         962,3057.54077406667,          0.998916613545475,                  0.00157219670181717
         963,3057.53990197778,          0.998969736546917,                  0.00200051155938447
         964,3057.53902988889,          0.998737113991177,                  0.00185718530709273
         965,    3057.5381578,          0.998360346669561,                 0.000999788616121163
         966,3057.53728571111,          0.998699149377919,                                    0
         967,3057.53641362222,           0.99860951298692,                -0.000999323315355031
         968,3057.53554153333,          0.998662645563965,                  -0.0022836361767934
         969,3057.53466944445,          0.998571634458284,                 -0.00313926492684799
         970,3057.53379735556,          0.998624751057116,                 -0.00342385628933868
         971,3057.53292526667,          0.998535215445989,                 -0.00328043278892412
         972,3057.53205317778,          0.998303127094355,                 -0.00256669851274081
         973,3057.53118108889,          0.998071146605689,                 -0.00199585717075841
         974,     3057.530309,          0.998266858224442,                 -0.00128275295888349
         975,3057.52943691111,          0.998177488924576,                 -0.00113996001590244
         976,3057.52856482222,          0.998229200946516,                 -0.00113969367883147
         977,3057.52769273333,          0.997855024739854,                 -0.00185157226971426
         978,3057.52682064444,          0.998050604540425,                  -0.0027055159774958
         979,3057.52594855555,           0.99810373103731,                 -0.00355906336841146
         980,3057.52507646667,          0.997872173869726,                 -0.00412755570421082
         981,3057.52420437778,           0.99778302061307,                 -0.00412659834537636
         982,3057.52333228889,          0.997836172201428,                 -0.00384111443533484
         983,    3057.5224602,          0.997747068629068,                 -0.00341353238019924
         984,3057.52158811111,          0.997658006361918,                 -0.00241735833924638
         985,3057.52071602222,          0.997426820773091,                 -0.00170597517806116
         986,3057.51984393333,          0.997480005628414,                 -0.00113705329795202
         987,3057.51897184444,           0.99739106710471,                -0.000426296224720634
         988,3057.51809975555,          0.997160103935366,                                    0
         989,3057.51722766667,          0.997071280654261,                 0.000426098837886436
         990,3057.51635557778,          0.997124498562249,                 0.000710000355000177
         991,3057.51548348889,           0.99703572462904,                 0.000993770478770223
         992,    3057.5146114,          0.997088926138775,                   0.0015612780338116
         993,3057.51373931111,           0.99671781278336,                  0.00212852608083007
         994,3057.51286722222,          0.996629194354752,                  0.00297924741372951
         995,3057.51199513333,          0.996682453027421,                  0.00354590313443653
         996,3057.51112304445,           0.99673568707973,                  0.00368688687780239
         997,3057.51025095555,          0.996647125956065,                  0.00368603488973794
         998,3057.50937886667,          0.996700343572473,                  0.00325996983819211
         999,3057.50850677778,          0.996470126443443,                  0.00297580669159731
        1000,3057.50763468889,          0.996665032712147,                  0.00198341300042218
        1001,    3057.5067626,          0.996436341386031,                  0.00155803834474006
        1002,3057.50589051111,          0.996347951440074,                 0.000849642937555492
        1003,3057.50501842222,          0.996259602288976,                                    0
        1004,3057.50414633333,          0.996312835719492,                 -0.00113233451992555
        1005,3057.50327424444,          0.996366044592369,                 -0.00240565583838521
        1006,3057.50240215556,          0.996136275856605,                 -0.00353691334986722
        1007,3057.50153006667,          0.996190909952432,                 -0.00381899113569724
        1008,3057.50065797778,          0.996102698697317,                 -0.00395952236847315
        1009,3057.49978588889,          0.996155907023564,                 -0.00339309420501923
        1010,    3057.4989138,          0.995926398127444,                 -0.00310961975004311
        1011,3057.49804171111,          0.995979622550855,                 -0.00310890347561277
        1012,3057.49716962222,          0.995892948218935,                 -0.00353203627542536
        1013,3057.49629753333,          0.995946155910561,                 -0.00395496984335494
        1014,3057.49542544444,          0.995716906287378,                 -0.00437770870726262
        1015,3057.49455335555,          0.995911313913957,                 -0.00437670126613732
        1016,3057.49368126667,          0.995823329225827,                 -0.00409339143126137
        1017,3057.49280917778,          0.995877909347874,                 -0.00338685983057234
        1018,3057.49193708889,          0.995648885979368,                 -0.00253956071243143
        1019,     3057.491065,          0.995419967924259,                 -0.00155159694589299
        1020,3057.49019291111,          0.995755242487061,                -0.000423065532851039
        1021,3057.48932082222,          0.995808384077781,                 0.000140989435661586
        1022,3057.48844873333,          0.995440033265909,                  0.00056382896248423
        1023,3057.48757664445,          0.995634147785084,                 0.000563699446728993
