"SCAN INDEX",      WAVENUMBER,"SCIENCE DIRECT ABSORPTION","SCIENCE HARMONIC ABSORPTION SPECTRA"
           0,3058.39122071052,                          1,                                    0
           1,3058.39032610526,                          1,                                    0
           2,3058.38943149999,                          1,                                    0
           3,3058.38853689474,                          1,                                    0
           4,3058.38764228947,                          1,                                    0
           5,3058.38674768421,                          1,                                    0
           6,3058.38585307894,                          1,                                    0
           7,3058.38495847368,                          1,                                    0
           8,3058.38406386842,                          1,                                    0
           9,3058.38316926315,                          1,                                    0
          10,3058.38227465789,                          1,                                    0
          11,3058.38138005263,                          1,                                    0
          12,3058.38048544736,                          1,                                    0
          13, 3058.3795908421,                          1,                                    0
          14,3058.37869623684,                          1,                                    0
          15,3058.37780163157,                          1,                                    0
          16,3058.37690702632,                          1,                                    0
          17,3058.37601242105,                          1,                                    0
          18,3058.37511781578,                          1,                                    0
          19,3058.37422321052,                          1,                                    0
          20,3058.37332860526,                          1,                                    0
          21,     3058.372434,                          1,                                    0
          22,3058.37153939473,                          1,                                    0
          23,3058.37064478947,                          1,                                    0
          24, 3058.3697501842,                          1,                                    0
          25,3058.36885557895,                          1,                                    0
          26,3058.36796097368,                          1,                                    0
          27,3058.36706636842,                          1,                                    0
          28,3058.36617176315,                          1,                                    0
          29,3058.36527715789,                          1,                                    0
          30,3058.36438255263,                          1,                                    0
          31,3058.36348794736,                          1,                                    0
          32,3058.36259334211,                          1,                                    0
          33,3058.36169873684,                          1,                                    0
          34,3058.36080413157,                          1,                                    0
          35,3058.35990952631,                          1,                                    0
          36,3058.35901492105,                          1,                                    0
          37,3058.35812031579,                          1,                                    0
          38,3058.35722571053,                          1,                                    0
          39,3058.35633110526,                          1,                                    0
          40,3058.35543649999,                          1,                                    0
          41,3058.35454189473,                          1,                                    0
          42,3058.35364728947,                          1,                                    0
          43,3058.35275268421,                          1,                                    0
          44,3058.35185807894,                          1,                                    0
          45,3058.35096347368,                          1,                                    0
          46,3058.35006886841,                          1,                                    0
          47,3058.34917426315,                          1,                                    0
          48,3058.34827965789,                          1,                                    0
          49,3058.34738505263,                          1,                                    0
          50,3058.34649044737,                          1,                                    0
          51, 3058.3455958421,                          1,                                    0
          52,3058.34470123683,                          1,                                    0
          53,3058.34380663157,                          1,                                    0
          54,3058.34291202632,                          1,                                    0
          55,3058.34201742105,                          1,                                    0
          56,3058.34112281579,                          1,                                    0
          57,3058.34022821052,                          1,                                    0
          58,3058.33933360526,                          1,                                    0
          59,     3058.338439,                          1,                                    0
          60,3058.33754439473,                          1,                                    0
          61,3058.33664978947,                          1,                                    0
          62,3058.33575518421,                          1,                                    0
          63,3058.33486057894,                          1,                                    0
          64,3058.33396597368,                          1,                                    0
          65,3058.33307136841,                          1,                                    0
          66,3058.33217676316,                          1,                                    0
          67,3058.33128215789,                          1,                                    0
          68,3058.33038755263,                          1,                                    0
          69,3058.32949294736,                          1,                                    0
          70, 3058.3285983421,                          1,                                    0
          71,3058.32770373684,                          1,                                    0
          72,3058.32680913158,                          1,                                    0
          73,3058.32591452631,                          1,                                    0
          74,3058.32501992105,                          1,                                    0
          75,3058.32412531578,                          1,                                    0
          76,3058.32323071052,                          1,                                    0
          77,3058.32233610526,                          1,                                    0
          78,3058.32144149999,                          1,                                    0
          79,3058.32054689473,                          1,                                    0
          80,3058.31965228947,                          1,                                    0
          81,3058.31875768421,          0.993387631883414,                  0.00172396619493844
          82,3058.31786307894,          0.992682674671946,                 0.000957263910001876
          83,3058.31696847369,          0.991787092033556,                 0.000191353866878942
          84,3058.31607386842,          0.991085584887762,                 0.000382510839400912
          85,3058.31517926315,          0.990956376127586,                  0.00038231341671589
          86,3058.31428465789,          0.990636242575005,                 0.000382116197714563
          87,3058.31339005263,          0.990507398729355,                  0.00114575754624564
          88,3058.31249544737,          0.990569548861418,                   0.0020994730322689
          89, 3058.3116008421,          0.990824287976193,                  0.00343373838728754
          90,3058.31070623684,           0.99107687614399,                  0.00476662599145821
          91,3058.30981163157,           0.99132920438304,                  0.00552644116245831
          92,3058.30891702631,          0.991390804159842,                  0.00609500590453697
          93,3058.30802242105,           0.99183308267814,                  0.00647261512688229
          94,3058.30712781578,          0.992086521208846,                  0.00665957580404864
          95,3058.30623321052,          0.991957461456101,                   0.0072266839599946
          96,3058.30533860526,          0.991828534173226,                  0.00722297514346159
          97,3058.30444399999,          0.991889719949313,                  0.00702928933884784
          98,3058.30354939473,          0.992330609772539,                  0.00626615195608377
          99,3058.30265478946,          0.992203572540178,                  0.00531402066394892
         100,3058.30176018421,          0.992643850843548,                  0.00531129902992917
         101,3058.30086557895,          0.992135717644204,                  0.00492939588357525
         102,3058.29997097368,          0.992196589845334,                  0.00530586411681997
         103,3058.29907636841,          0.992638076316273,                  0.00473496506542775
         104,3058.29818176314,          0.992509327846105,                   0.0049218467526223
         105,3058.29728715789,          0.992759121104504,                  0.00397330694552975
         106,3058.29639255263,          0.993008659277568,                  0.00245841031624612
         107,3058.29549794736,          0.992881795465972,                 0.000378024669889957
         108, 3058.2946033421,           0.99294210104735,                 -0.00226699109828162
         109,3058.29370873684,          0.993191164752665,                 -0.00453167071370037
         110,3058.29281413159,          0.993439974635575,                 -0.00622787218141603
         111,3058.29191952631,          0.993501777815503,                 -0.00660196738628111
         112,3058.29102492105,          0.993561645126929,                 -0.00659860675131737
         113,3058.29013031578,          0.993621451520205,                 -0.00527619962878167
         114,3058.28923571053,          0.993683068589746,                 -0.00452016558873273
         115,3058.28834110526,          0.993930997093505,                 -0.00395313464753099
         116,    3058.2874465,          0.993802375944037,                 -0.00357482869044618
         117,3058.28655189474,           0.99423991515017,                  -0.0035730203116802
         118,3058.28565728946,          0.994111267534157,                  -0.0035712070491868
         119,3058.28476268421,          0.994170613353673,                 -0.00338153269848188
         120,3058.28386807894,           0.99441953388462,                 -0.00394312881638539
         121,3058.28297347368,          0.994666336362374,                 -0.00506716812863851
         122,3058.28207886841,          0.994537733159261,                 -0.00543975749936224
         123,3058.28118426315,          0.994786090993117,                 -0.00562449731055287
         124,3058.28028965789,          0.994470168705765,                 -0.00562165160376351
         125,3058.27939505263,          0.994905603835781,                 -0.00599340725202278
         126,3058.27850044736,          0.994777139220128,                 -0.00636477657762219
         127, 3058.2776058421,          0.994837770530574,                 -0.00729709856134895
         128,3058.27671123685,          0.995083490889778,                 -0.00766743528030086
         129,3058.27581663158,          0.994955130757254,                  -0.0080373982007443
         130,3058.27492202631,          0.995015580979995,                 -0.00747289208396542
         131,3058.27402742104,          0.995260840500581,                 -0.00672221205591387
         132,3058.27313281578,          0.995134442065893,                 -0.00597229972732719
         133,3058.27223821053,          0.995379395124208,                 -0.00485004952646728
         134,3058.27134360526,          0.995439511061889,                 -0.00391538298038953
         135,     3058.270449,          0.995685920073051,                 -0.00260894682407313
         136,3058.26955439473,          0.995371448261732,                  -0.0013038173910614
         137,3058.26865978947,          0.995431477751259,                -0.000744665403217699
         138, 3058.2677651842,          0.995489594807824,                -0.000186072821459406
         139,3058.26687057895,          0.995735484746872,                 0.000185979731928814
         140,3058.26597597368,          0.995793390995292,                -0.000185886389956187
         141,3058.26508136842,          0.995853089374099,                -0.000185793486823526
         142,3058.26418676315,          0.995912728110068,                -0.000557102029522694
         143,3058.26329215789,          0.995784851077731,                 -0.00148486091493417
         144,3058.26239755263,          0.996215494211932,                 -0.00129860492727812
         145,3058.26150294736,          0.996089440376482,                 -0.00203964702981037
         146, 3058.2606083421,          0.995963512226221,                 -0.00296528027458495
         147,3058.25971373684,          0.996021102236185,                 -0.00314903454305656
         148,3058.25881913157,           0.99571018871837,                 -0.00259203098587899
         149,3058.25792452631,           0.99576969055453,                 -0.00203558197288605
         150,3058.25702992105,          0.996014094015592,                 -0.00110976500725971
         151,3058.25613531579,          0.996071544114249,                -0.000369737024541295
         152,3058.25524071052,          0.996130777503077,                 0.000184776623539803
         153,3058.25434610526,          0.996189952037351,                 0.000369369652220004
         154,    3058.2534515,           0.99643366092459,                -0.000184593119845237
         155,3058.25255689473,          0.996123623388149,                 -0.00055350451382931
         156,3058.25166228948,          0.996551533368986,                 -0.00165968982241319
         157,3058.25076768421,           0.99624174483309,                 -0.00165886692016611
         158,3058.24987307894,          0.996300717749186,                 -0.00147381762980649
         159,3058.24897847368,          0.996359632243678,                 -0.00202549546381084
         160,3058.24808386841,          0.996234443614198,                 -0.00220853746967862
         161,3058.24718926316,          0.996477286314763,                 -0.00257535204142638
         162,3058.24629465789,          0.996536026064381,                 -0.00220635282523479
         163,3058.24540005263,          0.996410935894868,                 -0.00183771843580758
         164,3058.24450544736,           0.99628596933996,                -0.000551043124634934
         165, 3058.2436108421,          0.996344716545711,                 0.000734361316783277
         166,3058.24271623684,          0.996588734198352,                  0.00146800034498008
         167,3058.24182163157,          0.996463864658455,                  0.00275114264124366
         168,3058.24092702632,          0.996522437336961,                  0.00238314784499273
         169,3058.24003242105,           0.99639772356651,                  0.00219874451688086
         170,3058.23913781578,          0.996641234794903,                  0.00109883267342327
         171,3058.23824321052,          0.996516585118515,                                    0
         172,3058.23734860526,          0.996575016649225,                -0.000548875536983234
         173,     3058.236454,          0.996269475532148,                 -0.00128008192524322
         174,3058.23555939473,          0.996510750143024,                 -0.00201056827798483
         175,3058.23466478947,           0.99675360857325,                 -0.00274034166579889
         176, 3058.2337701842,          0.996629209379782,                 -0.00346939446284644
         177,3058.23287557894,          0.996506751059473,                 -0.00383271827330566
         178,3058.23198097368,          0.996747436531231,                  -0.0032835750105348
         179,3058.23108636842,          0.996442708646716,                 -0.00237031202422824
         180,3058.23019176316,          0.996502763709658,                -0.000728970565990972
         181,3058.22929715789,          0.996196638177884,                 0.000728613375884354
         182,3058.22840255262,          0.996802947987823,                  0.00182064465385904
         183,3058.22750794737,          0.996498788042015,                  0.00309358644936345
         184, 3058.2266133421,          0.996558698562365,                  0.00436528723590012
         185,3058.22571873684,          0.996436752354289,                  0.00418136203323274
         186,3058.22482413158,          0.996496634734195,                  0.00399761596720501
         187,3058.22392952631,          0.996374837448874,                  0.00290594192475063
         188,3058.22303492105,          0.996616224694298,                  0.00235992912951291
         189,3058.22214031578,          0.996494487708934,                  0.00217733682674931
         190,3058.22124571053,          0.996191512513602,                  0.00217627856365615
         191,3058.22035110526,          0.996613905464881,                  0.00253775821689857
         192,    3058.2194565,          0.996673527365492,                  0.00289888682745826
         193,3058.21856189473,          0.996551998898958,                  0.00380294239085555
         194,3058.21766728947,          0.996432391926454,                  0.00434411941984285
         195,3058.21677268421,          0.996492015218756,                   0.0048847647804841
         196,3058.21587807895,          0.996913239796241,                  0.00506322704775889
         197,3058.21498347368,           0.99679363208826,                  0.00506078362619606
         198,3058.21408886842,          0.996672339226292,                  0.00433571436313776
         199,3058.21319426315,          0.996552963205726,                  0.00379192104136986
         200,3058.21229965789,           0.99697334486001,                  0.00288768528561915
         201,3058.21140505263,          0.996673545668394,                  0.00216472082317117
         202,3058.21051044737,          0.996734648248953,                  0.00216367868650279
         203, 3058.2096158421,          0.996975911822058,                  0.00198241775669607
         204,3058.20872123684,           0.99649461583079,                  0.00306225749622622
         205,3058.20782663157,          0.996915808596486,                  0.00396101639680742
         206,3058.20693202631,          0.996976677224302,                  0.00467895191477109
         207,3058.20603742105,          0.997037487386388,                  0.00539619783900264
         208,3058.20514281579,          0.997098239166939,                  0.00485424674675574
         209,3058.20424821052,          0.996979231995342,                  0.00521131898483506
         210,3058.20335360526,          0.997221359073331,                  0.00538844394311959
         211,3058.20245899999,          0.997102406761769,                  0.00502680363509714
         212,3058.20156439474,           0.99698356843316,                  0.00484495254638145
         213,3058.20066978947,          0.997402914188554,                  0.00538070264802313
         214,3058.19977518421,          0.997285833629131,                  0.00591595047811636
         215,3058.19888057894,          0.996987892438553,                  0.00627149105595783
         216,3058.19798597367,          0.997229321550935,                  0.00734310384044331
         217,3058.19709136842,           0.99711249111639,                  0.00769763682549457
         218,3058.19619676315,          0.997351846550243,                  0.00840967649584884
         219, 3058.1953021579,          0.997235069194808,                  0.00786914330067639
         220,3058.19440755263,          0.997475921145775,                  0.00697160590048122
         221,3058.19351294737,          0.997359195823313,                  0.00571757331894411
         222, 3058.1926183421,          0.997421170688497,                    0.005000500050005
         223,3058.19172373684,          0.997661591189018,                  0.00481962121347352
         224,3058.19082913158,          0.997723363712273,                  0.00463891406590113
         225,3058.18993452632,          0.997963412763802,                  0.00428004322843661
         226,3058.18903992105,          0.997846733023415,                  0.00427801386076491
         227,3058.18814531578,            0.9979101079154,                  0.00427599403498832
         228,3058.18725071052,          0.998149727801631,                  0.00463013254644824
         229,3058.18635610526,          0.998212899872553,                  0.00444995051655026
         230,    3058.1854615,          0.998274236305087,                  0.00320244809365382
         231,3058.18456689474,          0.998337290049526,                  0.00248961917718086
         232,3058.18367228947,          0.998220763916168,                   0.0012442210376448
         233,3058.18277768421,          0.998461445530553,                 0.000532986536760081
         234,3058.18188307895,          0.998524322049399,                -0.000177578574079566
         235,3058.18098847368,          0.998764634466698,                -0.000532485143664492
         236,3058.18009386842,          0.998649897722213,                 -0.00106446960140936
         237,3058.17919926316,          0.998889925273883,                -0.000886641155045165
         238,3058.17830465789,          0.998775237463909,                -0.000531734820300217
         239,3058.17741005263,          0.999016750671001,                -0.000354324082522079
         240,3058.17651544736,          0.999079189686925,                -0.000885394531803372
         241,3058.17562084211,          0.998964574280733,                 -0.00141596679557864
         242,3058.17472623684,           0.99902874662317,                 -0.00141530546714811
         243,3058.17383163158,          0.999269689644623,                 -0.00123781416165499
         244,3058.17293702631,          0.999155145657838,                -0.000530243310980632
         245,3058.17204242104,          0.999395804551606,                 0.000706661343151215
         246,3058.17114781579,          0.999459656086992,                   0.0012360808467507
         247,3058.17025321052,          0.999346947420442,                  0.00176500697177754
         248,3058.16935860526,          0.999587180726632,                  0.00194060342181309
         249,3058.16846399999,          0.999650853997016,                  0.00176336365143238
         250,3058.16756939474,          0.999714468011605,                  0.00158628882441898
         251,3058.16667478947,          0.999427438890112,                 0.000880863245981061
         252,3058.16578018421,          0.999667188482256,                 0.000528272250386959
         253,3058.16488557895,           1.00043474205012,                                    0
         254,3058.16399097368,          0.999971851601644,                -0.000527782469177504
         255,3058.16309636841,            1.0000369276868,                 -0.00158261514844051
         256,3058.16220176315,          0.999926178766904,                 -0.00158188356633892
         257,3058.16130715789,           1.00016514232106,                 -0.00175683320274207
         258,3058.16041255263,           1.00005443667697,                 -0.00140481747031006
         259,3058.15951794737,           0.99994558835661,                 -0.00105312858173419
         260, 3058.1586233421,           1.00001052642659,                -0.000526321329698207
         261,3058.15772873684,           1.00007540459828,                -0.000526078592634549
         262,3058.15683413158,            1.0001402229545,                -0.000525836079366192
         263,3058.15593952632,           1.00020673391943,                 -0.00035039647360989
         264,3058.15504492105,           1.00044830170705,                -0.000175117854315955
         265,3058.15415031579,           1.00051285911078,                -0.000525111717517902
         266,3058.15325571052,           1.00057910768429,                                    0
         267,3058.15236110525,           1.00064529555061,                -0.000174876842983329
         268,    3058.1514665,           1.00071142279315,                -0.000174796755073039
         269,3058.15057189473,           1.00077748949516,                 -0.00104830044290694
         270,3058.14967728948,           1.00066885894062,                 -0.00209564158940444
         271,3058.14878268421,           1.00073663153411,                 -0.00401481641815535
         272,3058.14788807894,           1.00080259622431,                 -0.00540880064207698
         273,3058.14699347368,            1.0006958481063,                 -0.00645272680026718
         274,3058.14609886842,           1.00093608965542,                  -0.0057525062623875
         275,3058.14520426316,           1.00065513900795,                 -0.00470445564221047
         276,3058.14430965789,           1.00089692346543,                 -0.00383151771641544
         277,3058.14341505263,           1.00096440744648,                 -0.00261121149768647
         278,3058.14252044736,           1.00103183013257,                 -0.00208802050436135
         279, 3058.1416258421,           1.00057742343922,                 -0.00208707267187043
         280,3058.14073123684,            1.0008205442016,                 -0.00243381754712914
         281,3058.13983663157,           1.00071417524922,                  -0.0031277748141146
         282,3058.13894202631,           1.00095701425448,                 -0.00260530196318187
         283,3058.13804742105,           1.00085241723654,                 -0.00208330078175862
         284,3058.13715281578,           1.00091970777587,                -0.000867648845159387
         285,3058.13625821052,           1.00098867361629,                                    0
         286,3058.13536360526,           1.00105757728116,                 0.000866866623901247
         287,     3058.134469,           1.00095485825294,                  0.00138636406960241
         288,3058.13357439473,           1.00119693266518,                  0.00121252223679174
         289,3058.13267978947,           1.00109251015896,                   0.0012119764045508
         290,3058.13178518421,           1.00133603771364,                  0.00138449504004652
         291,3058.13089057894,           1.00088740968055,                  0.00190282777505808
         292,3058.12999597369,           1.00112907994681,                  0.00172906576847464
         293,3058.12910136842,           1.00085377614473,                  0.00138263343276772
         294,3058.12820676315,           1.00092422240073,                   0.0010365111036252
         295,3058.12731215789,           1.00082365922265,                 0.000690699557779608
         296,3058.12641755262,           1.00106665377937,                 0.000172597698927478
         297,3058.12552294737,           1.00096439002762,                -0.000345041154783737
         298, 3058.1246283421,           1.00086394354879,                -0.000862219110569254
         299,3058.12373373684,           1.00093595354361,                 -0.00155130421592776
         300,3058.12283913157,            1.0008356090039,                 -0.00258435774402798
         301,3058.12194452632,           1.00090756759829,                 -0.00327206534486708
         302,3058.12104992105,            1.0011515997597,                 -0.00344274965529469
         303,3058.12015531578,           1.00105129312496,                 -0.00309709922245603
         304,3058.11926071053,           1.00112306022733,                 -0.00326770969667055
         305,3058.11836610526,           1.00085266733596,                 -0.00343817474179308
         306,    3058.1174715,           1.00092445898529,                 -0.00360848302810149
         307,3058.11657689473,           1.00082614961037,                 -0.00360689019080449
         308,3058.11568228947,           1.00089960788084,                 -0.00394866054567055
         309,3058.11478768421,           1.00114460653507,                 -0.00343210355342841
         310,3058.11389307894,           1.00087480059692,                 -0.00360212010497607
         311,3058.11299847368,           1.00077840225222,                 -0.00308617633039918
         312,3058.11210386842,           1.00068037353707,                 -0.00257068087053537
         313,3058.11120926315,           1.00092675230703,                 -0.00188433925643973
         314,3058.11031465789,           1.00083045812179,                 -0.00136982782976465
         315,3058.10942005263,            1.0007342483197,                -0.000342306908951497
         316,3058.10852544737,           1.00098027978177,                  0.00068431398378518
         317, 3058.1076308421,            1.0007130850247,                  0.00171003603045916
         318,3058.10673623684,           1.00095891043161,                  0.00239300285963842
         319,3058.10584163158,           1.00103537709254,                  0.00307537750258844
         320,3058.10494702631,           1.00093928784903,                  0.00409871061395269
         321,3058.10405242105,           1.00084499108065,                   0.0046090422580893
         322,3058.10315781579,           1.00058014537761,                  0.00580145377606388
         323,3058.10226321053,           1.00065664361308,                  0.00665171452205726
         324,3058.10136860526,           1.00039211006359,                     0.00733075336277
         325,     3058.100474,           1.00064073725683,                  0.00800921571033223
         326,3058.09957939473,           1.00088744444955,                  0.00885741101282792
         327,3058.09868478947,           1.00045459730681,                  0.00919410283433759
         328,3058.09779018421,           1.00070287463814,                  0.00867956574941243
         329,3058.09689557895,           1.00078082338592,                  0.00833558734419682
         330,3058.09600097368,           1.00068866424642,                  0.00714170329623615
         331,3058.09510636842,           1.00076655182553,                  0.00611881723262893
         332,3058.09421176315,           1.00067617847034,                   0.0047570344647147
         333,3058.09331715789,           1.00092382517967,                  0.00356623690681593
         334,3058.09242255263,           1.00066371418532,                  0.00254621810225272
         335,3058.09152794737,           1.00108252652869,                  0.00186642504946026
         336, 3058.0906333421,           1.00082257066052,                  0.00152641978240038
         337,3058.08973873684,           1.00090189669553,                  0.00118670617833142
         338,3058.08884413158,           1.00098285094557,                  0.00101674235748661
         339,3058.08794952631,           1.00089265599883,                  0.00152445996005915
         340,3058.08705492105,           1.00114285714286,                  0.00101587301587302
         341,3058.08616031579,            1.0012236049127,                 0.000338479920524915
         342,3058.08526571052,           1.00096594821097,                                    0
         343,3058.08437110526,             1.000877606822,                 -0.00101457436069133
         344,    3058.0834765,            1.0007910322633,                 -0.00101414392730616
         345,3058.08258189473,           1.00120969649458,                 -0.00135161619506525
         346,3058.08168728947,           1.00112305470881,                 -0.00151992366605588
         347,3058.08079268421,           1.00103648634505,                  -0.0006752354039427
         348,3058.07989807895,           1.00128746602052,                -0.000337474710488883
         349,3058.07900347368,           1.00120090135068,                 0.000168665920038861
         350,3058.07810886842,           1.00111440994438,                 0.000674378181168326
         351,3058.07721426315,           1.00119820219114,                  0.00134818811942924
         352,3058.07631965789,           1.00111347131843,                  0.00235833562148039
         353,3058.07542505263,           1.00119550758558,                  0.00235733890114331
         354,3058.07453044737,           1.00144915583727,                  0.00302959408488586
         355, 3058.0736358421,           1.00153266631785,                  0.00302831983768206
         356,3058.07274123684,           1.00127976806096,                  0.00302704666192429
         357,3058.07184663158,           1.00153306168556,                  0.00319387851158537
         358,3058.07095202631,           1.00178446007481,                  0.00285648034573494
         359,3058.07005742105,           1.00186937235781,                  0.00285528572172385
         360,3058.06916281579,           1.00161843810649,                  0.00201465324459905
         361,3058.06826821053,           1.00153721194058,                  0.00117472528210189
         362,3058.06737360526,           1.00195761684054,                 0.000167747801245695
         363,     3058.066479,            1.0017086392759,                -0.000503034134219568
         364,3058.06558439474,           1.00213030208052,                -0.000670433384900835
         365,3058.06468978947,           1.00171392095859,                 -0.00117277093940628
         366,3058.06379518421,            1.0014653548252,                 -0.00117228386016328
         367,3058.06290057895,            1.0018865934684,                -0.000836997989530829
         368,3058.06200597368,           1.00163983802416,                -0.000501991231886483
         369,3058.06111136842,            1.0017261335278,                -0.000334522001512039
         370,3058.06021676316,           1.00181403241851,                 0.000334383855947435
         371,3058.05932215789,           1.00206898165325,                 0.000501368736651057
         372,3058.05842755263,           1.00198961258518,                  0.00116937767390734
         373,3058.05753294737,           1.00174499670204,                  0.00150286797304857
         374, 3058.0566383421,           1.00199965949037,                  0.00150224836505303
         375,3058.05574373684,           1.00192208866969,                  0.00150163177319354
         376,3058.05484913157,           1.00201136102096,                  0.00133423616647265
         377,3058.05395452632,           1.00243398239531,                  0.00133368898372899
         378,3058.05305992105,           1.00235799928343,                 0.000666572235599957
         379,3058.05216531578,           1.00211383386832,                -0.000666299091667763
         380,3058.05127071052,           1.00220455029838,                 -0.00183157502131287
         381,3058.05037610526,           1.00229519274459,                 -0.00332877845481433
         382,    3058.0494815,           1.00238576129743,                 -0.00482476134068472
         383,3058.04858689474,           1.00230995275323,                 -0.00582061528892703
         384,3058.04769228947,           1.00256834370922,                 -0.00598449019624141
         385,3058.04679768421,            1.0024925224327,                 -0.00515121302758392
         386,3058.04590307895,           1.00241842788899,                 -0.00431862123034197
         387,3058.04500847368,            1.0025104269054,                 -0.00315463698429987
         388,3058.04411386842,           1.00260235141038,                 -0.00165966288927393
         389,3058.04321926316,           1.00252996557588,                -0.000497698146074406
         390,3058.04232465789,           1.00229014342832,                                    0
         391,3058.04143005263,           1.00254947270009,                  0.00033153091028442
         392,3058.04053544737,           1.00264289442507,                                    0
         393, 3058.0396408421,           1.00257060892955,                 0.000331264037313581
         394,3058.03874623684,           1.00266560704647,                                    0
         395,3058.03785163158,           1.00275886950895,                 0.000330998141445436
         396,3058.03695702631,           1.00285371603458,                  0.00115802969519004
         397,3058.03606242105,           1.00278312003797,                  0.00181903270455436
         398,3058.03516781579,           1.00271258052199,                  0.00198360550053805
         399,3058.03427321052,           1.00280733177903,                  0.00214804668201143
         400,3058.03337860526,           1.00290366376961,                   0.0016516858757734
         401,     3058.032484,           1.00283316052595,                  0.00115571816326665
         402,3058.03158939473,           1.00292940545447,                 0.000825184635062095
         403,3058.03069478947,           1.00269563122973,                                    0
         404,3058.02980018421,           1.00262860195974,                 -0.00098943612035501
         405,3058.02890557895,           1.00288965411516,                 -0.00164840508565937
         406,3058.02801097368,           1.00298737656269,                 -0.00263640512978528
         407,3058.02711636842,           1.00308502174998,                 -0.00411775460488497
         408,3058.02622176315,           1.00301794466937,                 -0.00543328827545784
         409,3058.02532715789,            1.0029509205786,                  -0.0060894624321313
         410,3058.02443255263,           1.00304846449847,                 -0.00690963350974834
         411,3058.02353794737,            1.0029831306756,                 -0.00740026904089224
         412,3058.02264334211,            1.0029178481897,                 -0.00739736160769326
         413,3058.02174873684,           1.00318125948955,                 -0.00706581394890266
         414,3058.02085413158,           1.00311595047988,                  -0.0064060131109735
         415,3058.01995952631,           1.00305233966186,                 -0.00525416187087569
         416,3058.01906492105,            1.0031512605042,                  -0.0039390756302521
         417,3058.01817031579,           1.00325174974324,                 -0.00278908908350533
         418,3058.01727571052,           1.00318816051011,                 -0.00180400028864005
         419,3058.01638110526,            1.0034541379983,                 -0.00131149045972659
         420,    3058.0154865,           1.00306277458864,                 -0.00131097895714901
         421,3058.01459189473,           1.00316478505016,                 -0.00131047000006552
         422,3058.01369728947,           1.00310132862621,                 -0.00147370420464184
         423,3058.01280268421,           1.00320324481989,                 -0.00147313251809089
         424,3058.01190807895,           1.00314310537502,                -0.000981709122859261
         425,3058.01101347368,            1.0032449265312,                -0.000981328588064428
         426,3058.01011886842,           1.00318481751061,                 -0.00114444161058903
         427,3058.00922426315,           1.00328818345841,                 -0.00179771461443924
         428,3058.00832965789,           1.00306473851703,                 -0.00294058066666231
         429,3058.00743505263,           1.00316807106931,                 -0.00424586844339931
         430,3058.00654044737,           1.00327132400473,                 -0.00538691078622779
         431,3058.00564584211,           1.00304978044518,                  -0.0058743764594154
         432,3058.00475123684,           1.00299152130439,                 -0.00554589554795079
         433,3058.00385663157,           1.00325941095808,                 -0.00489156221822563
         434,3058.00296202632,           1.00320111615292,                 -0.00391175089970271
         435,3058.00206742105,           1.00330742786386,                 -0.00276976717662968
         436,3058.00117281579,            1.0032491592088,                 -0.00195438147897818
         437,3058.00027821052,            1.0030297652868,                 -0.00179083386108665
         438,3057.99938360526,           1.00281053846141,                 -0.00162741080568227
         439,     3057.998489,           1.00291683680192,                 -0.00227750782079918
         440,3057.99759439474,           1.00302468533515,                  -0.0024392623670602
         441,3057.99669978947,           1.00280734037417,                 -0.00308856207928501
         442,3057.99580518421,           1.00275102493147,                 -0.00373736405338256
         443,3057.99491057895,           1.00285881359236,                 -0.00357351699044896
         444,3057.99401597368,           1.00296814922581,                 -0.00340979943884443
         445,3057.99312136842,           1.00307577442157,                  -0.0032461999172219
         446,3057.99222676316,            1.0031849458981,                 -0.00227148459365574
         447,3057.99133215789,           1.00313184736826,                 -0.00162187849210713
         448,3057.99043755263,           1.00340304247237,                -0.000810634224004176
         449,3057.98954294737,           1.00318783598284,                -0.000810329431327012
         450, 3057.9886483421,           1.00297441613313,                -0.000972031416055367
         451,3057.98775373684,           1.00292147641442,                 -0.00145749931983365
         452,3057.98685913158,           1.00287019994269,                 -0.00210448952368927
         453,3057.98596452632,            1.0029807851019,                 -0.00226552613608045
         454,3057.98506992105,           1.00309291024737,                 -0.00242644632377206
         455,3057.98417531579,           1.00271822178814,                 -0.00242553996562201
         456,3057.98328071052,            1.0028303609963,                 -0.00226299565666476
         457,3057.98238610526,           1.00261925190546,                 -0.00226215463765938
         458,    3057.9814915,           1.00289286700726,                 -0.00242283668950056
         459,3057.98059689473,           1.00268189150045,                 -0.00226047447359201
         460,3057.97970228947,           1.00279549621672,                 -0.00242104175812824
         461,3057.97880768421,           1.00258633068569,                   -0.001774774643956
         462,3057.97791307895,           1.00253860321986,                 -0.00112898491353588
         463,3057.97701847368,           1.00265213500899,                -0.000483672038113357
         464,3057.97612386842,           1.00260441848621,                -0.000161164510285519
         465,3057.97522926316,           1.00223614172112,                -0.000161105311319904
         466,3057.97433465789,           1.00251070552597,                 -0.00032209179294007
         467,3057.97344005263,           1.00262569445674,                 -0.00064394713837941
         468,3057.97254544737,           1.00258128472021,                 -0.00209206367598118
         469, 3057.9716508421,           1.00269616359729,                 -0.00321737899437602
         470,3057.97075623684,           1.00233014017827,                  -0.0045026863348294
         471,3057.96986163158,           1.00228427579134,                 -0.00466178732926204
         472,3057.96896702631,           1.00240074818498,                 -0.00449939418871102
         473,3057.96807242105,           1.00219747739875,                 -0.00401585781935708
         474,3057.96717781579,           1.00247447246848,                 -0.00272978792759318
         475,3057.96628321052,           1.00227132274453,                -0.000802587542236169
         476,3057.96538860526,            1.0022271714922,                 0.000320918082450274
         477,     3057.964494,           1.00250546164976,                  0.00128320699091169
         478,3057.96359939473,           1.00214378598698,                  0.00176377306333709
         479,3057.96270478947,           1.00226162025617,                  0.00256455875965116
         480,3057.96181018421,           1.00238097527054,                  0.00320454275981632
         481,3057.96091557895,           1.00234007486318,                   0.0036838960885032
         482,3057.96002097369,           1.00229920392466,                  0.00400279234794192
         483,3057.95912636842,           1.00209830838891,                  0.00416140489029096
         484,3057.95823176316,           1.00205755391079,                  0.00431990323416755
         485, 3057.9573371579,           1.00201843138133,                  0.00447829466539142
         486,3057.95644255263,           1.00229910050491,                  0.00383716356869002
         487,3057.95554794737,           1.00241974408889,                  0.00351614068398526
         488,3057.95465334211,           1.00222076656388,                  0.00319534757393235
         489,3057.95375873684,           1.00218324221851,                  0.00223594667586599
         490,3057.95286413158,           1.00214414463317,                  0.00127722688498732
         491,3057.95196952632,           1.00226627086725,                 0.000159596539947014
         492,3057.95107492105,           1.00222877044303,                -0.000957238558207284
         493,3057.95018031579,           1.00235237829433,                 -0.00175431601610781
         494,3057.94928571052,            1.0021554472872,                 -0.00175369231946535
         495,3057.94839110526,           1.00211962324892,                 -0.00111559118364225
         496,    3057.9474965,           1.00224313835448,                -0.000477941410755594
         497,3057.94660189474,           1.00220730864418,                -0.000159257477934876
         498,3057.94570728947,           1.00217150426022,                -0.000318402384197053
         499,3057.94481268421,           1.00229646522598,                 -0.00111401639513843
         500,3057.94391807894,           1.00194407058472,                 -0.00159089245885157
         501,3057.94302347368,           1.00222646310433,                 -0.00206743002544529
         502,3057.94212886842,           1.00219388890655,                 -0.00222568439795237
         503,3057.94123426316,           1.00247758807834,                 -0.00254274594312831
         504,3057.94033965789,           1.00212721677753,                 -0.00270072331725079
         505,3057.93944505263,            1.0025695509797,                 -0.00285858576233718
         506,3057.93855044736,           1.00206063800401,                  -0.0026988325168042
         507, 3057.9376558421,           1.00218687809662,                 -0.00253919082336436
         508,3057.93676123684,           1.00215597589241,                 -0.00237966434041257
         509,3057.93586663158,           1.00212350589396,                 -0.00190306726867028
         510,3057.93497202632,           1.00209264719871,                 -0.00158533878689876
         511,3057.93407742105,           1.00190333106709,                 -0.00206022513506361
         512,3057.93318281579,           1.00187257017385,                 -0.00269320583380068
         513,3057.93228821052,           1.00200178640432,                 -0.00332575272870093
         514,3057.93139360526,           1.00197101265723,                   -0.003641228202104
         515,     3057.930499,           1.00194184590891,                 -0.00411475090722345
         516,3057.92960439474,           1.00222910941621,                 -0.00395512671434967
         517,3057.92870978947,           1.00172542222236,                 -0.00347931153913672
         518,3057.92781518421,           1.00217224272204,                 -0.00252954028767197
         519,3057.92692057895,           1.00214304679302,                -0.000948250793369831
         520,3057.92602597368,           1.00179947895684,                 0.000157987616930585
         521,3057.92513136842,           1.00161408008491,                  0.00173726819314632
         522,3057.92423676316,           1.00174456697637,                  0.00236819046566519
         523,3057.92334215789,           1.00187654570391,                  0.00299868531322846
         524,3057.92244755263,           1.00184908208536,                  0.00299765867080659
         525,3057.92155294737,           1.00182321731615,                  0.00268120193551236
         526, 3057.9206583421,           1.00179737016366,                  0.00236496074165169
         527,3057.91976373684,           1.00161393023534,                  0.00189132449454353
         528,3057.91886913158,           1.00174730695724,                  0.00173312682864575
         529,3057.91797452631,           1.00187901535185,                  0.00236255073577705
         530,3057.91707992105,            1.0016973116976,                  0.00314900129423953
         531,3057.91618531579,           1.00183052458774,                  0.00377752279498912
         532,3057.91529071053,            1.0016489602739,                  0.00472030612758673
         533,3057.91439610526,           1.00162638455029,                  0.00471871726389898
         534,    3057.9135015,           1.00144501172205,                  0.00377369764191069
         535,3057.91260689474,            1.0014225198249,                  0.00282932119868908
         536,3057.91171228947,           1.00155717470997,                  0.00204271152670688
         537,3057.91081768421,           1.00153623343208,                 0.000785395415175724
         538,3057.90992307895,           1.00167075981885,                -0.000157026298764517
         539,3057.90902847368,           1.00149282080342,                -0.000313947592728346
         540,3057.90813386842,           1.00178419271164,                -0.000784605414091199
         541,3057.90723926316,           1.00160633498359,                -0.000941211904448167
         542,3057.90634465789,             1.001586982976,                -0.000784082498024112
         543,3057.90545005263,           1.00156607373244,                -0.000940584824290917
         544,3057.90455544737,           1.00170346004548,                -0.000783560278508665
         545, 3057.9036608421,           1.00136920633031,                 -0.00125327810554482
         546,3057.90276623684,           1.00134995881216,                 -0.00156607750830804
         547,3057.90187163158,           1.00148884773205,                 -0.00203522823519097
         548,3057.90097702631,           1.00146957326034,                 -0.00219105704417015
         549,3057.90008242105,           1.00129542595733,                 -0.00265969097519916
         550,3057.89918781579,           1.00143419515377,                 -0.00344081716279601
         551,3057.89829321052,           1.00141652360716,                 -0.00422142796836743
         552,3057.89739860526,           1.00139886371629,                 -0.00547041676760888
         553,     3057.896504,           1.00153746156346,                 -0.00562485937851554
         554,3057.89560939474,            1.0015213377776,                  -0.0054668195293537
         555,3057.89471478947,           1.00134908093861,                 -0.00468430881462004
         556,3057.89382018421,           1.00133302947338,                 -0.00405840354891781
         557,3057.89292557894,           1.00131698852784,                  -0.0029647846005967
         558,3057.89203097368,           1.00145694827054,                 -0.00233985268287509
         559,3057.89113636842,           1.00113056021208,                 -0.00140345405637207
         560,3057.89024176316,           1.00127048956718,                 -0.00109121803315744
         561,3057.88934715789,           1.00125605039162,                -0.000935025105424081
         562,3057.88845255263,           1.00124318042318,                -0.000623148081794417
         563,3057.88755794737,           1.00107302320004,                 -0.00124589050802743
         564, 3057.8866633421,           1.00106022085599,                 -0.00171254470130885
         565,3057.88576873684,           1.00104586881817,                 -0.00186762288958613
         566,3057.88487413158,           1.00087749869309,                 -0.00202260337059072
         567,3057.88397952631,           1.00102030658969,                 -0.00186641449333068
         568,3057.88308492105,           1.00085360980547,                 -0.00124387585497029
         569,3057.88219031579,           1.00084089909366,                -0.000155434213246415
         570,3057.88129571052,           1.00098513594565,                  0.00139845796701504
         571,3057.88040110526,            1.0006632772732,                  0.00279601660833865
         572,    3057.8795065,           1.00096276281872,                  0.00326097083760365
         573,3057.87861189474,           1.00095158703917,                  0.00357039182721787
         574,3057.87771728948,           1.00094197174705,                  0.00325888083824623
         575,3057.87682268421,           1.00077567483711,                  0.00310269934843314
         576,3057.87592807894,            1.0006110364978,                  0.00217119567745958
         577,3057.87503347368,           1.00075657507147,                  0.00170539462831699
         578,3057.87413886842,           1.00090357197656,                   0.0015498661690563
         579,3057.87324426316,           1.00089398735403,                  0.00154937149745206
         580, 3057.8723496579,           1.00073107114314,                   0.0024782072648646
         581,3057.87145505263,           1.00072309714741,                  0.00371613095026114
         582,3057.87056044737,           1.00071512821227,                  0.00448890003374415
         583, 3057.8696658421,           1.00070716433292,                  0.00510643829024067
         584,3057.86877123684,           1.00054451402124,                  0.00464074449917085
         585,3057.86787663158,           1.00069279921813,                  0.00417535243067369
         586,3057.86698202631,           1.00053180305972,                  0.00309187825420186
         587,3057.86608742105,           1.00067999876364,                  0.00231817760331345
         588,3057.86519281579,           1.00051910812281,                   0.0013904681860879
         589,3057.86429821052,           1.00066721444149,                 0.000926686724285988
         590,3057.86340360526,           1.00050797395591,                   0.0006175975147876
         591,     3057.862509,           1.00081034150106,                   0.0012348060968551
         592,3057.86161439474,           1.00065115618799,                  0.00154302414215573
         593,3057.86071978947,           1.00064632466477,                  0.00215955735244439
         594,3057.85982518421,           1.00079724526318,                    0.002158884658503
         595,3057.85893057895,           1.00063821324955,                  0.00184989347696728
         596,3057.85803597368,           1.00048082257647,                  0.00154109800150411
         597,3057.85714136842,           1.00063165354573,                  0.00107843288295922
         598,3057.85624676316,           1.00047436284445,                 0.000924083463218398
         599,3057.85535215789,           1.00062510200248,                  0.00061586404185412
         600,3057.85445755263,           1.00046791114614,                 0.000461754420528986
         601,3057.85356294737,           1.00046622772532,                 0.000307741072816154
         602, 3057.8526683421,           1.00046454534547,                 0.000153822962076487
         603,3057.85177373684,           1.00077041483994,                -0.000307550834308526
         604,3057.85087913158,           1.00046118370484,                -0.000153727901614143
         605,3057.84998452631,           1.00076686527299,                -0.000153680415428899
         606,3057.84908992105,           1.00030573005726,                 0.000614532778410234
         607,3057.84819531579,           1.00061280815112,                  0.00168944603064655
         608,3057.84730071053,           1.00061108364476,                  0.00276369487580262
         609,3057.84640610526,           1.00107290702547,                  0.00399078435796722
         610,    3057.8455115,            1.0006122439585,                  0.00491022723610981
         611,3057.84461689474,           1.00076545365017,                  0.00521551585286723
         612,3057.84372228947,            1.0007667535654,                  0.00506057353166692
         613,3057.84282768421,           1.00076805268749,                  0.00475242181882848
         614,3057.84193307895,           1.00076935101717,                  0.00429120089256979
         615,3057.84103847368,           1.00046422765847,                   0.0035238403118139
         616,3057.84014386842,           1.00061878155173,                  0.00321643875900603
         617,3057.83924926316,           1.00062165630062,                  0.00260299436222045
         618,3057.83835465789,           1.00093067112409,                  0.00275527635421833
         619,3057.83746005263,           1.00093191796061,                  0.00153024295667423
         620,3057.83656544737,           1.00078324827747,                  0.00107084725434764
         621, 3057.8356708421,           1.00078606974304,                -0.000152931856623326
         622,3057.83477623684,           1.00078888950043,                -0.000764427810495288
         623,3057.83388163158,           1.00079323715651,                 -0.00152839529193114
         624,3057.83298702631,           1.00064478867128,                 -0.00168072876399207
         625,3057.83209242105,           1.00095467216558,                 -0.00168022301141788
         626,3057.83119781579,            1.0008062644303,                 -0.00137431436983105
         627,3057.83030321053,           1.00081060163128,                 -0.00152655674440402
         628,3057.82940860526,           1.00096907358092,                  -0.0016787101401723
         629,     3057.828514,            1.0009733592489,                  -0.0019833338927352
         630,3057.82761939474,           1.00097916901799,                 -0.00274533369531066
         631,3057.82672478947,           1.00098497531463,                 -0.00350687805517691
         632,3057.82583018421,           1.00099077814191,                 -0.00381068516119198
         633,3057.82493557895,           1.00099810284269,                 -0.00426669917485086
         634,3057.82404097368,           1.00100389829398,                 -0.00457009845515439
         635,3057.82314636842,           1.00101121473693,                 -0.00441644990527476
         636,3057.82225176316,           1.00101852683567,                 -0.00411064642198678
         637,3057.82135715789,           1.00087363361572,                   -0.004109426415393
         638,3057.82046255263,           1.00088098219625,                  -0.0036517396735649
         639,3057.81956794737,            1.0008898488778,                 -0.00349855114349384
         640,3057.81867334211,           1.00089871032787,                  -0.0028892548611713
         641,3057.81777873684,           1.00090604496172,                 -0.00197627256751251
         642,3057.81688413158,           1.00121884868951,                 -0.00106383302076906
         643,3057.81598952632,           1.00077333175325,                -0.000303863164339834
         644,3057.81509492105,           1.00093410390577,                                    0
         645,3057.81420031579,           1.00079109719563,                 0.000303684144195305
         646,3057.81330571053,           1.00080149125949,                  0.00045539276107667
         647,3057.81241110526,           1.00081187923486,                 0.000758765640056756
         648,    3057.8115165,           1.00082226112707,                 0.000455126085096441
         649,3057.81062189474,           1.00068097265341,                 0.000454992864195247
         650,3057.80972728947,           1.00099462659049,                 0.000151619907087321
         651,3057.80883268421,           1.00085488740951,                 0.000303151563655765
         652,3057.80793807895,           1.00056369785795,                 0.000454595046732371
         653,3057.80704347368,           1.00057413716576,                  0.00106041165180323
         654,3057.80614886842,           1.00073904457287,                  0.00136299204012649
         655,3057.80525426316,            1.0005995421678,                  0.00196819398519918
         656,3057.80435965789,           1.00091418746292,                  0.00196762202283652
         657,3057.80346505263,           1.00062491772421,                  0.00196705336918414
         658,3057.80257044737,            1.0006368376548,                  0.00196648206946522
         659, 3057.8016758421,           1.00049903972659,                  0.00151224159571733
         660,3057.80078123684,           1.00051250187086,                  0.00120944394302914
         661,3057.79988663158,           1.00052746840857,                 0.000906822478920156
         662,3057.79899202632,           1.00054091459895,                 0.000151093463394587
         663,3057.79809742105,           1.00055435303074,                 -0.00045314961640885
         664,3057.79720281579,           1.00041828809933,                -0.000906039204316371
         665,3057.79630821053,           1.00043326444378,                 -0.00150963220830509
         666,3057.79541360526,           1.00059915213182,                  -0.0019619591218271
         667,     3057.794519,           1.00031231470459,                  -0.0019613966954992
         668,3057.79362439474,           1.00063048468888,                 -0.00181000389150837
         669,3057.79272978947,           1.00034380221119,                -0.000753952217524262
         670,3057.79183518421,           1.00020953899913,                -0.000150747481386455
         671,3057.79094057895,           1.00037676135936,                 0.000150704543741994
         672,3057.79004597368,           1.00039322685574,                -0.000150661630550563
         673,3057.78915136842,           1.00025906423588,                 -0.00105433119253895
         674,3057.78825676316,           1.00027555385572,                 -0.00210806228420595
         675,3057.78736215789,           1.00044407312906,                 -0.00301066528176064
         676,3057.78646755263,           1.00031151569693,                 -0.00346128552144266
         677,3057.78557294737,            1.0006288721524,                 -0.00376119708371823
         678, 3057.7846783421,           1.00019552694512,                 -0.00376013355994405
         679,3057.78378373684,           1.00021501916377,                 -0.00300726103176119
         680,3057.78288913158,           1.00008267630723,                 -0.00210448782027674
         681,3057.78199452632,           1.00025096440964,                -0.000751390448024069
         682,3057.78109992105,           1.00012018869625,                 0.000150235870316397
         683,3057.78020531579,           1.00028987379226,                 0.000600774698974327
         684,3057.77931071053,           1.00015916059304,                 0.000900909017198353
         685,3057.77841610526,           1.00017863013205,                  0.00150109354664873
         686,    3057.7775215,           1.00004802151364,                  0.00165073953131003
         687,3057.77662689474,           1.00006901166297,                  0.00150025354284874
         688,3057.77573228947,          0.999938506856486,                  0.00104988293805241
         689,3057.77483768421,          0.999959515809076,                  0.00119953158291687
         690,3057.77394307895,          0.999980513046515,                  0.00074949821094777
         691,3057.77304847368,            1.0000014985786,                 0.000149857859819961
         692,3057.77215386842,          0.999872656314374,                                    0
         693,3057.77125926316,          0.999595608609043,                -0.000149774589243189
         694,3057.77036465789,          0.999616683836036,                -0.000299465753096476
         695,3057.76947005263,          0.999938626521426,                -0.000299382822311804
         696,3057.76857544737,          0.999811441039409,                -0.000299299937446313
         697, 3057.7676808421,          0.999983543059585,                 0.000448825647692812
         698,3057.76678623684,          0.999706848380786,                  0.00179480583192242
         699,3057.76589163158,          0.999579832561033,                   0.0032895671378224
         700,3057.76499702632,          0.999753350324755,                  0.00433505489823832
         701,3057.76410242105,          0.999775835014571,                  0.00508107300306359
         702,3057.76320781579,          0.999799800996214,                  0.00552788294035564
         703,3057.76231321053,          0.999823753804976,                  0.00597444728894518
         704,3057.76141860526,          0.999997013597092,                  0.00612212596050184
         705,     3057.760524,          0.999722340816199,                  0.00641900263626945
         706,3057.75962939474,          0.999895533302491,                  0.00582028743265629
         707,3057.75873478947,          0.999771727989282,                  0.00477431656404373
         708,3057.75784018421,          0.999647990263053,                  0.00447470004594025
         709,3057.75694557895,          0.999671945363992,                  0.00372789359100534
         710,3057.75605097368,           0.99984645268432,                  0.00372687659417146
         711,3057.75515636842,          0.999722796004686,                  0.00342779133990873
         712,3057.75426176316,          0.999898684085058,                  0.00312887384380662
         713,3057.75336715789,          0.999924033776668,                  0.00283011420255574
         714,3057.75247255263,          0.999950858706869,                  0.00253152116128321
         715,3057.75157794737,          0.999678435529301,                  0.00163759684152231
         716,3057.75068334211,           1.00000297664229,                 0.000446496343194949
         717,3057.74978873684,            1.0000297583621,                 -0.00014879181049875
         718,3057.74889413158,           1.00020527710922,                -0.000892509170531727
         719,3057.74799952632,           1.00008327831016,                 -0.00104097887705147
         720,3057.74710492105,           1.00011150343802,                 -0.00118937000557517
         721,3057.74621031579,           0.99998959582763,                 -0.00104041723703826
         722,3057.74531571053,           1.00001783092715,                 -0.00059436423829251
         723,3057.74442110526,          0.999897499736322,                 0.000891306640680126
         724,    3057.7435265,          0.999777233236801,                  0.00178213410559145
         725,3057.74263189474,           1.00010244517327,                  0.00237554024981775
         726,3057.74173728947,           1.00042748236635,                  0.00282019616690812
         727,3057.74084268421,           1.00030865479929,                  0.00281944287808729
         728,3057.73994807895,           1.00004005500888,                  0.00207692638631127
         729,3057.73905347368,            1.0002180190522,                  0.00133481052364617
         730,3057.73815886842,           1.00024761540435,                 0.000593090788855231
         731,3057.73726426316,           1.00027719596272,                -0.000444699405436895
         732,3057.73636965789,           1.00030676073996,                 -0.00118554875346958
         733,3057.73547505263,             1.000484463823,                 -0.00192600296604457
         734,3057.73458044737,           1.00036732469133,                 -0.00222172192335948
         735, 3057.7336858421,           1.00039684184964,                 -0.00162882848732179
         736,3057.73279123684,           1.00013175211062,                 -0.00088821647611956
         737,3057.73189663158,           1.00031079341118,                 0.000147996862466516
         738,3057.73100202632,           1.00048973987563,                  0.00147957666352503
         739,3057.73010742105,            1.0006685915793,                  0.00281045132889972
         740,3057.72921281579,           1.00040371058831,                  0.00369698340941725
         741,3057.72831821053,           1.00058396966315,                  0.00443521263148557
         742,3057.72742360526,           1.00061485344022,                  0.00472964184787107
         743,     3057.726529,            1.0006471994586,                  0.00443287300409893
         744,3057.72565691111,            1.0006780502289,                  0.00339763731255752
         745,3057.72478482222,           1.00071036258029,                  0.00191989886563514
         746,3057.72391273333,           1.00089030366294,                 0.000442937145742562
         747,3057.72304064444,           1.00077641355978,                 -0.00103324998450125
         748,3057.72216855556,           1.00110381139582,                 -0.00206595715795128
         749,3057.72129646667,           1.00098844843102,                 -0.00354071079769264
         750,3057.72042437778,           1.00116960444361,                 -0.00471971528317554
         751,3057.71955228889,           1.00105576067852,                 -0.00545574652306749
         752,    3057.7186802,           1.00094197632234,                 -0.00545432299321453
         753,3057.71780811111,           1.00127037837232,                 -0.00560027588727529
         754,3057.71693602222,            1.0011565973936,                  -0.0053041409133436
         755,3057.71606393333,           1.00119017457858,                 -0.00456626385345534
         756,3057.71519184444,            1.0012237342597,                 -0.00338699012913268
         757,3057.71431975556,           1.00125875052448,                 -0.00220833425347261
         758,3057.71344766667,           1.00114509097439,                 -0.00147183929869801
         759,3057.71257557778,           1.00118010941763,                 -0.00103002068870126
         760,3057.71170348889,           1.00150932515807,                 -0.00102975400647862
         761,    3057.7108314,           1.00110302228105,                -0.000882417824840062
         762,3057.70995931111,           1.00113802442489,                 -0.00132328421498369
         763,3057.70908722222,           1.00117448011983,                 -0.00161693132892646
         764,3057.70821513333,           1.00150335720384,                 -0.00235129181441842
         765,3057.70734304444,           1.00109894630443,                 -0.00337911296815406
         766,3057.70647095556,           1.00142767336244,                 -0.00425951929121599
         767,3057.70559886667,           1.00146401704545,                 -0.00558000478705674
         768,3057.70472677778,            1.0015003420545,                 -0.00645939827768953
         769,3057.70385468889,           1.00124311480246,                 -0.00689803963584221
         770,    3057.7029826,            1.0014262069937,                 -0.00704299749973589
         771,3057.70211051111,           1.00146251373399,                 -0.00704118949161145
         772,3057.70123842222,           1.00135361656134,                 -0.00689273871973978
         773,3057.70036633333,           1.00138992334895,                 -0.00630450464187481
         774,3057.69949424444,            1.0014276793907,                 -0.00600973870828728
         775,3057.69862215556,           1.00146541617819,                 -0.00571512309495897
         776,3057.69775006667,           1.00150313372616,                 -0.00571366621055007
         777,3057.69687797778,           1.00124789819963,                 -0.00541927621904422
         778,3057.69600588889,           1.00128565194854,                 -0.00512503624132771
         779,    3057.6951338,           1.00132338646398,                 -0.00424537693091454
         780,3057.69426171111,           1.00136256730512,                  -0.0033661705711806
         781,3057.69338962222,           1.00140026307973,                 -0.00219476971744535
         782,3057.69251753333,           1.00129312362496,                -0.000731404765248327
         783,3057.69164544444,           1.00118603838319,                 0.000292487887345365
         784,3057.69077335556,           1.00151616388606,                  0.00146206739253439
         785,3057.68990126667,           1.00126290679046,                  0.00233871627863466
         786,3057.68902917778,           1.00130350660814,                  0.00292266055635766
         787,3057.68815708889,           1.00119652700367,                  0.00306801795813178
         788,     3057.687285,           1.00108960146293,                  0.00262906519205321
         789,3057.68641291111,           1.00113021409818,                   0.0023363598928779
         790,3057.68554082222,           1.00131533038734,                  0.00131387053119786
         791,3057.68466873333,           1.00120991694044,                -0.000291897934968059
         792,3057.68379664444,           1.00125046874339,                 -0.00160503572663615
         793,3057.68292455556,           1.00114512446847,                 -0.00247988738393762
         794,3057.68205246667,           1.00118567217987,                 -0.00364597841289101
         795,3057.68118037778,           1.00122619955414,                 -0.00393666919877118
         796,3057.68030828889,           1.00126670660655,                 -0.00481027825273202
         797,    3057.6794362,            1.0013071933524,                 -0.00451761359247919
         798,3057.67856411111,           1.00105773237331,                 -0.00466218125977965
         799,3057.67769202222,           1.00124536629063,                 -0.00407839253071539
         800,3057.67681993333,           1.00114020768381,                  -0.0033492690584331
         801,3057.67594784444,           1.00103655908969,                 -0.00276609869440142
         802,3057.67507575556,           1.00107850999696,                 -0.00160102698603759
         803,3057.67420366667,           1.00097492833549,                -0.000436535075593324
         804,3057.67333157778,           1.00087139820861,                 0.000581901975702683
         805,3057.67245948889,           1.00106025414103,                   0.0017452743062171
         806,    3057.6715874,            1.0006659474047,                  0.00174484036164725
         807,3057.67071531111,           1.00114549535406,                  0.00159904173789671
         808,3057.66984322222,           1.00104202545332,                  0.00101731913155826
         809,3057.66897113333,           1.00108535669296,                 0.000435886222072407
         810,3057.66809904444,           1.00098340700412,                 0.000581038111742345
         811,3057.66722695556,           1.00117195498647,                 0.000290447332459087
         812,3057.66635486667,           1.00107003424981,                 0.000725939111131115
         813,3057.66548277778,           1.00082301181682,                 0.000580607983650079
         814,3057.66461068889,           1.00072122745076,                 0.000145116187275342
         815,    3057.6637386,           1.00090965408481,                -0.000145080396301611
         816,3057.66286651111,           1.00080935017014,                -0.000580179333431964
         817,3057.66199442222,           1.00099911399325,                 -0.00130508359060398
         818,3057.66112233333,           1.00089738627187,                 -0.00188465614448644
         819,3057.66025024444,           1.00079715921444,                 -0.00246394666280165
         820,3057.65937815555,           1.00084188379106,                 -0.00333275855323502
         821,3057.65850606667,           1.00088658646826,                 -0.00347680967943815
         822,3057.65763397778,           1.00049677242754,                 -0.00391045351122517
         823,3057.65676188889,           1.00068633384784,                 -0.00347510809034123
         824,    3057.6558898,           1.00058628102404,                 -0.00332949717354642
         825,3057.65501771111,           1.00077717620191,                 -0.00318396209348402
         826,3057.65414562222,            1.0005324597906,                 -0.00245973272833554
         827,3057.65327353333,           1.00043396499349,                 -0.00159120497613193
         828,3057.65240144444,           1.00048013790949,                -0.000144619852256359
         829,3057.65152935556,           1.00038025727369,                 0.000867507088255834
         830,3057.65065726667,           1.00057097014332,                  0.00187914224384039
         831,3057.64978517778,           1.00032804748162,                  0.00260125756351765
         832,3057.64891308889,           1.00022972197861,                   0.0028895846366564
         833,     3057.648041,           1.00042033253937,                  0.00303332760371453
         834,3057.64716891111,           1.00032347691472,                   0.0037546427601823
         835,3057.64629682222,           1.00036959823517,                  0.00404248069715467
         836,3057.64542473333,           1.00056148069243,                   0.0040415062693866
         837,3057.64455264444,            1.0004632175001,                  0.00303039486045032
         838,3057.64368055556,           1.00036644516451,                   0.0027411252463406
         839,3057.64280846667,           1.00055674629389,                  0.00216352186743669
         840,3057.64193637778,           1.00045999818308,                  0.00158620063130785
         841,3057.64106428889,           1.00036329665767,                  0.00129748806310982
         842,    3057.6401922,           1.00041077232403,                  0.00100891448008475
         843,3057.63932011111,           1.00031412918491,                   0.0010086716946549
         844,3057.63844802222,           1.00036303497237,                  0.00115249197577462
         845,3057.63757593333,           1.00026644966622,                 0.000720134233021035
         846,3057.63670384444,           1.00045789523703,                  0.00115193770320901
         847,3057.63583175556,           1.00036277366378,                  0.00143957803088759
         848,3057.63495966667,           1.00041018112735,                  0.00187100163352835
         849,3057.63408757778,           1.00031511652837,                  0.00244611003754059
         850,3057.63321548889,           1.00036395179725,                  0.00345250716754873
         851,    3057.6323434,           1.00041276374812,                  0.00373932315374515
         852,3057.63147131111,           1.00031632829125,                  0.00402599643411744
         853,3057.63059922222,           1.00036512824051,                  0.00388128444639946
         854,3057.62972713333,           1.00041534267208,                  0.00344921250167071
         855,3057.62885504444,           1.00046409579627,                   0.0025862923631097
         856,3057.62798295556,           1.00065647431634,                  0.00114918917521256
         857,3057.62711086667,           1.00056153230821,                -0.000430843203233047
         858,3057.62623877778,           1.00075523278687,                 -0.00172296453277509
         859,3057.62536668889,            1.0008038585209,                 -0.00301446945337621
         860,    3057.6244946,           1.00071038525843,                 -0.00358780433550276
         861,3057.62362251111,           1.00047204259575,                 -0.00430433977884302
         862,3057.62275042222,           1.00052213628331,                 -0.00444676505014803
         863,3057.62187833333,           1.00071561635506,                 -0.00415889264463983
         864,3057.62100624445,           1.00090900488339,                 -0.00358440411432242
         865,3057.62013415556,           1.00067227517126,                 -0.00243681831799332
         866,3057.61926206667,           1.00086558249116,                 -0.00143308359463224
         867,3057.61838997778,           1.00062897497138,                 0.000286548961904748
         868,3057.61751788889,           1.00082220114994,                  0.00157564680301264
         869,    3057.6166458,           1.00073035558292,                  0.00229131163270275
         870,3057.61577371111,           1.00078029364812,                  0.00286346292889306
         871,3057.61490162222,            1.0006885011716,                  0.00257651166086236
         872,3057.61402953333,           1.00073842560791,                  0.00243279754545038
         873,3057.61315744444,           1.00078975832251,                  0.00200301023824376
         874,3057.61228535556,           1.00098267375946,                  0.00114430714348038
         875,3057.61141326667,           1.00089092019329,                 0.000143004846434246
         876,3057.61054117778,           1.00079920965457,                -0.000571885262659753
         877,3057.60966908889,           1.00099341771428,                 -0.00071468900308031
         878,     3057.608797,           1.00090172614106,                -0.000714521506382821
         879,3057.60792491111,           1.00081007753599,                -0.000285741635270804
         880,3057.60705282222,           1.00100414656826,                -0.000428512049044632
         881,3057.60618073333,           1.00091251690441,                -0.000285607794807936
         882,3057.60530864444,           1.00096512969287,                -0.000856623987755988
         883,3057.60443655556,           1.00087355193066,                 -0.00142737243572542
         884,3057.60356446667,           1.00106742470945,                 -0.00171244605794917
         885,3057.60269237778,           1.00111996461768,                 -0.00171204782320253
         886,3057.60182028889,           1.00102841477209,                 -0.00171164733218368
         887,    3057.6009482,           1.00093833512539,                -0.000713020611999852
         888,3057.60007611111,           1.00084829734604,                -0.000142570982527926
         889,3057.59920402222,           1.00104195025721,                -0.000285075309769959
         890,3057.59833193333,           1.00080942582068,                 0.000285009091790028
         891,3057.59745984444,           1.00086195228631,                 0.000427414356848247
         892,3057.59658775555,           1.00105689273536,                 0.000142438374037473
         893,3057.59571566667,            1.0009669320627,                -0.000142405311148485
         894,3057.59484357778,           1.00087701314381,                -0.000569489054420374
         895,3057.59397148889,           1.00107181441242,                -0.000711696156983092
         896,    3057.5930994,           1.00098191288014,                 -0.00142306214512388
         897,3057.59222731111,           1.00103575046381,                  -0.0018495543996631
         898,3057.59135522222,           1.00123037971083,                 -0.00241808729295128
         899,3057.59048313333,           1.00099829635465,                 -0.00255973424270262
         900,3057.58961104444,           1.00119426751592,                  -0.0028434940855323
         901,3057.58873895555,           1.00110444150369,                 -0.00255855174599835
         902,3057.58786686667,           1.00101607963791,                 -0.00213163560399895
         903,3057.58699477778,           1.00106983477943,                 -0.00170491598316111
         904,3057.58612268889,           1.00098009971449,                 -0.00156247780571299
         905,    3057.5852506,           1.00089182756486,                  -0.0015621183460859
         906,3057.58437851111,           1.00122953030806,                 -0.00227164952991053
         907,3057.58350642222,           1.00114124139811,                 -0.00298085439803775
         908,3057.58263433333,           1.00091108026873,                  -0.0038316459899696
         909,3057.58176224444,           1.00110666553163,                 -0.00454016628359014
         910,3057.58089015556,           1.00101846571969,                  -0.0046809705779722
         911,3057.58001806667,           1.00093030643386,                 -0.00510534018583438
         912,3057.57914597778,           1.00070040521419,                 -0.00538773241685169
         913,3057.57827388889,           1.00103760907653,                 -0.00510299545833404
         914,    3057.5774018,           1.00066607145388,                 -0.00453495457959554
         915,3057.57652971111,           1.00086144359811,                 -0.00439222887196228
         916,3057.57565762222,           1.00049153413896,                 -0.00339965975071995
         917,3057.57478553333,           1.00068685695673,                 -0.00240753984832499
         918,3057.57391344444,           1.00045874417367,                 -0.00155746478713704
         919,3057.57304135556,           1.00022931948734,                -0.000707776195504772
         920,3057.57216926667,           1.00056750717168,                 0.000566091941822731
         921,3057.57129717778,           1.00033816240568,                  0.00141490546309148
         922,3057.57042508889,           1.00039325413553,                  0.00254624979842189
         923,     3057.569553,           1.00016405405864,                  0.00311137007767111
         924,3057.56868091111,           1.00036055398059,                  0.00325205551117364
         925,3057.56780882222,           1.00027424138331,                  0.00226178460459764
         926,3057.56693673333,           1.00004663869287,                  0.00169595246810549
         927,3057.56606464444,           1.00010032088554,                 0.000989079153178688
         928,3057.56519255555,           1.00015539137437,                  0.00042379465736202
         929,3057.56432046667,           1.00006920405451,                                    0
         930,3057.56344837778,          0.999983055921108,                                    0
         931,3057.56257628889,           1.00003811551259,                -0.000141168565148587
         932,    3057.5617042,          0.999952013594266,                 -0.00056454594980622
         933,3057.56083211111,           1.00000705522122,                -0.000705522121646124
         934,3057.55996002222,          0.999920999469568,                -0.000846434254629995
         935,3057.55908793333,           1.00011847405418,                 -0.00112832432554413
         936,3057.55821584444,          0.999609406396428,                  -0.0012690766903044
         937,3057.55734375555,          0.999664475891606,                 -0.00112781212905554
         938,3057.55647166666,          0.999860464919612,                -0.000281889051288303
         939,3057.55559957778,           0.99963503598207,                 0.000704563741177101
         940,3057.55472748889,          0.999690062269308,                  0.00140880786678313
         941,    3057.5538554,          0.999745063600293,                  0.00225358143386936
         942,3057.55298331111,          0.999660630776142,                  0.00267552500137297
         943,3057.55211122222,          0.999434043547674,                  0.00253413336862349
         944,3057.55123913333,          0.999349718915297,                  0.00197054874152312
         945,3057.55036704445,          0.999264026072897,                  0.00140721592180383
         946,3057.54949495555,          0.999320467709554,                 0.000844139491237129
         947,3057.54862286667,            0.9990941621281,                 0.000562632218571364
         948,3057.54775077778,          0.999291242912429,                 0.000703132031320313
         949,3057.54687868889,          0.999207045485221,                  0.00112475817699195
         950,    3057.5460066,          0.999121481533542,                  0.00112450363706645
         951,3057.54513451111,           0.99903736025914,                  0.00084318809418411
         952,3057.54426242222,          0.999093776563236,                 0.000140499757637918
         953,3057.54339033333,          0.999008296039084,                -0.000140467983132605
         954,3057.54251824445,          0.998924257021119,                -0.000842618521316844
         955,3057.54164615556,          0.998840255761514,                -0.000421214614462263
         956,3057.54077406667,          0.998896665571755,                 0.000280746673853782
         957,3057.53990197778,          0.998672366415642,                  0.00140341816528336
         958,3057.53902988889,           0.99886769738476,                  0.00266589215484063
         959,    3057.5381578,          0.998783784352481,                  0.00350696553494551
         960,3057.53728571111,          0.998699908979604,                  0.00420741430548913
         961,3057.53641362222,          0.998616071240783,                  0.00434668607251674
         962,3057.53554153333,          0.998532271110694,                  0.00420552690345652
         963,3057.53466944445,           0.99872881415319,                  0.00378412545356948
         964,3057.53379735556,            0.9986450263218,                  0.00322279158206839
         965,3057.53292526667,          0.998421186085704,                  0.00210134948664032
         966,3057.53205317778,          0.998337504744484,                  0.00126052715245516
         967,3057.53118108889,          0.998393888093068,                  0.00028005438656187
         968,     3057.530309,          0.998870233667037,                -0.000559983312497288
         969,3057.52943691111,          0.998366614553226,                -0.000279928954031467
         970,3057.52856482222,          0.998424350639355,                -0.000839600014553067
         971,3057.52769273333,          0.998200860117574,                -0.000839412075782122
         972,3057.52682064444,           0.99825721103412,                -0.000419612110564994
         973,3057.52594855555,          0.998173697325991,                -0.000139839408423367
         974,3057.52507646667,          0.998230029108052,                 0.000699040636630289
         975,3057.52420437778,          0.998146558833478,                  0.00139776860220344
         976,3057.52333228889,          0.997924774834576,                   0.0025154244429383
         977,    3057.5224602,          0.997981124562519,                  0.00335314951553975
         978,3057.52158811111,          0.997758082427138,                  0.00349208344682605
         979,3057.52071602222,          0.997954096346002,                  0.00363095529037168
         980,3057.51984393333,          0.998011795192565,                  0.00307166473058708
         981,3057.51897184444,          0.997928485281637,                  0.00362933845535355
         982,3057.51809975555,           0.99784521257592,                  0.00348896927474098
         983,3057.51722766667,          0.997761977050498,                  0.00362771799794615
         984,3057.51635557778,          0.997819667077252,                  0.00334792003492997
         985,3057.51548348889,          0.998015405363566,                  0.00292877634329722
         986,    3057.5146114,          0.997513884182977,                  0.00250981966945675
         987,3057.51373931111,          0.997989801238461,                   0.0019516492830477
         988,3057.51286722222,          0.997906626044248,                   0.0011149794704405
         989,3057.51199513333,          0.997684146575965,                 0.000836048167521758
         990,3057.51112304445,          0.997881087346288,                 0.000696552483139947
         991,3057.51025095555,          0.997658712417181,                 0.000835676710107928
         992,3057.50937886667,          0.997855571337065,                  0.00069624307238143
         993,3057.50850677778,          0.997633300849227,                 0.000139217597104274
         994,3057.50763468889,          0.997967875734209,                -0.000417559780641929
         995,    3057.5067626,          0.997607911842019,                -0.000695778987196275
         996,3057.50589051111,          0.997664094248719,                 -0.00139124821398511
         997,3057.50501842222,          0.997860733470758,                 -0.00180822268401448
         998,3057.50414633333,          0.997777771597195,                  -0.0016687572486643
         999,3057.50327424444,          0.997833878802877,                 -0.00180741820042321
        1000,3057.50240215556,           0.99761334525039,                 -0.00166801729733937
        1001,3057.50153006667,          0.997808434677595,                 -0.00166764640893191
        1002,3057.50065797778,          0.997588004490535,                 -0.00125045850145053
        1003,3057.49978588889,          0.997644104148377,                -0.000972362674608555
        1004,    3057.4989138,          0.997701564463826,                -0.000972147960919652
        1005,3057.49804171111,          0.997618766618302,                -0.000555389710017148
        1006,3057.49716962222,          0.997537390300039,                -0.000555267125132223
        1007,3057.49629753333,          0.997732237479425,                -0.000138785955971543
        1008,3057.49542544444,          0.997649487854762,                 -0.00041626543304093
        1009,3057.49455335555,          0.997568158834048,                -0.000554898155379807
        1010,3057.49368126667,          0.997624175985731,                -0.000416081263444626
        1011,3057.49280917778,          0.997542888520353,                 0.000138663176052315
        1012,3057.49193708889,          0.997460254085497,                 0.000277264837827796
        1013,     3057.491065,          0.997517640552689,                 0.000554407470086252
        1014,3057.49019291111,          0.997435048243542,                 0.000554284550288159
        1015,3057.48932082222,          0.997630955514609,                 0.000415621839542262
        1016,3057.48844873333,          0.997548374586202,                                    0
        1017,3057.48757664445,          0.997467211536997,                -0.000138479412958073
        1018,3057.48670455555,          0.997523152090091,                -0.000276897474556583
        1019,3057.48583246667,          0.997442030429872,                -0.000553673067127323
        1020,3057.48496037778,          0.997359564245068,                -0.000138387618183026
        1021,3057.48408828889,          0.997278514376002,                 0.000276714349160933
        1022,    3057.4832162,                          1,                                    0
        1023,3057.48234411111,                          1,                                    0
