"SCAN INDEX",      WAVENUMBER,"SCIENCE DIRECT ABSORPTION","SCIENCE HARMONIC ABSORPTION SPECTRA"
           0,3058.41469805405,                          1,                                    0
           1,3058.41377927027,                          1,                                    0
           2,3058.41286048648,                          1,                                    0
           3, 3058.4119417027,                          1,                                    0
           4,3058.41102291891,                          1,                                    0
           5,3058.41010413513,                          1,                                    0
           6,3058.40918535135,                          1,                                    0
           7,3058.40826656757,                          1,                                    0
           8,3058.40734778377,                          1,                                    0
           9,     3058.406429,                          1,                                    0
          10,3058.40551021621,                          1,                                    0
          11,3058.40459143243,                          1,                                    0
          12,3058.40367264864,                          1,                                    0
          13,3058.40275386486,                          1,                                    0
          14,3058.40183508107,                          1,                                    0
          15,3058.40091629729,                          1,                                    0
          16,3058.39999751351,                          1,                                    0
          17,3058.39907872973,                          1,                                    0
          18,3058.39815994594,                          1,                                    0
          19,3058.39724116216,                          1,                                    0
          20,3058.39632237837,                          1,                                    0
          21,3058.39540359459,                          1,                                    0
          22,3058.39448481081,                          1,                                    0
          23,3058.39356602702,                          1,                                    0
          24,3058.39264724324,                          1,                                    0
          25,3058.39172845946,                          1,                                    0
          26,3058.39080967567,                          1,                                    0
          27,3058.38989089189,                          1,                                    0
          28,3058.38897210811,                          1,                                    0
          29,3058.38805332432,                          1,                                    0
          30,3058.38713454054,                          1,                                    0
          31,3058.38621575675,                          1,                                    0
          32,3058.38529697297,                          1,                                    0
          33,3058.38437818918,                          1,                                    0
          34, 3058.3834594054,                          1,                                    0
          35,3058.38254062161,                          1,                                    0
          36,3058.38162183783,                          1,                                    0
          37,3058.38070305405,                          1,                                    0
          38,3058.37978427027,                          1,                                    0
          39,3058.37886548648,                          1,                                    0
          40, 3058.3779467027,                          1,                                    0
          41,3058.37702791892,                          1,                                    0
          42,3058.37610913513,                          1,                                    0
          43,3058.37519035135,                          1,                                    0
          44,3058.37427156757,                          1,                                    0
          45,3058.37335278378,                          1,                                    0
          46,     3058.372434,                          1,                                    0
          47,3058.37151521621,                          1,                                    0
          48,3058.37059643243,                          1,                                    0
          49,3058.36967764864,                          1,                                    0
          50,3058.36875886486,                          1,                                    0
          51,3058.36784008107,                          1,                                    0
          52,3058.36692129729,                          1,                                    0
          53, 3058.3660025135,                          1,                                    0
          54,3058.36508372972,                          1,                                    0
          55,3058.36416494595,                          1,                                    0
          56,3058.36324616216,                          1,                                    0
          57,3058.36232737837,                          1,                                    0
          58,3058.36140859459,                          1,                                    0
          59,3058.36048981081,                          1,                                    0
          60,3058.35957102702,                          1,                                    0
          61,3058.35865224324,                          1,                                    0
          62,3058.35773345945,                          1,                                    0
          63,3058.35681467567,                          1,                                    0
          64,3058.35589589189,                          1,                                    0
          65, 3058.3549771081,                          1,                                    0
          66,3058.35405832432,                          1,                                    0
          67,3058.35313954054,                          1,                                    0
          68,3058.35222075675,                          1,                                    0
          69,3058.35130197297,                          1,                                    0
          70,3058.35038318919,                          1,                                    0
          71,3058.34946440541,                          1,                                    0
          72,3058.34854562161,          0.985054080629302,                -0.000983284169124877
          73,3058.34762683784,          0.988655036047581,                 0.000196551697027352
          74,3058.34670805405,          0.992252143233198,                 0.000982233362931299
          75,3058.34578927026,          0.995254428970562,                   0.0023560964978589
          76,3058.34487048648,          0.996881800823801,                  0.00313978519944504
          77, 3058.3439517027,          0.997330645018937,                  0.00411876962544694
          78,3058.34303291892,          0.996994901329653,                  0.00450862814207275
          79,3058.34211413513,          0.996461640341219,                  0.00489806154316368
          80,3058.34119535134,          0.995735081597406,                  0.00430799838645879
          81,3058.34027656756,          0.994617868675996,                   0.0033271357275663
          82,3058.33935778379,          0.993891119922226,                  0.00273853093464105
          83,     3058.338439,          0.992971583299935,                  0.00215055865648736
          84,3058.33752021621,          0.992639228398861,                  0.00175861280621845
          85,3058.33660143243,          0.992502524221788,                 0.000976488119069055
          86,3058.33568264865,          0.992559221724262,                 0.000975967769640375
          87,3058.33476386486,          0.992422705351708,                  0.00117053985298019
          88,3058.33384508108,          0.993066279813437,                  0.00038997301386744
          89,3058.33292629729,          0.992734756240159,                 0.000584649444193262
          90,3058.33200751351,          0.993180769028498,                  0.00116867711593861
          91,3058.33108872973,          0.993238889332319,                  0.00155741103776138
          92,3058.33016994594,          0.993102374767728,                  0.00214030684217183
          93,3058.32925116215,          0.993160475052361,                  0.00272258598996144
          94,3058.32833237837,          0.993218513904087,                  0.00349861707441753
          95,3058.32741359459,          0.993274561836344,                  0.00369102614412097
          96,3058.32649481081,          0.992944155143156,                   0.0031065910211753
          97,3058.32557602703,          0.993002216158942,                   0.0031049512328597
          98,3058.32465724323,          0.993254172986435,                  0.00290935610130766
          99,3058.32373845945,          0.992922374871814,                   0.0036832341121758
         100,3058.32281967568,          0.993367859986864,                  0.00484380661198978
         101,3058.32190089189,          0.993231925173559,                  0.00561585607916421
         102, 3058.3209821081,          0.993289681748592,                  0.00677418917794247
         103,3058.32006332432,           0.99354082396569,                  0.00812474972869139
         104,3058.31914454054,           0.99340501265441,                  0.00870051101001332
         105,3058.31822575675,          0.993653910072582,                  0.00946889179182351
         106,3058.31730697297,          0.993325041139069,                  0.00965705853722603
         107,3058.31638818918,          0.993575636838163,                  0.00945894816496406
         108, 3058.3154694054,          0.993633031063091,                  0.00848929191587883
         109,3058.31455062162,          0.993690365079487,                  0.00829200188209159
         110,3058.31363183784,          0.993747638982045,                  0.00732397406542236
         111,3058.31271305405,          0.993612217693155,                  0.00597169033510815
         112,3058.31179427027,          0.993862006823415,                  0.00519842583964204
         113,3058.31087548648,          0.993919100950622,                  0.00461840434130008
         114, 3058.3099567027,          0.994360801027827,                  0.00403898971403953
         115,3058.30903791892,          0.994415663055911,                   0.0046135658057881
         116,3058.30811913513,          0.994280246773633,                  0.00499541766494965
         117,3058.30720035134,          0.994529034141208,                   0.0048007773418672
         118,3058.30628156757,          0.994585630905472,                  0.00403054771304803
         119,3058.30536278378,          0.995025830003472,                  0.00306929116638819
         120,3058.30444399999,          0.994698647340217,                  0.00191730656773365
         121,3058.30352521621,          0.995140235629585,                 0.000574893261484451
         122,3058.30260643244,          0.995004864893853,                 0.000191531254070039
         123,3058.30168764865,          0.995061066656457,                -0.000574294574830583
         124,3058.30076886486,          0.995499873720946,                -0.000573995698858897
         125,3058.29985008107,          0.995555759536759,                -0.000382464755872746
         126,3058.29893129729,          0.995420454284819,                 0.000191132959732108
         127,3058.29801251351,          0.995667356934903,                                    0
         128,3058.29709372972,          0.995723068698209,                  0.00114560659869401
         129,3058.29617494595,          0.995969557949055,                   0.0024808592169645
         130,3058.29525616216,          0.996026954907941,                  0.00305178691660802
         131,3058.29433737837,          0.995891755869261,                  0.00343148001639485
         132,3058.29341859459,          0.996137774923927,                  0.00342970159690717
         133,3058.29249981081,          0.996383539104055,                  0.00323748474097265
         134,3058.29158102702,          0.996250261720311,                  0.00285513066981366
         135,3058.29066224323,          0.996115226713238,                  0.00266340969709422
         136,3058.28974345946,          0.996360621698605,                  0.00247188703856524
         137,3058.28882467568,          0.996417609776029,                  0.00247061394756597
         138,3058.28790589188,          0.996472646388974,                  0.00246933747675499
         139,3058.28698710811,          0.996907328056743,                  0.00246806232426922
         140,3058.28606832432,           0.99696394686907,                  0.00227703984819734
         141,3058.28514954054,          0.996828961143395,                  0.00170689890606746
         142,3058.28423075676,          0.996885561935236,                  0.00208513808353063
         143,3058.28331197297,          0.997319136439851,                  0.00189460322272008
         144,3058.28239318918,          0.997186064391027,                 0.000946815480811838
         145, 3058.2814744054,          0.997240507383252,                -0.000378531223147941
         146,3058.28055562162,          0.997675118088489,                 -0.00132418009605981
         147,3058.27963683783,          0.997540182378177,                 -0.00189071300678199
         148,3058.27871805405,          0.997407270225938,                 -0.00188974473328143
         149,3058.27779927028,          0.997463371883281,                 -0.00188877745101928
         150,3058.27688048648,          0.997517533013035,                 -0.00169902683518496
         151, 3058.2759617027,          0.997950889268773,                 -0.00188684229394739
         152,3058.27504291892,          0.998006626975221,                 -0.00150870238393835
         153,3058.27412413513,          0.998062307738706,                 -0.00150793172085168
         154,3058.27320535135,          0.997929536415856,                  -0.0013187666141044
         155,3058.27228656756,          0.998171619237352,                 -0.00131809117801575
         156,3058.27136778378,          0.998227130548686,                 -0.00131741891286591
         157,     3058.270449,          0.998470692025966,                 -0.00112864057124261
         158,3058.26953021622,          0.998525994389754,                -0.000940054598371073
         159,3058.26861143243,          0.998769155603161,                -0.000939575875449822
         160,3058.26769264865,           0.99826079117098,                -0.000375639055943925
         161,3058.26677386486,          0.998691563872145,                                    0
         162,3058.26585508108,          0.998748515386506,                 0.000938144387926457
         163, 3058.2649362973,          0.998803536132084,                  0.00131273465131892
         164,3058.26401751351,          0.998858500981239,                  0.00131206783765597
         165,3058.26309872972,          0.998913410019109,                 0.000936715500768107
         166,3058.26217994594,          0.999155511365019,                                    0
         167,3058.26126116216,          0.999024930706448,                 -0.00131007390688369
         168,3058.26034237837,          0.999453789057824,                 -0.00243176104393631
         169,3058.25942359459,          0.999323189906929,                 -0.00336535405394289
         170,3058.25850481081,          0.999003985924994,                 -0.00411112751409463
         171,3058.25758602702,          0.999245429619502,                 -0.00392227177981487
         172,3058.25666724324,          0.999488494868148,                 -0.00354693339605805
         173,3058.25574845945,          0.999358141895422,                 -0.00317197319122893
         174,3058.25482967567,          0.999412549070802,                 -0.00186492358475611
         175,3058.25391089189,          0.999468764271135,                 -0.00111839100813629
         176,3058.25299210811,          0.999711227655075,                 0.000186304738661028
         177,3058.25207332431,          0.999206742317877,                  0.00111726434101887
         178,3058.25115454054,          0.999449093237247,                  0.00167505434620768
         179,3058.25023575675,          0.999505177038726,                  0.00148818935721381
         180,3058.24931697297,          0.999561204530749,                  0.00148744226864695
         181,3058.24839818919,          0.999245501815627,                 0.000743347964899109
         182, 3058.2474794054,          0.999487347132859,                 -0.00055723137732737
         183,3058.24656062161,          0.999357648622658,                -0.000928253435465965
         184,3058.24564183784,          0.999599195421921,                 -0.00185557675036555
         185,3058.24472305406,          0.999656889564806,                 -0.00259651140146703
         186,3058.24380427027,          0.999527300701634,                 -0.00296595638190396
         187,3058.24288548648,          0.999397841493353,                 -0.00277919310760109
         188, 3058.2419667027,          0.999640736748927,                 -0.00296299588513946
         189,3058.24104791892,          0.999696444701109,                 -0.00296151511113085
         190,3058.24012913513,          0.999567094761847,                 -0.00259003133937921
         191,3058.23921035135,          0.999624632259806,                 -0.00277365325266317
         192,3058.23829156756,          0.999866930833604,                 -0.00277227429990833
         193,3058.23737278378,          0.999368236715422,                 -0.00240143938582264
         194,     3058.236454,          0.999795055861125,                 -0.00184634359346468
         195,3058.23553521621,          0.999483280431092,                  -0.0011072562190891
         196,3058.23461643243,           0.99935626552848,                -0.000368902275942591
         197,3058.23369764865,          0.999229376606234,                -0.000184359663580486
         198,3058.23277886486,          0.999286881756888,                                    0
         199,3058.23186008108,          0.999344329927287,                 0.000552530960151467
         200,3058.23094129729,          0.999217635418105,                  0.00147268627180266
         201,3058.23002251351,          0.999091066322719,                  0.00220793605817176
         202,3058.22910372973,          0.999332429753404,                  0.00239074743960144
         203,3058.22818494595,          0.999391578788709,                  0.00294100887633241
         204,3058.22726616215,          0.999265111151938,                  0.00238838875620062
         205,3058.22634737838,          0.999138768457257,                  0.00201994604907734
         206,3058.22542859459,          0.999197925251038,                  0.00183541132485496
         207,3058.22450981081,          0.999073572981352,                  0.00183450894781739
         208,3058.22359102702,          0.999314232068269,                   0.0016502436859843
         209,3058.22267224324,          0.999373215404972,                  0.00183270349423248
         210,3058.22175345945,          0.998882599695921,                  0.00201498415489733
         211,3058.22083467567,          0.999124827437209,                  0.00256326692030803
         212,3058.21991589189,          0.998817815484055,                  0.00347701328219074
         213, 3058.2189971081,          0.999425659485581,                  0.00420695281262232
         214,3058.21807832432,           0.99911880098431,                  0.00475335568629315
         215,3058.21715954054,          0.998994974874372,                  0.00493375970762905
         216,3058.21624075675,          0.998871269985644,                  0.00529662951720309
         217,3058.21532197297,          0.999114616135893,                  0.00565915459532481
         218,3058.21440318918,          0.998990973500738,                  0.00565638724721879
         219, 3058.2134844054,          0.998686898161657,                  0.00565363291508608
         220,3058.21256562162,          0.998928157378579,                  0.00565087096327298
         221,3058.21164683784,          0.998624408996912,                  0.00619471445099343
         222,3058.21072805405,          0.999049391574186,                   0.0063738112841955
         223,3058.20980927027,          0.998745879513423,                  0.00655273403726685
         224,3058.20889048649,          0.998806526263699,                  0.00673148296389014
         225, 3058.2079717027,          0.998685270483322,                  0.00618268375754424
         226,3058.20705291892,          0.998927643177811,                  0.00599792798851306
         227,3058.20613413513,          0.999169780745817,                  0.00545001698588627
         228,3058.20521535135,          0.998866946056464,                  0.00490263725568524
         229,3058.20429656756,          0.998929200166972,                  0.00399281293671391
         230,3058.20337778379,          0.998989581991703,                  0.00308386106661684
         231,3058.20245899999,          0.999233032892554,                  0.00235710931366416
         232,3058.20154021621,          0.999111981007267,                  0.00199351202450208
         233,3058.20062143243,          0.998992855797238,                  0.00289825669859579
         234,3058.19970264865,          0.998873845329355,                  0.00380212991696872
         235,3058.19878386486,          0.998935916089383,                  0.00470513293810217
         236,3058.19786508108,          0.998817047538772,                  0.00506462827437262
         237,3058.19694629729,          0.999240671102112,                  0.00542377784205959
         238,3058.19602751351,          0.998941064645654,                  0.00578258213977224
         239,3058.19510872973,          0.999002983823774,                  0.00650227941017101
         240,3058.19418994594,          0.998886114706716,                  0.00704076603534465
         241,3058.19327116216,          0.999128446740517,                  0.00739827818608655
         242,3058.19235237838,          0.998831270019912,                  0.00757510172279456
         243,3058.19143359459,          0.999075197444444,                   0.0072109361056979
         244,3058.19051481081,          0.999136904279261,                  0.00702729292459715
         245,3058.18959602702,          0.999020250556512,                  0.00648363602308174
         246,3058.18867724324,           0.99926373830127,                  0.00612051289898093
         247,3058.18775845946,          0.999506993850018,                  0.00503801905090918
         248,3058.18683967568,          0.999210487034183,                  0.00485577450502573
         249,3058.18592089189,          0.999455332795257,                  0.00413443752775017
         250, 3058.1850021081,          0.999698150091274,                  0.00359345129436116
         251,3058.18408332433,          0.999403769898282,                  0.00251422332049882
         252,3058.18316454054,          0.999287377243101,                  0.00215402344654522
         253,3058.18224575675,           0.99953172181046,                  0.00215300317029717
         254,3058.18132697297,          0.999417171037884,                  0.00233131584846447
         255,3058.18040818918,          0.999481975805223,                  0.00286795401952718
         256, 3058.1794894054,          0.999546719268731,                  0.00286659751000174
         257,3058.17857062162,          0.999611401515355,                  0.00196985406962897
         258,3058.17765183783,          0.999676022631877,                  0.00143194416849687
         259,3058.17673305405,           1.00010018892769,                  0.00107345279670235
         260,3058.17581427027,          0.999806869715741,                  0.00089412168638503
         261,3058.17489548649,          0.999694354130956,                  0.00125118192006377
         262, 3058.1739767027,          0.999758814438976,                  0.00196521568242115
         263,3058.17305791892,           1.00018214350766,                  0.00250000892860332
         264,3058.17213913513,          0.999891122173416,                  0.00321278832544118
         265,3058.17122035135,           1.00013558741463,                     0.00428170783053
         266,3058.17030156756,            1.0000249649599,                  0.00534963426333753
         267,3058.16938278378,           1.00009090115124,                  0.00570360164620203
         268,3058.16846399999,          0.999978621515307,                  0.00570092925146799
         269,3058.16754521622,           1.00022436936183,                  0.00534212766260546
         270,3058.16662643243,           1.00029011973224,                  0.00444968914471635
         271,3058.16570764864,           1.00017968365003,                  0.00391390128785143
         272,3058.16478886486,           1.00060281562911,                  0.00355643439000926
         273,3058.16387008108,            1.0003145978746,                  0.00266608368303464
         274,3058.16295129729,           1.00073727315526,                  0.00142124945592794
         275,3058.16203251352,           1.00062861140805,                 0.000532721532249186
         276,3058.16111372972,           1.00069576576832,                 -0.00070996506971857
         277,3058.16019494594,           1.00076285770043,                 -0.00124186137278904
         278,3058.15927616216,           1.00065433537082,                 -0.00159593992882108
         279,3058.15835737837,           1.00072315807385,                 -0.00194969088537236
         280,3058.15743859459,           1.00079191713039,                 -0.00212595202789249
         281,3058.15651981081,            1.0006835318409,                 -0.00212496945356411
         282,3058.15560102702,            1.0011062436391,                 -0.00247798575158193
         283,3058.15468224324,           1.00117473055502,                  -0.0024768415316788
         284,3058.15376345946,           1.00106808889895,                 -0.00229886683548602
         285,3058.15284467567,           1.00131328467876,                 -0.00212105197107592
         286,3058.15192589189,           1.00138335067675,                 -0.00212007766551181
         287,3058.15100710811,           1.00145335233463,                 -0.00158932819097368
         288,3058.15008832433,           1.00134677876291,                 -0.00176510978100283
         289,3058.14916954053,           1.00159316298428,                 -0.00158787008399833
         290,3058.14825075676,           1.00131027392308,                 -0.00105809468889371
         291,3058.14733197297,           1.00155644903995,                -0.000528804883336829
         292,3058.14641318919,           1.00162797581293,                -0.000176187858542292
         293, 3058.1454944054,           1.00169767327186,                 0.000176107185877613
         294,3058.14457562162,           1.00159304341703,                                    0
         295,3058.14365683783,           1.00148850892226,                -0.000351893362235508
         296,3058.14273805406,           1.00191166927242,                -0.000703466153605352
         297,3058.14181927027,           1.00198287136649,                 -0.00175786468660788
         298,3058.14090048648,            1.0022297151271,                 -0.00316271649233656
         299, 3058.1399817027,           1.00177558751574,                  -0.0043906714039084
         300,3058.13906291892,           1.00202230149145,                 -0.00561750414290931
         301,3058.13814413513,           1.00227054988016,                 -0.00649229872996599
         302,3058.13722535135,            1.0021677973355,                 -0.00701552535761641
         303,3058.13630656756,           1.00206513774013,                 -0.00788889629081627
         304,3058.13538778378,           1.00231303006939,                 -0.00841101843414874
         305,     3058.134469,           1.00221215300462,                 -0.00875753366833819
         306,3058.13355021621,           1.00210961230403,                 -0.00875357802501773
         307,3058.13263143243,           1.00235890328497,                 -0.00857464843941398
         308,3058.13171264865,           1.00225638872855,                 -0.00804603732661664
         309,3058.13079386486,           1.00198088351251,                 -0.00716824572046989
         310,3058.12987508108,           1.00205513924617,                 -0.00681551280617381
         311, 3058.1289562973,           1.00213107881498,                  -0.0062884292901062
         312,3058.12803751351,           1.00220520064183,                 -0.00593640711181572
         313,3058.12711872972,           1.00210473408099,                 -0.00575922260966083
         314,3058.12619994595,           1.00218054949847,                 -0.00540776275621457
         315,3058.12528116215,           1.00208193113934,                 -0.00488225057802359
         316,3058.12436237837,            1.0019834007829,                 -0.00470578393131647
         317,3058.12344359459,           1.00223337944106,                 -0.00487789581511381
         318,3058.12252481081,           1.00230900232293,                 -0.00504985425075835
         319,3058.12160602703,           1.00238630251911,                  -0.0052216685319627
         320,3058.12068724324,           1.00246179006063,                 -0.00574127717320389
         321,3058.11976845946,           1.00201725097385,                 -0.00608653311074012
         322,3058.11884967567,           1.00192075370028,                 -0.00573618752118478
         323,3058.11793089189,           1.00234558248632,                  -0.0048649118234732
         324,3058.11701210811,           1.00207535537204,                 -0.00364706801781853
         325,3058.11609332432,           1.00197896052495,                 -0.00260389542755963
         326,3058.11517454054,           1.00188438941272,                 -0.00208219824609501
         327,3058.11425575675,           1.00196334170471,                 -0.00190784087913308
         328,3058.11333697297,           1.00204048728986,                 -0.00173363406105512
         329,3058.11241818918,           1.00194601413676,                  -0.0019061581036846
         330, 3058.1114994054,           1.00202657059221,                 -0.00155890045554536
         331,3058.11058062162,           1.00158591650738,                 -0.00173134989888917
         332,3058.10966183784,           1.00183788535887,                 -0.00155752996514594
         333,3058.10874305405,           1.00191838309194,                 -0.00172983146252061
         334,3058.10782427026,           1.00182590292283,                  -0.0019019822112791
         335,3058.10690548649,           1.00173350363033,                 -0.00190115054174149
         336, 3058.1059867027,            1.0016411851084,                  -0.0020730759264058
         337,3058.10506791892,           1.00154894725118,                  -0.0020721702356921
         338,3058.10414913513,            1.0018037300101,                 -0.00207126891111667
         339,3058.10323035135,           1.00188403196643,                 -0.00207036479827746
         340,3058.10231156757,            1.0014486255303,                 -0.00241437588383403
         341,3058.10139278378,            1.0015307388918,                 -0.00241332708166699
         342,     3058.100474,           1.00144047528792,                 -0.00189536222095099
         343,3058.09955521621,           1.00169647701144,                 -0.00120561818072217
         344,3058.09863643243,           1.00143406321929,                 -0.00103293869336698
         345,3058.09771764865,           1.00134568194411,                -0.000860410450201164
         346,3058.09679886487,           1.00142938477972,                 -0.00103204677235972
         347,3058.09588008108,           1.00151301537086,                  -0.0010316013892232
         348,3058.09496129729,           1.00159657381103,                 -0.00154673458550091
         349,3058.09404251351,            1.0015082748977,                 -0.00171785295865815
         350,3058.09312372973,           1.00142177165111,                  -0.0022322501768629
         351,3058.09220494595,           1.00116370476913,                 -0.00223129233019007
         352,3058.09128616216,            1.0012489877709,                  -0.0018872067966895
         353,3058.09036737838,            1.0011627069464,                 -0.00222937910077136
         354,3058.08944859459,           1.00141933448983,                 -0.00171417208916438
         355,3058.08852981081,           1.00116171083338,                 -0.00171343780734791
         356,3058.08761102703,           1.00107729275816,                 -0.00102762425261744
         357,3058.08669224324,             1.001335342053,                 -0.00085598849551462
         358,3058.08577345945,            1.0012509219346,                                    0
         359,3058.08485467567,           1.00099552186214,                 0.000684207465387655
         360,3058.08393589189,           1.00125327638591,                  0.00188076947408556
         361, 3058.0830171081,           1.00099980345744,                  0.00307631833058459
         362,3058.08209832432,           1.00108821363837,                  0.00427085415374733
         363,3058.08117954054,           1.00134731075748,                  0.00443980731236264
         364,3058.08026075675,           1.00126480945074,                  0.00512068603537711
         365,3058.07934197297,            1.0011823779617,                  0.00511851931473263
         366,3058.07842318918,           1.00110001620179,                   0.0046047189842331
         367,3058.07750440541,            1.0008489572146,                  0.00375041339784044
         368,3058.07658562162,           1.00093891273564,                  0.00340803170832701
         369,3058.07566683784,           1.00102879256544,                  0.00272527831904833
         370,3058.07474805405,           1.00111859679949,                  0.00204309917714181
         371,3058.07382927027,            1.0008679521435,                   0.0018720536428462
         372,3058.07291048648,           1.00112956674991,                  0.00170115474384012
         373, 3058.0719917027,           1.00105087385773,                  0.00187048744902922
         374,3058.07107291892,           1.00114221998613,                  0.00186970533443929
         375,3058.07015413513,            1.0012334897566,                  0.00186892387363356
         376,3058.06923535135,           1.00132468326483,                  0.00118881831459529
         377,3058.06831656757,            1.0010779795099,                 0.000848802763701799
         378,3058.06739778378,             1.001338851642,                 0.000339379376933402
         379,     3058.066479,           1.00126196663252,                                    0
         380,3058.06556021622,           1.00135639199729,                -0.000339097999321804
         381,3058.06464143243,           1.00127956342313,                  -0.0001694785990899
         382,3058.06372264865,           1.00137220688136,                 0.000508224770875332
         383,3058.06280386486,            1.0012971310712,                  0.00084669129973888
         384,3058.06188508108,           1.00139138559662,                 0.000507804962270091
         385,3058.06096629729,           1.00148556229717,                 0.000338396878627192
         386,3058.06004751351,           1.00174878988476,                -0.000676514462187915
         387,3058.05912872973,           1.00150631689459,                  -0.0015215322167541
         388,3058.05820994594,           1.00177101218078,                 -0.00152090740715705
         389,3058.05729116216,           1.00169595740512,                 -0.00168920060270677
         390,3058.05637237837,           1.00145380496725,                 -0.00118195525792796
         391,3058.05545359459,            1.0017198863761,                 -0.00101269070231788
         392,3058.05453481081,            1.0018153474467,                -0.000506137763950844
         393,3058.05361602702,           1.00191241993639,                 0.000337287466735024
         394,3058.05269724324,           1.00184083828944,                  0.00101144960958045
         395,3058.05177845946,           1.00176931502233,                  0.00134804954082063
         396,3058.05085967567,           1.00186628756999,                  0.00134750005053125
         397,3058.04994089189,            1.0017964989317,                  0.00151532243535887
         398,3058.04902210811,            1.0018933815795,                 0.000673202339378129
         399,3058.04810332432,           1.00165540631477,                 0.000504697047185809
         400,3058.04718454054,           1.00192211644696,                 0.000840820842939711
         401,3058.04626575676,           1.00168600614896,                  0.00134477060734884
         402,3058.04534697297,           1.00178446007481,                   0.0020163390675776
         403,3058.04442818919,           1.00188451706311,                  0.00251940783838167
         404, 3058.0435094054,           1.00164870772878,                   0.0026862855051392
         405,3058.04259062162,           1.00208438923368,                  0.00268520352164442
         406,3058.04167183784,           1.00201644696006,                  0.00251636475881483
         407,3058.04075305405,           1.00211792996242,                  0.00184459458326416
         408,3058.03983427027,           1.00205170841603,                  0.00167623236603551
         409,3058.03891548649,           1.00232065212838,                  0.00167556110352454
         410, 3058.0379967027,            1.0024218914872,                  0.00150740134058226
         411,3058.03707791892,           1.00218820578845,                  0.00167422019009096
         412,3058.03615913513,           1.00212373918675,                  0.00133884267092419
         413,3058.03524035135,           1.00205932391944,                  0.00117102091276061
         414,3058.03432156756,           1.00232940417085,                 0.000836110614089802
         415,3058.03340278378,           1.00209780273968,                 0.000167155596787269
         416,     3058.032484,           1.00236765288237,                -0.000668356494670692
         417,3058.03156521622,           1.00213789417424,                 -0.00133618385889898
         418,3058.03064643243,           1.00207527418496,                 -0.00116869825379785
         419,3058.02972764865,           1.00234648544545,                 -0.00166890856717524
         420,3058.02880886486,           1.00245065737341,                 -0.00083412436126927
         421,3058.02789008108,           1.00272317803047,                -0.000500277654098024
         422, 3058.0269712973,           1.00266042566811,                -0.000500080012802048
         423,3058.02605251351,           1.00276602126171,                 -0.00099976672109841
         424,3058.02513372973,           1.00287153383879,                 -0.00216530973923008
         425,3058.02421494594,           1.00297863342496,                 -0.00299694810784351
         426,3058.02329616216,           1.00275111634077,                 -0.00449365645497107
         427,3058.02237737838,           1.00302454573586,                 -0.00499099956411937
         428,3058.02145859459,            1.0024662532408,                 -0.00532165230652052
         429,3058.02053981081,           1.00323829028912,                 -0.00531957337021571
         430,3058.01962102702,           1.00268201653079,                 -0.00498516083790583
         431,3058.01870224324,           1.00278893925627,                  -0.0043187862217431
         432,3058.01778345946,           1.00289744377382,                 -0.00381898033225129
         433,3058.01686467567,           1.00283988587344,                 -0.00248967201060932
         434,3058.01594589189,           1.00294995039172,                 -0.00165913970288126
         435, 3058.0150271081,           1.00272656711269,                -0.000165849581063958
         436,3058.01410832433,           1.00267080467316,                  0.00033157103329139
         437,3058.01318954054,           1.00278080679856,                 0.000994329010211759
         438,3058.01227075676,           1.00305638154244,                  0.00165657536175464
         439,3058.01135197297,           1.00266936915455,                  0.00215271706011711
         440,3058.01043318919,           1.00278090445607,                  0.00264848043435079
         441, 3058.0095144054,           1.00272688764164,                  0.00215106428041936
         442,3058.00859562162,           1.00283831527133,                  0.00115782091487701
         443,3058.00767683784,           1.00294965741647,                 0.000165339541281977
         444,3058.00675805406,            1.0030609141754,                  -0.0008263807169018
         445,3058.00583927027,           1.00300852995065,                 -0.00165213067031898
         446,3058.00492048648,            1.0029561856947,                 -0.00214695050453337
         447, 3058.0040017027,            1.0030689684205,                 -0.00231121882124538
         448,3058.00308291892,           1.00318166515945,                 -0.00198028951832758
         449,3058.00216413514,           1.00313096954481,                 -0.00148465363030805
         450,3058.00124535135,           1.00324521133449,                -0.000329797899846974
         451,3058.00032656757,           1.00319453006781,                 0.000164836432807725
         452,3057.99940778378,           1.00314388721552,                 0.000329547926154901
         453,     3057.998489,           1.00325799427463,                 0.000164711540678809
         454,3057.99757021622,           1.00320901752035,                 -0.00065859774660781
         455,3057.99665143243,           1.00316007768524,                 -0.00164587379439745
         456,3057.99573264865,           1.00311117472759,                 -0.00279693127281761
         457,3057.99481386486,           1.00322677201096,                 -0.00361819491544936
         458,3057.99389508108,           1.00301512824981,                 -0.00427444571947142
         459,3057.99297629729,           1.00296633497399,                 -0.00443717696940813
         460,3057.99205751351,           1.00324778265319,                 -0.00476407167135134
         461,3057.99113872973,           1.00320058592563,                 -0.00476228793449719
         462,3057.99021994594,           1.00299091562729,                 -0.00492466898016672
         463,3057.98930116216,           1.00310794445739,                 -0.00508692070639278
         464,3057.98838237837,           1.00322653137215,                 -0.00541309279517349
         465,3057.98746359459,           1.00301708588856,                 -0.00557505001147804
         466,3057.98654481081,           1.00297335129801,                  -0.0050812508400455
         467,3057.98562602703,           1.00309185614594,                 -0.00524321127028263
         468,3057.98470724324,            1.0032119160283,                  -0.0047499013167054
         469,3057.98378845946,           1.00300442887199,                  -0.0049118728152399
         470,3057.98286967567,            1.0027970952109,                 -0.00392804476661686
         471,3057.98195089189,           1.00308073891924,                 -0.00327216029658861
         472,3057.98103210811,           1.00303871830852,                  -0.0021261215291066
         473,3057.98011332432,           1.00283324096281,                 -0.00130790119460425
         474,3057.97919454054,           1.00279134226301,                -0.000817137664816667
         475,3057.97827575676,            1.0025861069044,                -0.000163367460795894
         476,3057.97735697297,           1.00270927473418,                                    0
         477,3057.97643818919,           1.00299396309949,                 0.000489743146044671
         478,3057.97551940541,           1.00246413942786,                 0.000652752166321252
         479,3057.97460062162,           1.00275198078997,                  0.00163128677532124
         480,3057.97368183784,           1.00254876988831,                  0.00309831272411808
         481,3057.97276305405,           1.00267336093633,                  0.00374922570338734
         482,3057.97184427027,           1.00247032674797,                  0.00439965845614355
         483,3057.97092548648,           1.00243359732597,                  0.00488674161842367
         484, 3057.9700067027,           1.00255809447201,                  0.00488496716487904
         485,3057.96908791892,           1.00235695497044,                  0.00439487459957809
         486,3057.96816913513,           1.00248302075909,                  0.00390514405100118
         487,3057.96725035135,           1.00228368434407,                  0.00357842276137125
         488,3057.96633156756,           1.00224708870309,                    0.003739727942922
         489,3057.96541278378,           1.00237468691029,                  0.00373838459525485
         490,     3057.964494,           1.00233808478523,                  0.00357455630819825
         491,3057.96357521621,           1.00230313700904,                  0.00308600868630234
         492,3057.96265643243,           1.00226821431297,                  0.00292253812694531
         493,3057.96173764865,           1.00223331667002,                  0.00275918483941544
         494,3057.96081886486,           1.00236231714757,                  0.00259595290941422
         495,3057.95990008108,           1.00216684723727,                   0.0024328374669945
         496, 3057.9589812973,           1.00213364808426,                  0.00226983838750681
         497,3057.95806251351,           1.00210047260634,                  0.00178280853932876
         498,3057.95714372973,           1.00206732077819,                  0.00145814161471362
         499,3057.95622494594,           1.00187385718196,                  0.00129566615865756
         500,3057.95530616216,           1.00200433246662,                   0.0011333059181235
         501,3057.95438737838,           1.00181102833717,                  0.00129474769413528
         502,3057.95346859459,           1.00194143342501,                  0.00129428895000809
         503,3057.95254981081,           1.00207336677891,                  0.00145556170126052
         504,3057.95163102703,           1.00188024321908,                  0.00145504634322603
         505,3057.95071224324,           1.00201210495269,                  0.00145453370073777
         506,3057.94979345946,           1.00214387380387,                  0.00129246348386763
         507,3057.94887467568,           1.00195416592645,                 0.000969007897414364
         508,3057.94795589189,           1.00192603570835,                -0.000161444736659418
         509,3057.94703710811,           1.00205769618721,                                    0
         510,3057.94611832432,           1.00202954946583,                 -0.00032266287215129
         511,3057.94519954054,            1.0018417631899,                -0.000645100942169926
         512,3057.94428075676,           1.00197493047439,                -0.000806094071178107
         513,3057.94336197297,           1.00178729425568,                -0.000966976152756446
         514,3057.94244318919,           1.00176089523721,                -0.000966639654458545
         515, 3057.9415244054,           1.00173451458554,                 -0.00064420226018363
         516,3057.94060562162,           1.00187075979895,                                    0
         517,3057.93968683784,           1.00184435925415,                 0.000804694264461161
         518,3057.93876805405,           1.00165870563043,                   0.0017697150276156
         519,3057.93784927027,           1.00163400795131,                  0.00257324086821147
         520,3057.93693048648,           1.00160932734619,                   0.0027331233651501
         521, 3057.9360117027,           1.00158627351084,                  0.00241075001647346
         522,3057.93509291892,           1.00156323552802,                  0.00208859834165292
         523,3057.93417413513,           1.00137960718938,                  0.00128484953608901
         524,3057.93325535135,           1.00183830907675,                  0.00128440808855994
         525,3057.93233656757,           1.00165471239943,                   0.0014444628123049
         526,3057.93141778378,           1.00147284856614,                  0.00144396918248883
         527,     3057.930499,           1.00161188141044,                  0.00144347588994298
         528,3057.92958021621,            1.0015904878565,                  0.00192397724576244
         529,3057.92866143243,           1.00172938561132,                  0.00176304371867592
         530,3057.92774264865,           1.00154774455486,                   0.0012817760288656
         531,3057.92682386486,           1.00168816649742,                 0.000640670397503948
         532,3057.92590508108,           1.00166837987825,                -0.000320226464155451
         533, 3057.9249862973,           1.00148854778559,                -0.000640235606703267
         534,3057.92406751351,           1.00163044956567,                 -0.00032000972829574
         535,3057.92314872973,           1.00145075200778,                 0.000319901214504961
         536,3057.92222994595,           1.00159257056239,                  0.00111927649967061
         537,3057.92131116216,            1.0014146080257,                  0.00111889900338067
         538,3057.92039237838,           1.00155634313691,                  0.00111852176163982
         539,3057.91947359459,           1.00138011232581,                  0.00079867611447265
         540,3057.91855481081,           1.00136208237325,                 0.000479044210990232
         541,3057.91763602702,           1.00150529086593,                -0.000319255750993284
         542,3057.91671724324,           1.00164840337851,                -0.000797871916025577
         543,3057.91579845946,           1.00179142000743,                 -0.00111664648726943
         544,3057.91487967567,           1.00145753533008,                 -0.00143520984362591
         545,3057.91396089189,            1.0014427023968,                 -0.00143473166532493
         546,3057.91304210811,            1.0014278793442,                -0.000796807669751906
         547,3057.91212332432,            1.0014130661624,                 0.000318616947554057
         548,3057.91120454054,           1.00123900739264,                  0.00175180993817703
         549,3057.91028575676,           1.00122586088867,                   0.0030248515434703
         550,3057.90936697297,           1.00152942917756,                  0.00318299516662184
         551,3057.90844818919,           1.00135709819632,                  0.00334103893583137
         552, 3057.9075294054,           1.00118647356518,                  0.00381707313194031
         553,3057.90661062162,           1.00133235394189,                  0.00365681869492911
         554,3057.90569183784,            1.0014797296116,                  0.00381455538972836
         555,3057.90477305405,           1.00130923327232,                  0.00397218832621517
         556,3057.90385427027,            1.0011388490477,                  0.00412971760673335
         557,3057.90293548649,           1.00128614300005,                  0.00412836024706648
         558, 3057.9020167027,           1.00111587832958,                  0.00412700377938308
         559,3057.90109791892,           1.00142335088852,                  0.00412565474934267
         560,3057.90017913513,           1.00141336814671,                  0.00380705224703328
         561,3057.89926035135,           1.00124481656795,                  0.00380580861539925
         562,3057.89834156757,           1.00139342222279,                  0.00396308937083578
         563,3057.89742278378,           1.00138504594105,                  0.00412027396652436
         564,     3057.896504,           1.00121666835648,                  0.00396050897292913
         565,3057.89558521621,            1.0012083549111,                  0.00332574746174203
         566,3057.89466643243,           1.00135836438996,                  0.00269139797543545
         567,3057.89374764865,           1.00135159516718,                  0.00174093054320198
         568,3057.89282886486,           1.00118503095478,                 0.000632860322980266
         569,3057.89191008108,           1.00117832203779,                 0.000158164031917502
         570, 3057.8909912973,           1.00148784348076,                -0.000632452064086368
         571,3057.89007251351,            1.0011649171834,                 -0.00110643423117837
         572,3057.88915372973,           1.00115822123764,                 -0.00110607758028148
         573,3057.88823494595,           1.00115311103038,                  -0.0011057229058398
         574,3057.88731616216,           1.00114800409934,                -0.000947458678958364
         575,3057.88639737838,           1.00130075961836,                -0.000473577530956185
         576,3057.88547859459,           1.00129560865991,                 -0.00031561721313157
         577,3057.88455981081,           1.00129046100063,                -0.000473274205609246
         578,3057.88364102703,           1.00128689574252,                -0.000630831246333293
         579,3057.88272224324,           1.00128175415861,                 -0.00157657338081972
         580,3057.88180345946,           1.00143580109348,                 -0.00362496434138338
         581,3057.88088467567,            1.0014321929884,                 -0.00504182350151491
         582,3057.87996589189,           1.00127265739685,                 -0.00582776283210373
         583,3057.87904710811,           1.00111164646493,                 -0.00661319426730531
         584,3057.87812832432,           1.00126712786973,                 -0.00645369474023879
         585,3057.87720954054,           1.00126515351788,                  -0.0064516535115878
         586,3057.87629075676,           1.00110587276643,                 -0.00660692122190289
         587,3057.87537197297,           1.00110395063359,                 -0.00644757492553837
         588,3057.87445318919,           1.00110360353279,                 -0.00550229681589944
         589,3057.87353440541,           1.00094609758321,                 -0.00440045387538543
         590,3057.87261562162,            1.0009442277207,                  -0.0028279698789786
         591,3057.87169683784,           1.00110256353876,                 -0.00125648266525103
         592,3057.87077805405,           1.00078819528402,                                    0
         593,3057.86985927027,           1.00094490957435,                 0.000470885169942458
         594,3057.86894048649,           1.00078927093647,                  0.00141221439925184
         595, 3057.8680217027,           1.00094745692522,                  0.00172550102275152
         596,3057.86710291892,           1.00079191463003,                    0.001568147782247
         597,3057.86618413513,           1.00095000109736,                  0.00156765857650331
         598,3057.86526535135,           1.00063940622982,                  0.00141045491872645
         599,3057.86434656757,           1.00064077356566,                  0.00125334682770084
         600,3057.86342778378,            1.0004870874831,                  0.00046985930846107
         601,     3057.862509,           1.00049006790494,                 0.000156571215634575
         602,3057.86159021621,           1.00064956917129,                -0.000782613459386275
         603,3057.86067143243,           1.00065406317186,                 -0.00093884665817532
         604,3057.85975264865,           1.00050056313353,                 -0.00125140783381304
         605,3057.85883386486,           1.00081785584157,                -0.000938266739851472
         606,3057.85791508108,           1.00050963459512,                  -0.0012506370432439
         607, 3057.8569962973,           1.00035788463612,                 -0.00187537800587931
         608,3057.85607751351,           1.00051869488867,                 -0.00171856740221351
         609,3057.85515872973,            1.0005247835268,                 -0.00203041245486237
         610,3057.85423994595,            1.0005293062341,                 -0.00202978791839003
         611,3057.85332116216,           1.00053538789087,                 -0.00202916693332001
         612,3057.85240237838,            1.0002293817771,                 -0.00171646227762061
         613,3057.85148359459,           1.00023555141651,                 -0.00202792610237283
         614,3057.85056481081,           1.00039922400833,                 -0.00155946878255391
         615,3057.84964602703,           1.00040533798952,                 -0.00155899226739835
         616,3057.84872724324,           1.00041300739517,                 -0.00264948140297833
         617,3057.84780845946,           1.00026486764408,                 -0.00342769892339093
         618,3057.84688967567,           1.00027257505549,                 -0.00482847241151046
         619,3057.84597089189,           1.00012612520028,                 -0.00591698470459454
         620,3057.84505210811,           1.00044519577718,                  -0.0068491658027378
         621,3057.84413332432,           1.00029878246147,                 -0.00715832980604039
         622,3057.84321454054,           1.00030647025605,                 -0.00684502094731979
         623,3057.84229575676,           1.00047123081445,                 -0.00528773851199928
         624,3057.84137697297,           1.00017102255943,                 -0.00388687635068953
         625,3057.84045818919,           1.00033572485483,                 -0.00217599442945426
         626,3057.83953940541,           1.00019111932216,                -0.000932289376407174
         627,3057.83862062162,           1.00035571655138,                                    0
         628,3057.83770183784,           1.00005590374617,                 0.000931729102869104
         629,3057.83678305405,            1.0002219955694,                  0.00170765822617778
         630,3057.83586427027,           1.00007759757896,                   0.0023279273686661
         631,3057.83494548649,           1.00008998637792,                  0.00294782962165383
         632, 3057.8340267027,           1.00010081661458,                  0.00310204967932561
         633,3057.83310791892,           1.00011319110535,                  0.00341123879136708
         634,3057.83218913513,           1.00012555823034,                  0.00325521337923701
         635,3057.83127035135,          0.999982953955535,                  0.00294431677129322
         636,3057.83035156757,           1.00015027040928,                  0.00263360511105293
         637,3057.82943278378,           1.00016416444941,                  0.00201333758715429
         638,     3057.828514,           1.00002167565174,                      0.0015482608386
         639,3057.82759521621,           1.00019037978445,                  0.00139302281307027
         640,3057.82667643243,           1.00004951506186,                  0.00185681481985802
         641,3057.82575764865,          0.999908733577845,                  0.00232033276665651
         642,3057.82483886486,           1.00007732158045,                  0.00247429057449934
         643,3057.82392008108,            1.0002473563787,                  0.00216436831364789
         644, 3057.8230012973,            1.0001066409492,                  0.00216372940400074
         645,3057.82208251351,           1.00012206031634,                  0.00216309421356847
         646,3057.82116372973,           1.00013747063303,                   0.0015446138542595
         647,3057.82024494594,           1.00030728797516,                  0.00108091247542854
         648,3057.81932616216,           1.00016826414692,                 0.000463112330983296
         649,3057.81840737838,           1.00003086515016,                -0.000462977252384333
         650,3057.81748859459,           1.00035484517951,                 -0.00107996358979897
         651,3057.81656981081,           1.00037170764962,                 -0.00123388431409142
         652,3057.81565102703,           1.00038856029161,                 -0.00154190591906844
         653,3057.81473224324,           1.00040540311405,                 -0.00169560237815941
         654,3057.81381345946,           1.00011403457405,                 -0.00184920930891966
         655,3057.81289467567,           1.00013248828403,                  -0.0020027298748756
         656,3057.81197589189,           1.00014939096231,                 -0.00184813561619152
         657,3057.81105710811,           1.00047575716985,                 -0.00153966721632786
         658,3057.81013832432,           1.00018624582294,                 -0.00123137734173338
         659,3057.80921954054,           1.00020465726064,                 -0.00169265403536416
         660,3057.80830075676,           1.00022305804893,                   -0.001845997646353
         661,3057.80738197297,           1.00024144819706,                 -0.00246061856875045
         662,3057.80646318919,           1.00056885445013,                   -0.002767400027674
         663, 3057.8055444054,           1.00043343405808,                 -0.00322770043251186
         664,3057.80462562162,           1.00045328477808,                 -0.00338042885349682
         665,3057.80370683784,           1.00016590065623,                 -0.00291862265588517
         666,3057.80278805405,           1.00064651962057,                  -0.0030713521166991
         667,3057.80186927027,           1.00035924503275,                 -0.00276342332881974
         668,3057.80095048649,           1.00068758901822,                 -0.00214871568194097
         669, 3057.8000317027,           1.00040046705813,                 -0.00214809916239476
         670,3057.79911291892,           1.00042182766423,                 -0.00245427004640104
         671,3057.79819413513,           1.00044317608505,                 -0.00276026627368654
         672,3057.79727535135,           1.00031120793136,                 -0.00291278359397636
         673,3057.79635656757,            1.0004858364126,                 -0.00321847465757729
         674,3057.79543778378,           1.00050714834012,                 -0.00306434042370635
         675,     3057.794519,           1.00052998066949,                 -0.00382934009747968
         676,3057.79360021622,           1.00055126791621,                 -0.00367511944138185
         677,3057.79268143243,           1.00042098817406,                 -0.00352099200122469
         678,3057.79176264865,           1.00029078220413,                 -0.00367303836794662
         679,3057.79084386486,           1.00046664983667,                 -0.00351899876835043
         680,3057.78992508108,           1.00033650463459,                 -0.00367095965003518
         681, 3057.7890062973,           1.00081808659485,                 -0.00321118102650753
         682,3057.78808751351,            1.0005365750005,                 -0.00336314815126217
         683,3057.78716872973,           1.00055934736694,                 -0.00351502443706119
         684,3057.78624994595,           1.00058363559138,                 -0.00336125209696296
         685,3057.78533116216,           1.00045516891655,                 -0.00351304868474512
         686,3057.78441237838,           1.00032677443097,                 -0.00351206164126275
         687,3057.78349359459,           1.00050376295663,                 -0.00335841971087059
         688,3057.78257481081,            1.0003769536347,                 -0.00351009457415685
         689,3057.78165602703,           1.00040125900735,                 -0.00335653922497509
         690,3057.78073724324,           1.00057960403892,                 -0.00350812970928282
         691,3057.77981845946,           1.00045135436807,                 -0.00442205293044873
         692,3057.77889967567,           1.00062958564728,                 -0.00487814545105315
         693,3057.77798089189,           1.00019811938979,                 -0.00579118216315894
         694,3057.77706210811,           1.00037632188776,                 -0.00670370974155675
         695,3057.77614332432,           1.00025131942699,                 -0.00761574021186989
         696,3057.77522454054,           1.00042940805643,                 -0.00807043510304271
         697,3057.77430575676,           1.00030446034404,                 -0.00852488963312529
         698,3057.77338697297,           1.00017805969718,                 -0.00852251542042634
         699,3057.77246818919,           1.00020539660563,                  -0.0082158642252364
         700,3057.77154940541,           1.00038482189439,                 -0.00775727929399632
         701,3057.77063062162,           1.00041208644996,                  -0.0074510096118024
         702,3057.76971183784,           1.00044085678235,                 -0.00684088110548639
         703,3057.76879305405,           1.00016413573417,                 -0.00623107879731061
         704,3057.76787427027,           1.00019143873808,                 -0.00577354924381699
         705,3057.76695548649,           1.00022024591596,                  -0.0051643869948584
         706, 3057.7660367027,           1.00009718527157,                 -0.00394815165761629
         707,3057.76511791892,           1.00012600251701,                 -0.00303620522925627
         708,3057.76419913513,           1.00000303537118,                 -0.00166945414920064
         709,3057.76328035135,          0.999880135765212,                -0.000910361276872727
         710,3057.76236156757,          0.999757303643479,                 0.000151685222825592
         711,3057.76144278378,          0.999787698653403,                 0.000909862913987626
         712,     3057.760524,          0.999816561328399,                  0.00151602207934556
         713,3057.75960521622,          0.999695362692691,                  0.00151560849407624
         714,3057.75868643243,          0.999725749680673,                  0.00121215610752431
         715,3057.75776764865,          0.999754605687695,                  0.00136330173502867
         716,3057.75684886486,          0.999786473958152,                  0.00015143690911211
         717,3057.75593008108,          0.999514019993308,                -0.000756978203569606
         718, 3057.7550112973,          0.999695777666448,                  -0.0019676071324245
         719,3057.75409251351,          0.999726123159843,                 -0.00226969757036441
         720,3057.75317372973,          0.999757964481288,                 -0.00242035518712371
         721,3057.75225494595,          0.999638557314375,                 -0.00241969998744781
         722,3057.75133616216,          0.999517703603918,                 -0.00166309102097158
         723,3057.75041737838,          0.999549575421933,                 -0.00136034268543738
         724,3057.74949859459,          0.999581429998323,                -0.000755541519273109
         725,3057.74857981081,          0.999765845110317,                 0.000453203012289355
         726,3057.74766102703,          0.999646597214461,                  0.00166129514569558
         727,3057.74674224324,          0.999376427761496,                  0.00332169231164117
         728,3057.74582345946,          0.999560748749794,                  0.00483025429779423
         729,3057.74490467568,          0.999441652707984,                  0.00588528226719182
         730,3057.74398589189,           0.99932412860867,                  0.00618543014386405
         731,3057.74306710811,          0.999206667611828,                  0.00603294591765632
         732,3057.74214832432,          0.999390836002195,                  0.00512662770429611
         733,3057.74122954054,          0.999273420141035,                  0.00422079586120817
         734,3057.74031075676,          0.999156067273494,                  0.00331544999698595
         735,3057.73939197297,          0.999341606690602,                  0.00165728292983516
         736,3057.73847318919,          0.999374919982227,                 0.000451865073089176
         737,3057.73755440541,          0.999108557248092,                 -0.00105407082151268
         738,3057.73663562162,          0.999292456380689,                 -0.00210757673837446
         739,3057.73571683784,          0.999327260112545,                 -0.00301002186780887
         740,3057.73479805405,           0.99936204530682,                 -0.00391198632610318
         741,3057.73387927027,          0.999246391025284,                   -0.004061365732001
         742,3057.73296048649,          0.999431560141839,                 -0.00345876104171867
         743, 3057.7320417027,          0.999315948914163,                 -0.00225511346979276
         744,3057.73112291892,          0.999502503265292,                 -0.00135271015479513
         745,3057.73020413513,          0.999386934492147,                 0.000150261153885453
         746,3057.72928535135,          0.999122706869926,                 0.000600885705529951
         747,3057.72836656757,          0.999158982368666,                   0.0013516354789295
         748,3057.72744778378,          0.999043596677062,                  0.00255241075195522
         749,     3057.726529,          0.998929771709648,                  0.00270183860116809
         750,3057.72565691111,          0.999266194369955,                  0.00360150002476031
         751,3057.72478482222,          0.999152370736537,                  0.00435066347618012
         752,3057.72391273333,            0.9991900890902,                  0.00419953805081441
         753,3057.72304064444,          0.999076345446803,                  0.00479820547115379
         754,3057.72216855556,          0.999112566182775,                  0.00464703519154779
         755,3057.72129646667,          0.999300130232725,                  0.00434608634924251
         756,3057.72042437778,          0.999187944420639,                  0.00389546956889138
         757,3057.71955228889,          0.999224107199027,                   0.0028459388452678
         758,    3057.7186802,          0.999261747277974,                  0.00149747002439379
         759,3057.71780811111,          0.999299367634378,                                    0
         760,3057.71693602222,          0.999336968283736,                -0.000898011353856884
         761,3057.71606393333,          0.999524178609584,                 -0.00209481115277458
         762,3057.71519184444,           0.99941360554801,                 -0.00269262758567043
         763,3057.71431975556,          0.999899800648155,                 -0.00284147415679254
         764,3057.71344766667,          0.999339156332886,                 -0.00299024283762084
         765,3057.71257557778,          0.999677137766511,                 -0.00313893838114485
         766,3057.71170348889,          0.999716074657422,                 -0.00328755659827553
         767,    3057.7108314,          0.999604102395554,                 -0.00298790644864909
         768,3057.70995931111,          0.999643037970902,                 -0.00268841695554703
         769,3057.70908722222,          0.999532635621527,                 -0.00238908308484381
         770,3057.70821513333,          0.999571569533369,                  -0.0019406258070391
         771,3057.70734304444,          0.999610483224662,                 -0.00164164158188583
         772,3057.70647095556,          0.999650868204239,                 -0.00104441135484025
         773,3057.70559886667,           0.99968974117254,                -0.000447488693452345
         774,3057.70472677778,          0.999879209223047,                 0.000149124415991506
         775,3057.70385468889,          0.999619831384037,                 0.000447257195250129
         776,    3057.7029826,          0.999809219469153,                 0.000894283738344502
         777,3057.70211051111,          0.999848011181609,                 0.000745043227408054
         778,3057.70123842222,          0.999888272317605,                                    0
         779,3057.70036633333,          0.999928512706866,                -0.000446795582085284
         780,3057.69949424444,          0.999968732365426,                  -0.0011911479837587
         781,3057.69862215556,            1.0000089313093,                 -0.00208397217004022
         782,3057.69775006667,           1.00019792638627,                 -0.00223225247668412
         783,3057.69687797778,           1.00009075503728,                 -0.00223168124450448
         784,3057.69600588889,           1.00013089160985,                 -0.00208236652030605
         785,    3057.6951338,           1.00017249481029,                 -0.00193313149457831
         786,3057.69426171111,           1.00006392559655,                 -0.00148664178028326
         787,3057.69338962222,           1.00010552458351,                 -0.00118900939168793
         788,3057.69251753333,           1.00014561620916,                 -0.00104011577974508
         789,3057.69164544444,           1.00018717300431,                                    0
         790,3057.69077335556,           1.00037722062654,                 0.000445536173081893
         791,3057.68990126667,           1.00012174878771,                  0.00178168957622513
         792,3057.68902917778,           1.00031171607119,                  0.00341403316065253
         793,3057.68815708889,           1.00020478970472,                  0.00489714511279758
         794,     3057.687285,           1.00024776234991,                  0.00578606685429348
         795,3057.68641291111,           1.00014090669752,                  0.00593291357969757
         796,3057.68554082222,           1.00018239056196,                  0.00607968539852338
         797,3057.68466873333,           1.00037358349591,                  0.00518865966543523
         798,3057.68379664444,           1.00012004997636,                  0.00429808557340167
         799,3057.68292455556,           1.00045785171235,                  0.00281526942869293
         800,3057.68205246667,           1.00035256020928,                 0.000740672708580842
         801,3057.68118037778,           1.00039541906275,                  -0.0010366791907386
         802,3057.68030828889,           1.00014213715051,                 -0.00251701204020112
         803,    3057.6794362,           1.00048107167968,                 -0.00414461754801465
         804,3057.67856411111,           1.00037588087832,                  -0.0054754301172334
         805,3057.67769202222,           1.00027074330132,                 -0.00547404489012704
         806,3057.67681993333,           1.00046147838743,                 -0.00576847984286069
         807,3057.67594784444,           1.00035637233663,                 -0.00502765952098235
         808,3057.67507575556,           1.00040063332589,                 -0.00384371456575635
         809,3057.67420366667,           1.00029559562518,                  -0.0028081584392551
         810,3057.67333157778,            1.0006353709532,                 -0.00206864961508341
         811,3057.67245948889,           1.00053032686748,                 -0.00162495697557099
         812,    3057.6715874,           1.00042681332898,                 -0.00103380391102788
         813,3057.67071531111,           1.00047100095824,                -0.000590596812844299
         814,3057.66984322222,           1.00036755425854,                -0.000590448608091213
         815,3057.66897113333,           1.00026415946377,                -0.000295150238850331
         816,3057.66809904444,           1.00030835464029,                 0.000590152421616693
         817,3057.66722695556,           1.00035252765277,                  0.00132750998951267
         818,3057.66635486667,            1.0005441426509,                  0.00191703372947115
         819,3057.66548277778,           1.00044080725224,                  0.00235883479458235
         820,3057.66461068889,           1.00033752363771,                  0.00206346328730336
         821,    3057.6637386,           1.00038311917954,                  0.00147353530590593
         822,3057.66286651111,           1.00042721822012,                 0.000736583138138802
         823,3057.66199442222,           1.00032548871173,                                    0
         824,3057.66112233333,           1.00066406635363,                -0.000883458563584721
         825,3057.66025024444,           1.00056232868848,                 -0.00103044524066785
         826,3057.65937815555,           1.00031347178092,                 -0.00191320805254552
         827,3057.65850606667,           1.00035753328517,                  -0.0023541286266455
         828,3057.65763397778,           1.00055014077131,                 -0.00308902572128751
         829,3057.65676188889,            1.0004485327098,                 -0.00338237781160156
         830,    3057.6558898,            1.0006410218712,                 -0.00367558412382896
         831,3057.65501771111,           1.00039245487136,                 -0.00396864476660694
         832,3057.65414562222,           1.00029096167241,                  -0.0033798578108514
         833,3057.65327353333,           1.00033643272594,                 -0.00308519093659051
         834,3057.65240144444,              1.00023647294,                 -0.00249691924228782
         835,3057.65152935556,           1.00057561732021,                 -0.00190893499048469
         836,3057.65065726667,           1.00032737452967,                  -0.0016148519400978
         837,3057.64978517778,           1.00037425973626,                 -0.00117414819217871
         838,3057.64891308889,           1.00012618963073,                -0.000880392772562266
         839,     3057.648041,           1.00002640527401,                -0.000440087900223271
         840,3057.64716891111,          0.999926670088729,                -0.000146659822541615
         841,3057.64629682222,          0.999825518057415,                -0.000146623481164014
         842,3057.64542473333,           1.00016564373112,                -0.000879524236023261
         843,3057.64455264444,          0.999919396794923,                 -0.00161206410153073
         844,3057.64368055556,          0.999966301501927,                 -0.00219772813516907
         845,3057.64280846667,          0.999866703970025,                 -0.00219718730728836
         846,3057.64193637778,          0.999767155444975,                 -0.00205020362915331
         847,3057.64106428889,          0.999814062987261,                 -0.00175688515973746
         848,    3057.6401922,          0.999860947460096,                 -0.00102459766245362
         849,3057.63932011111,          0.999761473770163,                -0.000731675551646782
         850,3057.63844802222,          0.999808348121738,                -0.000877794862266671
         851,3057.63757593333,          0.999855199437179,                 -0.00117010555814766
         852,3057.63670384444,          0.999757262387661,                 -0.00116981981850246
         853,3057.63583175556,          0.999804103304807,                 -0.00131572407219524
         854,3057.63495966667,          0.999558609884215,                -0.000730778337391589
         855,3057.63408757778,          0.999606937193239,                -0.000146120002513264
         856,3057.63321548889,          0.999361612301453,                                    0
         857,    3057.6323434,          0.999263915502173,                 0.000438145534420713
         858,3057.63147131111,          0.999312279246749,                  0.00116810319023583
         859,3057.63059922222,           0.99935916057334,                  0.00160574799390984
         860,3057.62972713333,          0.999407477459333,                   0.0017512981497535
         861,3057.62885504444,          0.999455770799258,                  0.00131315356747348
         862,3057.62798295556,          0.999358170201593,                 0.000729352043644426
         863,3057.62711086667,          0.999260617144057,                 0.000291669765657927
         864,3057.62623877778,          0.999308910966154,                 0.000291598748458172
         865,3057.62536668889,          0.999502945159254,                 0.000437291648749856
         866,    3057.6244946,          0.999259699682895,                 0.000728642044394702
         867,3057.62362251111,          0.999162265525405,                 0.000874157712620652
         868,3057.62275042222,           0.99921053628183,                  0.00131091761319774
         869,3057.62187833333,          0.998967539379854,                  0.00131059881259748
         870,3057.62100624445,          0.999015834007885,                  0.00174704022268939
         871,3057.62013415556,          0.999065559310784,                  0.00261992716602478
         872,3057.61926206667,          0.998968290578267,                  0.00349238732321608
         873,3057.61838997778,           0.99901654989409,                  0.00450990433183585
         874,3057.61751788889,          0.998920793202452,                  0.00509059810164325
         875,    3057.6166458,          0.998823630343648,                  0.00596182396914974
         876,3057.61577371111,          0.998873341813556,                  0.00639651099400327
         877,3057.61490162222,          0.998630897532418,                  0.00712165827086137
         878,3057.61402953333,          0.998825936344826,                  0.00755585520656546
         879,3057.61315744444,          0.998874160159797,                  0.00813510078082441
         880,3057.61228535556,          0.998923811363448,                  0.00813313949350874
         881,3057.61141326667,          0.998828239004395,                  0.00769558026853219
         882,3057.61054117778,          0.998876427329236,                  0.00711305695961816
         883,3057.60966908889,           0.99892604202949,                  0.00638569604086846
         884,     3057.608797,          0.998975632829662,                  0.00522340200172372
         885,3057.60792491111,           0.99888014018556,                  0.00420672728222208
         886,3057.60705282222,          0.998929718159115,                  0.00362561599215707
         887,3057.60618073333,          0.998834282532797,                  0.00246482549035528
         888,3057.60530864444,          0.998738892834882,                  0.00217432269847942
         889,3057.60443655556,          0.998788469007414,                   0.0015941197270867
         890,3057.60356446667,          0.998693136212297,                  0.00130396608529097
         891,3057.60269237778,          0.998887549828497,                  0.00144850282747752
         892,3057.60182028889,          0.998937054511436,                  0.00188260100154373
         893,    3057.6009482,          0.998986535398871,                  0.00202692920225858
         894,3057.60007611111,          0.998891246638277,                   0.0015922045664427
         895,3057.59920402222,          0.998797449029059,                   0.0015918243899333
         896,3057.59833193333,          0.998846927865717,                  0.00173611864634829
         897,3057.59745984444,          0.998607099309625,                  0.00188034361109866
         898,3057.59658775555,          0.998801207180032,                  0.00260292771525128
         899,3057.59571566667,          0.998852093555821,                  0.00303602460047362
         900,3057.59484357778,          0.998756973954268,                  0.00361344780735987
         901,3057.59397148889,          0.998663343087316,                  0.00404609660055634
         902,    3057.5930994,          0.998857251827891,                  0.00404512627295067
         903,3057.59222731111,          0.998908076192017,                  0.00361085915338352
         904,3057.59135522222,          0.998813034098556,                  0.00332119412812878
         905,3057.59048313333,          0.998719479360808,                  0.00245421092066114
         906,3057.58961104444,          0.998768858617918,                  0.00158763835907472
         907,3057.58873895555,          0.998963951874266,                 0.000721481981708989
         908,3057.58786686667,          0.999014690204463,                -0.000144262049126998
         909,3057.58699477778,          0.998775508438031,                -0.000865365061462553
         910,3057.58612268889,          0.998826267386095,                 -0.00216289793717214
         911,    3057.5852506,          0.999021161084594,                 -0.00259486015866128
         912,3057.58437851111,           0.99907039756718,                 -0.00273836375559383
         913,3057.58350642222,          0.998976959986167,                 -0.00244953242748664
         914,3057.58263433333,          0.998883566823928,                  -0.0014405589368675
         915,3057.58176224444,          0.998790218048795,                -0.000432064982573379
         916,3057.58089015556,          0.998696913629131,                 0.000287974888589715
         917,3057.58001806667,          0.998746169049809,                 0.000431859110283861
         918,3057.57914597778,          0.998940757243436,                 0.000719594263970203
         919,3057.57827388889,          0.998847483672685,                 0.000575538740232028
         920,    3057.5774018,          0.998610403845988,                 0.000143850533541629
         921,3057.57652971111,          0.998804885730681,                 0.000575265592933437
         922,3057.57565762222,           0.99871171077907,                 0.000718911395608314
         923,3057.57478553333,          0.998906076379156,                 0.000431244528585044
         924,3057.57391344444,          0.998956635710652,                 0.000287428178883801
         925,3057.57304135556,          0.999007171069741,                -0.000287360037701637
         926,3057.57216926667,          0.998914036509058,                 -0.00114916771528221
         927,3057.57129717778,          0.998820946086647,                 -0.00143611926108792
         928,3057.57042508889,          0.999016489945943,                 -0.00215367165122005
         929,     3057.569553,          0.999066963324481,                 -0.00258379387066676
         930,3057.56868091111,          0.998830392571917,                 -0.00315722250525606
         931,3057.56780882222,           0.99888088610864,                  -0.0031564750781945
         932,3057.56693673333,          0.998787913561741,                 -0.00387293891514678
         933,3057.56606464444,          0.998694985013839,                 -0.00430224720712452
         934,3057.56519255555,          0.998890281214784,                 -0.00415786108156003
         935,3057.56432046667,          0.998940712890191,                 -0.00387019647697448
         936,3057.56344837778,          0.998704507282847,                 -0.00343936119598053
         937,3057.56257628889,          0.998754959031132,                   -0.003152002452831
         938,    3057.5617042,          0.998663578429898,                 -0.00243506609772064
         939,3057.56083211111,          0.998714016079095,                  -0.0025776960552658
         940,3057.55996002222,          0.998764429898219,                 -0.00257708711843004
         941,3057.55908793333,           0.99867311168907,                 -0.00271962005476456
         942,3057.55821584444,          0.998580407331509,                 -0.00286208199292493
         943,3057.55734375555,          0.998487746742647,                 -0.00300447667023866
         944,3057.55647166666,          0.998539594719655,                 -0.00357591890388073
         945,3057.55559957778,          0.998589990361597,                  -0.0037180781540028
         946,3057.55472748889,          0.998355851025806,                  -0.0038601758524555
         947,    3057.5538554,           0.99840626630361,                  -0.0037163296956183
         948,3057.55298331111,          0.998029377846434,                 -0.00314384970111992
         949,3057.55211122222,          0.998079846387711,                 -0.00314310859154447
         950,3057.55123913333,           0.99813029114038,                 -0.00342803763413983
         951,3057.55036704445,          0.998182137537789,                  -0.0034272348069967
         952,3057.54949495555,          0.998232534499842,                 -0.00414026651894957
         953,3057.54862286667,          0.997998863834245,                 -0.00456750052098053
         954,3057.54775077778,          0.998191981072168,                 -0.00442372429067008
         955,3057.54687868889,          0.997815762179159,                 -0.00385201967098045
         956,    3057.5460066,          0.998152889408711,                 -0.00342321653984125
         957,3057.54513451111,          0.998060633716453,                 -0.00299460970253544
         958,3057.54426242222,           0.99754214284085,                 -0.00213850680900568
         959,3057.54339033333,          0.997877674821013,                 -0.00156786950764621
         960,3057.54251824445,          0.997929470910705,                -0.000712501407190279
         961,3057.54164615556,          0.997694887436994,                -0.000427400351608023
         962,3057.54077406667,          0.997889135457112,                 0.000284867009836458
         963,3057.53990197778,          0.997654671362071,                 0.000284800077465621
         964,3057.53902988889,          0.997421737415844,                 0.000427100372858626
         965,    3057.5381578,          0.997473579333167,                 0.000996334910863609
         966,3057.53728571111,          0.997666277712952,                  0.00085380083672482
         967,3057.53641362222,          0.997433504433038,                 0.000569067753206697
         968,3057.53554153333,          0.997343073500714,                                    0
         969,3057.53466944445,          0.997251266649887,                -0.000853202281462901
         970,3057.53379735556,          0.997018753278732,                 -0.00199034115869132
         971,3057.53292526667,          0.997069199302975,                 -0.00284267768867562
         972,3057.53205317778,          0.997121038586041,                 -0.00312621673776441
         973,3057.53118108889,          0.996888718407706,                  -0.0041199619258691
         974,     3057.530309,          0.996797125224592,                 -0.00397696202711436
         975,3057.52943691111,          0.996848991577904,                 -0.00355003202128883
         976,3057.52856482222,          0.996616897341361,                 -0.00298133259888441
         977,3057.52769273333,          0.996951236821338,                 -0.00227095953717845
         978,3057.52682064444,          0.996861129085357,                 -0.00212852910124987
         979,3057.52594855555,          0.996912932203678,                 -0.00241177171587627
         980,3057.52507646667,          0.996679625723894,                  -0.0026948787375486
         981,3057.52420437778,          0.996589644146028,                 -0.00297785750242837
         982,3057.52333228889,          0.996783243947494,                 -0.00340247444954343
         983,    3057.5224602,           0.99669186743658,                 -0.00382688856950905
         984,3057.52158811111,          0.996318538524978,                 -0.00382599922346386
         985,3057.52071602222,          0.996228724594893,                 -0.00340009803616004
         986,3057.51984393333,          0.996138952389855,                 -0.00297439471067638
         987,3057.51897184444,          0.996047811427787,                 -0.00240728074982547
         988,3057.51809975555,          0.995958123040114,                 -0.00141571872500372
         989,3057.51722766667,          0.996010015300367,                -0.000849234061645901
         990,3057.51635557778,          0.996060473988374,                                    0
         991,3057.51548348889,          0.996112318348499,                  0.00113178505138304
         992,    3057.5146114,          0.995881258026738,                  0.00155584346517457
         993,3057.51373931111,          0.995790304266117,                  0.00197970239416723
         994,3057.51286722222,          0.995842175131938,                  0.00155511980784374
         995,3057.51199513333,          0.995752680193073,                  0.00113073405841655
         996,3057.51112304445,          0.995663226734533,                 0.000423927005422026
         997,3057.51025095555,          0.995713684281908,                 0.000423828185704558
         998,3057.50937886667,          0.995483038087678,                 0.000141243336845584
         999,3057.50850677778,          0.995252498722044,                -0.000423631880840825
        1000,3057.50763468889,                          1,                                    0
        1001,    3057.5067626,                          1,                                    0
        1002,3057.50589051111,                          1,                                    0
        1003,3057.50501842222,                          1,                                    0
        1004,3057.50414633333,                          1,                                    0
        1005,3057.50327424444,                          1,                                    0
        1006,3057.50240215556,                          1,                                    0
        1007,3057.50153006667,                          1,                                    0
        1008,3057.50065797778,                          1,                                    0
        1009,3057.49978588889,                          1,                                    0
        1010,    3057.4989138,                          1,                                    0
        1011,3057.49804171111,                          1,                                    0
        1012,3057.49716962222,                          1,                                    0
        1013,3057.49629753333,                          1,                                    0
        1014,3057.49542544444,                          1,                                    0
        1015,3057.49455335555,                          1,                                    0
        1016,3057.49368126667,                          1,                                    0
        1017,3057.49280917778,                          1,                                    0
        1018,3057.49193708889,                          1,                                    0
        1019,     3057.491065,                          1,                                    0
        1020,3057.49019291111,                          1,                                    0
        1021,3057.48932082222,                          1,                                    0
        1022,3057.48844873333,                          1,                                    0
        1023,3057.48757664445,                          1,                                    0
