"SCAN INDEX",      WAVENUMBER,"SCIENCE DIRECT ABSORPTION","SCIENCE HARMONIC ABSORPTION SPECTRA"
           0,3058.41469805405,                          1,                                    0
           1,3058.41377927027,                          1,                                    0
           2,3058.41286048648,                          1,                                    0
           3, 3058.4119417027,                          1,                                    0
           4,3058.41102291891,                          1,                                    0
           5,3058.41010413513,                          1,                                    0
           6,3058.40918535135,                          1,                                    0
           7,3058.40826656757,                          1,                                    0
           8,3058.40734778377,                          1,                                    0
           9,     3058.406429,                          1,                                    0
          10,3058.40551021621,                          1,                                    0
          11,3058.40459143243,                          1,                                    0
          12,3058.40367264864,                          1,                                    0
          13,3058.40275386486,                          1,                                    0
          14,3058.40183508107,                          1,                                    0
          15,3058.40091629729,                          1,                                    0
          16,3058.39999751351,                          1,                                    0
          17,3058.39907872973,                          1,                                    0
          18,3058.39815994594,                          1,                                    0
          19,3058.39724116216,                          1,                                    0
          20,3058.39632237837,                          1,                                    0
          21,3058.39540359459,                          1,                                    0
          22,3058.39448481081,                          1,                                    0
          23,3058.39356602702,                          1,                                    0
          24,3058.39264724324,                          1,                                    0
          25,3058.39172845946,                          1,                                    0
          26,3058.39080967567,                          1,                                    0
          27,3058.38989089189,                          1,                                    0
          28,3058.38897210811,                          1,                                    0
          29,3058.38805332432,                          1,                                    0
          30,3058.38713454054,                          1,                                    0
          31,3058.38621575675,                          1,                                    0
          32,3058.38529697297,                          1,                                    0
          33,3058.38437818918,                          1,                                    0
          34, 3058.3834594054,                          1,                                    0
          35,3058.38254062161,                          1,                                    0
          36,3058.38162183783,                          1,                                    0
          37,3058.38070305405,                          1,                                    0
          38,3058.37978427027,                          1,                                    0
          39,3058.37886548648,                          1,                                    0
          40, 3058.3779467027,                          1,                                    0
          41,3058.37702791892,                          1,                                    0
          42,3058.37610913513,                          1,                                    0
          43,3058.37519035135,                          1,                                    0
          44,3058.37427156757,                          1,                                    0
          45,3058.37335278378,                          1,                                    0
          46,     3058.372434,                          1,                                    0
          47,3058.37151521621,                          1,                                    0
          48,3058.37059643243,                          1,                                    0
          49,3058.36967764864,                          1,                                    0
          50,3058.36875886486,                          1,                                    0
          51,3058.36784008107,                          1,                                    0
          52,3058.36692129729,                          1,                                    0
          53, 3058.3660025135,                          1,                                    0
          54,3058.36508372972,                          1,                                    0
          55,3058.36416494595,                          1,                                    0
          56,3058.36324616216,                          1,                                    0
          57,3058.36232737837,                          1,                                    0
          58,3058.36140859459,                          1,                                    0
          59,3058.36048981081,                          1,                                    0
          60,3058.35957102702,                          1,                                    0
          61,3058.35865224324,                          1,                                    0
          62,3058.35773345945,                          1,                                    0
          63,3058.35681467567,                          1,                                    0
          64,3058.35589589189,                          1,                                    0
          65, 3058.3549771081,                          1,                                    0
          66,3058.35405832432,                          1,                                    0
          67,3058.35313954054,                          1,                                    0
          68,3058.35222075675,                          1,                                    0
          69,3058.35130197297,                          1,                                    0
          70,3058.35038318919,                          1,                                    0
          71,3058.34946440541,                          1,                                    0
          72,3058.34854562161,                          1,                                    0
          73,3058.34762683784,                          1,                                    0
          74,3058.34670805405,          0.984666682506871,                  0.00079201020109139
          75,3058.34578927026,          0.988694136109698,                  0.00138528001456523
          76,3058.34487048648,          0.992521475292782,                  0.00178013018685433
          77, 3058.3439517027,          0.995158634296005,                  0.00276762433058086
          78,3058.34303291892,          0.997002669343255,                  0.00375407267489533
          79,3058.34211413513,          0.997460435320092,                  0.00454198970745637
          80,3058.34119535134,           0.99713019141268,                  0.00532908059543594
          81,3058.34027656756,          0.996603027684733,                  0.00591807023565756
          82,3058.33935778379,          0.995682091523887,                  0.00630927265916126
          83,     3058.338439,          0.994563107561399,                  0.00650298841876881
          84,3058.33752021621,          0.993841178428565,                  0.00571173091050899
          85,3058.33660143243,          0.993120011023731,                  0.00551186527426451
          86,3058.33568264865,          0.992594399760754,                  0.00511545181244393
          87,3058.33476386486,           0.99226793987399,                  0.00491611147381089
          88,3058.33384508108,          0.992138364779874,                  0.00471698113207547
          89,3058.33292629729,          0.992205363527073,                  0.00608955974447422
          90,3058.33200751351,          0.992663010933822,                  0.00706801194494019
          91,3058.33108872973,          0.992729663170495,                  0.00706429489506579
          92,3058.33016994594,          0.992992372610434,                  0.00686445448180233
          93,3058.32925116215,          0.992666733314907,                   0.0056847028566612
          94,3058.32833237837,          0.992927254560059,                  0.00489802315785349
          95,3058.32741359459,           0.99299362807875,                  0.00391636216950799
          96,3058.32649481081,          0.992864216570831,                  0.00274001557894572
          97,3058.32557602703,          0.992930553545091,                  0.00195612796206677
          98,3058.32465724323,          0.993190389514412,                   0.0011730595151745
          99,3058.32373845945,          0.993061078532333,                 0.000586222596536206
         100,3058.32281967568,          0.992931902917665,                 0.000781221009376605
         101,3058.32190089189,          0.992802862457958,                  0.00136642155666648
         102, 3058.3209821081,           0.99286712086094,                  0.00175590569615808
         103,3058.32006332432,          0.992738249379904,                  0.00253498276211722
         104,3058.31914454054,          0.992999306167315,                  0.00311834914596213
         105,3058.31822575675,          0.992870500233754,                  0.00350631136044881
         106,3058.31730697297,          0.993131215587935,                  0.00408856215003855
         107,3058.31638818918,           0.99300054291035,                  0.00428101351048946
         108, 3058.3154694054,           0.99306642809215,                  0.00486225238979705
         109,3058.31455062162,          0.993132244626608,                  0.00563727443612677
         110,3058.31363183784,          0.993197992620959,                  0.00641148938898506
         111,3058.31271305405,          0.993457858628384,                  0.00699071206227948
         112,3058.31179427027,          0.993327355513374,                  0.00737523241686366
         113,3058.31087548648,          0.993392899403693,                  0.00775936652531687
         114, 3058.3099567027,          0.993458375179827,                  0.00794921806837879
         115,3058.30903791892,            0.9935237829479,                  0.00755752438754985
         116,3058.30811913513,          0.993589122813813,                  0.00697255524781623
         117,3058.30720035134,           0.99384797649145,                  0.00638819307055275
         118,3058.30628156757,           0.99352611803129,                  0.00657836183311857
         119,3058.30536278378,          0.993976194850275,                  0.00676832039294934
         120,3058.30444399999,          0.993847884449238,                  0.00618497322099876
         121,3058.30352521621,          0.994106067601531,                  0.00598859076868392
         122,3058.30260643244,          0.994170903172118,                  0.00521317039923231
         123,3058.30168764865,          0.994428652204706,                  0.00366663000036666
         124,3058.30076886486,          0.994300373224291,                  0.00212168847826716
         125,3058.29985008107,          0.994750570150157,                 0.000771124472984618
         126,3058.29893129729,          0.994622257418722,                 -0.00057804470597756
         127,3058.29801251351,          0.994879241380506,                 -0.00096291060915651
         128,3058.29709372972,          0.994943477432357,                 -0.00115489666562084
         129,3058.29617494595,          0.995007647245549,                -0.000961917679085024
         130,3058.29525616216,          0.995071750922484,                -0.000576853188940571
         131,3058.29433737837,          0.995135788565355,                -0.000384370717869971
         132,3058.29341859459,          0.995583933123191,                -0.000192086423523672
         133,3058.29249981081,          0.995455653746542,                  -0.0015359007193775
         134,3058.29158102702,          0.995903172882266,                 -0.00211077743770808
         135,3058.29066224323,          0.995774861287718,                 -0.00364401432289419
         136,3058.28974345946,          0.995838373227571,                 -0.00402552566655996
         137,3058.28882467568,          0.995901819944476,                 -0.00478983176194919
         138,3058.28790589188,          0.995965201538853,                 -0.00421288875867233
         139,3058.28698710811,          0.996028518110914,                 -0.00306234748074071
         140,3058.28606832432,            0.9962830683529,                 -0.00172168733010294
         141,3058.28514954054,          0.996539263111604,                 -0.00057360279918166
         142,3058.28423075676,          0.996411085503308,                 0.000382206016687115
         143,3058.28331197297,          0.996474044305562,                 0.000191005183880691
         144,3058.28239318918,           0.99672784614386,                 0.000381814919036146
         145, 3058.2814744054,           0.99659976873848,                 0.000954049175510703
         146,3058.28055562162,          0.996664435328379,                  0.00133498871934532
         147,3058.27963683783,          0.997108366675117,                  0.00190615248838677
         148,3058.27871805405,          0.997361326766816,                  0.00190517922973604
         149,3058.27779927028,          0.997235086222655,                   0.0015233684723661
         150,3058.27688048648,          0.997107076243767,                 0.000951619656655628
         151, 3058.2759617027,          0.997169423688576,                  0.00019022690264948
         152,3058.27504291892,          0.997233603635292,                -0.000190130334344193
         153,3058.27412413513,          0.997675890259453,                -0.000380067005813125
         154,3058.27320535135,          0.997547916298664,                -0.000379873540098501
         155,3058.27228656756,          0.997801647056143,                -0.000379680992030496
         156,3058.27136778378,          0.998053226975519,                -0.000189743959501049
         157,     3058.270449,          0.997927148663077,                -0.000379295761559512
         158,3058.26953021622,          0.997799306620467,                -0.000379103080022974
         159,3058.26861143243,          0.997862940200217,                -0.000378911312018309
         160,3058.26769264865,          0.997737149565893,                -0.000378719737925941
         161,3058.26677386486,          0.998177389408418,                 0.000189263820517334
         162,3058.26585508108,          0.998051567258763,                 0.000378336454609084
         163, 3058.2649362973,          0.998302130089356,                 0.000189072373122984
         164,3058.26401751351,          0.998176372209046,                -0.000188976973155821
         165,3058.26309872972,          0.998428504510494,                -0.000944408347058735
         166,3058.26217994594,          0.998680382632401,                 -0.00188786461745255
         167,3058.26126116216,          0.998364049082301,                 -0.00283036490951323
         168,3058.26034237837,          0.998804301497075,                 -0.00414911152434585
         169,3058.25942359459,          0.998678607580382,                 -0.00508952857770296
         170,3058.25850481081,          0.998929852590962,                 -0.00584059325354957
         171,3058.25758602702,           0.99880422194394,                  -0.0065909026711987
         172,3058.25666724324,          0.998678717565528,                 -0.00696402422727564
         173,3058.25574845945,          0.998929583929838,                 -0.00696052629103654
         174,3058.25482967567,          0.999180198407028,                 -0.00658097609037372
         175,3058.25391089189,          0.999242627837092,                  -0.0060138732538625
         176,3058.25299210811,          0.999492833931288,                 -0.00525949997182411
         177,3058.25207332431,          0.999181429719358,                 -0.00413040049865199
         178,3058.25115454054,          0.999243764812733,                 -0.00356537681341633
         179,3058.25023575675,          0.998930922595045,                 -0.00262580415252171
         180,3058.24931697297,          0.999182657338462,                 -0.00168717521877039
         181,3058.24839818919,          0.999244898379811,                 -0.00112422077447569
         182, 3058.2474794054,           0.99930707717662,                 -0.00112365863250744
         183,3058.24656062161,          0.999183881280932,                 -0.00131028234712749
         184,3058.24564183784,          0.999246028553628,                 -0.00168380720033377
         185,3058.24472305406,          0.999122985812566,                 -0.00149597302760631
         186,3058.24380427027,          0.999372004874438,                 -0.00168212980061155
         187,3058.24288548648,          0.999062211611389,                 -0.00205491479576015
         188, 3058.2419667027,          0.999499596689869,                  -0.0016804588773041
         189,3058.24104791892,          0.999376672626224,                 -0.00111974977325067
         190,3058.24012913513,          0.999625070649001,                -0.000559596046267401
         191,3058.23921035135,          0.999502206511586,                -0.000559318526307547
         192,3058.23829156756,           0.99956581127139,                 -0.00130442965676729
         193,3058.23737278378,          0.999443098236354,                 -0.00242131201585401
         194,     3058.236454,          0.999692831811455,                 -0.00335092569322275
         195,3058.23553521621,          0.999384106983036,                  -0.0040935487532353
         196,3058.23461643243,           0.99944764430525,                 -0.00427750201321562
         197,3058.23369764865,          0.999698863488499,                 -0.00408950818087523
         198,3058.23277886486,          0.999576387701866,                 -0.00353010248444897
         199,3058.23186008108,          0.999454032914016,                 -0.00259984326659164
         200,3058.23094129729,          0.999519265571434,                 -0.00204172923329355
         201,3058.23002251351,          0.999582579657715,                 -0.00185520152126525
         202,3058.22910372973,          0.999462255929092,                 -0.00185428989968292
         203,3058.22818494595,          0.999710873384783,                 -0.00185337573857023
         204,3058.22726616215,          0.999405358442891,                  -0.0020377125009957
         205,3058.22634737838,          0.999838914841498,                 -0.00222186425520333
         206,3058.22542859459,          0.999348572782186,                 -0.00240583915669786
         207,3058.22450981081,          0.999228659106169,                 -0.00277460753176463
         208,3058.22359102702,          0.999293746140563,                  -0.0025883649298738
         209,3058.22267224324,          0.999543562100501,                 -0.00221751206234166
         210,3058.22175345945,          0.999239026840927,                 -0.00277053334613935
         211,3058.22083467567,          0.999673237002863,                 -0.00276917794183619
         212,3058.21991589189,           0.99936893615922,                 -0.00313686704481291
         213, 3058.2189971081,           0.99943563885313,                 -0.00313533970483543
         214,3058.21807832432,          0.999316092473146,                 -0.00331814972597613
         215,3058.21715954054,          0.999196662834233,                 -0.00294802629639456
         216,3058.21624075675,           0.99926335174954,                 -0.00239410681399632
         217,3058.21532197297,          0.999144064130765,                 -0.00110443337965818
         218,3058.21440318918,          0.999026730864407,                -0.000551948470090832
         219, 3058.2134844054,          0.999277298530875,                 0.000735574014376794
         220,3058.21256562162,          0.998974374055707,                  0.00183803932668943
         221,3058.21164683784,          0.999041008814635,                  0.00312315136996116
         222,3058.21072805405,          0.999107578968244,                  0.00459064316747034
         223,3058.20980927027,          0.998990547857208,                  0.00513902909057539
         224,3058.20889048649,           0.99869018223711,                  0.00531998811257829
         225, 3058.2079717027,          0.999123543670629,                   0.0053174128769404
         226,3058.20705291892,          0.998641964221897,                  0.00476503781790591
         227,3058.20613413513,          0.999074930619796,                  0.00439636933166027
         228,3058.20521535135,          0.998592010897726,                  0.00347877671563197
         229,3058.20429656756,          0.998660400562193,                   0.0042091239166081
         230,3058.20337778379,          0.998726897581105,                  0.00530459341206082
         231,3058.20245899999,          0.998429498371907,                   0.0060333589903448
         232,3058.20154021621,          0.998680608601262,                  0.00676142406555292
         233,3058.20062143243,          0.998748824168699,                  0.00785409645926372
         234,3058.19970264865,          0.998634408523628,                  0.00785032533208702
         235,3058.19878386486,          0.998520102698669,                  0.00821151400245616
         236,3058.19786508108,          0.998770687648876,                   0.0078427939315014
         237,3058.19694629729,          0.998838729201494,                  0.00875054918811311
         238,3058.19602751351,          0.998542274052478,                  0.00911078717201166
         239,3058.19510872973,          0.998430049794012,                  0.00892431091570715
         240,3058.19418994594,           0.99904428161835,                  0.00892003822873527
         241,3058.19327116216,          0.998749970432343,                  0.00909774066708274
         242,3058.19235237838,           0.99845412385196,                  0.00872965354187506
         243,3058.19143359459,           0.99852393694375,                  0.00836193356989122
         244,3058.19051481081,          0.998593683567901,                  0.00744947980827583
         245,3058.18959602702,          0.999026580172746,                  0.00690111071560886
         246,3058.18867724324,          0.998732977792622,                  0.00617174141129574
         247,3058.18775845946,          0.998621090064591,                  0.00526163001669207
         248,3058.18683967568,          0.999055168374073,                  0.00525913956849667
         249,3058.18592089189,          0.998580706673941,                  0.00471285140198266
         250, 3058.1850021081,          0.998650227830672,                  0.00471061428222015
         251,3058.18408332433,          0.998902583456174,                  0.00452729597287969
         252,3058.18316454054,          0.999154700642753,                   0.0043441508723598
         253,3058.18224575675,          0.999223851109676,                  0.00488485315588652
         254,3058.18132697297,           0.99911390802727,                   0.0052442177977902
         255,3058.18040818918,          0.998823318891425,                  0.00560324337416471
         256, 3058.1794894054,          0.999074997470696,                  0.00596193036465334
         257,3058.17857062162,          0.998967083926237,                  0.00505623252891082
         258,3058.17765183783,          0.999218458106286,                  0.00451236659188171
         259,3058.17673305405,          0.999108776209016,                  0.00360819348576748
         260,3058.17581427027,          0.999000999000999,                  0.00288520144115812
         261,3058.17489548649,          0.998893322807283,                  0.00270360877699553
         262, 3058.1739767027,          0.999144259784714,                  0.00270233752195649
         263,3058.17305791892,          0.999216689025543,                  0.00216085786057065
         264,3058.17213913513,          0.999289050477416,                  0.00143989776725852
         265,3058.17122035135,          0.999181441203191,                  0.00143922425812487
         266,3058.17030156756,          0.999255548322826,                  0.00197801170263651
         267,3058.16938278378,          0.999507525513414,                  0.00215682256899136
         268,3058.16846399999,          0.999399964788353,                  0.00233546639263861
         269,3058.16754521622,          0.999473866613515,                  0.00341178646526352
         270,3058.16662643243,          0.999547699730056,                  0.00394865315030728
         271,3058.16570764864,          0.999619670907695,                  0.00430561236571871
         272,3058.16478886486,          0.999693367594872,                  0.00340702672364172
         273,3058.16387008108,          0.999587761905615,                  0.00250927535712365
         274,3058.16295129729,          0.999661405007981,                  0.00161235710485158
         275,3058.16203251352,          0.999915838029392,                 0.000537204067709201
         276,3058.16111372972,          0.999810275887497,                -0.000536955035385337
         277,3058.16019494594,           1.00006440486328,                 -0.00107341438804646
         278,3058.15927616216,          0.999958871505643,                -0.000715278162736511
         279,3058.15835737837,           1.00003396004511,                 0.000178737079543363
         280,3058.15743859459,            1.0001089793636,                                    0
         281,3058.15651981081,           1.00036250194197,                 0.000178572385209206
         282,3058.15560102702,           1.00025881072012,                 0.000713960607223496
         283,3058.15468224324,           1.00033540762731,                 0.000356816624800183
         284,3058.15376345946,           1.00058847655902,                 0.000534978690015514
         285,3058.15284467567,           1.00048660759643,                 0.000356489081630652
         286,3058.15192589189,           1.00056121221839,                -0.000178162609013246
         287,3058.15100710811,           1.00063753022926,                -0.000712324278504546
         288,3058.15008832433,           1.00071377841541,                 -0.00124599723388614
         289,3058.14916954053,           1.00061203865807,                 -0.00142334571644107
         290,3058.14825075676,           1.00086606569651,                 -0.00142269518933405
         291,3058.14733197297,           1.00058837227078,                 -0.00142204778436067
         292,3058.14641318919,           1.00119752818811,                -0.000533024416071752
         293, 3058.1454944054,           1.00074234303352,                -0.000710376108630715
         294,3058.14457562162,           1.00082011154937,                -0.000532539967124533
         295,3058.14365683783,           1.00107524210691,                -0.000709730763634815
         296,3058.14273805406,           1.00097543672963,                -0.000709408530637581
         297,3058.14181927027,           1.00105299358631,                -0.000886358237636189
         298,3058.14090048648,           1.00130767131735,                -0.000885956177063658
         299, 3058.1399817027,           1.00120966956362,                -0.000885556049499041
         300,3058.13906291892,           1.00146404590058,                -0.000531092829715706
         301,3058.13814413513,           1.00101216007701,                -0.000353902124828357
         302,3058.13722535135,           1.00109129563499,                -0.000176871253645759
         303,3058.13630656756,           1.00117035984145,                -0.000530374550507568
         304,3058.13538778378,           1.00142606464473,                -0.000706847407548777
         305,     3058.134469,           1.00150667582801,                 -0.00123642799484939
         306,3058.13355021621,           1.00158544637907,                 -0.00158897744005141
         307,3058.13263143243,           1.00148943980122,                 -0.00194121301106844
         308,3058.13171264865,           1.00174630893793,                 -0.00211673810657776
         309,3058.13079386486,           1.00165031631063,                 -0.00193947429667609
         310,3058.12987508108,           1.00173064654276,                 -0.00158613226933231
         311, 3058.1289562973,           1.00145858876252,                -0.000880790315534323
         312,3058.12803751351,           1.00189285557072,                -0.000704318351895057
         313,3058.12711872972,              1.00162096804,                 -0.00070400349185732
         314,3058.12619994595,           1.00187885270358,                -0.000351845075576322
         315,3058.12528116215,           1.00160897509166,                                    0
         316,3058.12436237837,           1.00186663573184,                 0.000527298229332546
         317,3058.12344359459,           1.00177269141641,                 0.000702751800362269
         318,3058.12252481081,           1.00185444047176,                 0.000351219786317882
         319,3058.12160602703,           1.00158681121159,                 0.000175532213671853
         320,3058.12068724324,            1.0018440246408,                -0.000350908590066831
         321,3058.11976845946,           1.00157663701046,                -0.000701507012439473
         322,3058.11884967567,            1.0020106827381,                -0.000876496398476299
         323,3058.11793089189,           1.00174345765325,                 -0.00175221874698837
         324,3058.11701210811,           1.00182851217957,                  -0.0022768829822263
         325,3058.11609332432,           1.00173667035476,                 -0.00297614879343427
         326,3058.11517454054,           1.00182165299698,                 -0.00367480431667014
         327,3058.11425575675,            1.0017298949994,                 -0.00349827097956835
         328,3058.11333697297,           1.00181480587871,                 -0.00367157258699004
         329,3058.11241818918,           1.00189964226608,                 -0.00279616156920587
         330, 3058.1114994054,           1.00181147078501,                 -0.00227088912296515
         331,3058.11058062162,           1.00154701997856,                 -0.00157146498950611
         332,3058.10966183784,           1.00163361048862,                -0.000698124140434652
         333,3058.10874305405,           1.00154392330975,                                    0
         334,3058.10782427026,           1.00145606096274,                -0.000174378558412458
         335,3058.10690548649,           1.00171688033257,                -0.000174302571834447
         336, 3058.1059867027,           1.00145653734381,                -0.000348453910001324
         337,3058.10506791892,           1.00154297875008,                -0.000522453301382411
         338,3058.10414913513,           1.00163108851223,                -0.000696302459862515
         339,3058.10323035135,           1.00136937915099,                -0.000695999568480268
         340,3058.10231156757,           1.00145748762527,                -0.000173924537621617
         341,3058.10139278378,           1.00137167056958,                 0.000347698496725549
         342,     3058.100474,           1.00128766775739,                 0.000868871631167468
         343,3058.09955521621,           1.00154939656909,                 0.000347398333877591
         344,3058.09863643243,           1.00129176534319,                -0.000173624374084131
         345,3058.09771764865,           1.00172855447029,                -0.000694198582446495
         346,3058.09679886487,           1.00146933054386,                 -0.00121432276352105
         347,3058.09588008108,           1.00156060343333,                -0.000867001907404196
         348,3058.09496129729,             1.001476736205,                -0.000693303382627204
         349,3058.09404251351,           1.00156619241991,                 -0.00103950824330037
         350,3058.09312372973,           1.00131095190348,                -0.000692709063924924
         351,3058.09220494595,           1.00140213609375,                 -0.00155792899305856
         352,3058.09128616216,           1.00132021310281,                 -0.00190332164232434
         353,3058.09036737838,           1.00123836010682,                 -0.00259432983271761
         354,3058.08944859459,            1.0011565770161,                 -0.00259322200919384
         355,3058.08852981081,           1.00107659367834,                 -0.00241931163671616
         356,3058.08761102703,            1.0013404177405,                 -0.00224554518382378
         357,3058.08669224324,           1.00126042440044,                 -0.00207193052126319
         358,3058.08577345945,           1.00118049898519,                 -0.00172587570933492
         359,3058.08485467567,           1.00110236845329,                 -0.00138011699941863
         360,3058.08393589189,           1.00102257775816,                -0.000517324329590779
         361, 3058.0830171081,           1.00094458004109,                                    0
         362,3058.08209832432,           1.00069262816205,                  0.00103377337620047
         363,3058.08117954054,           1.00078705848516,                  0.00172222863273991
         364,3058.08026075675,           1.00105355937806,                  0.00223795292724243
         365,3058.07934197297,           1.00080532477991,                   0.0024090912219599
         366,3058.07842318918,           1.00089958839101,                  0.00240807599887852
         367,3058.07750440541,           1.00065162709049,                  0.00275093230815256
         368,3058.07658562162,           1.00074759609188,                  0.00326536224038222
         369,3058.07566683784,            1.0006716955072,                  0.00412293917462193
         370,3058.07474805405,           1.00059585852567,                  0.00480808032241613
         371,3058.07382927027,           1.00069173030414,                  0.00497771186600686
         372,3058.07291048648,           1.00078923889918,                  0.00531878388580056
         373, 3058.0719917027,            1.0007151640504,                  0.00497356294043901
         374,3058.07107291892,           1.00081086594654,                  0.00514291298019807
         375,3058.07015413513,           1.00073855876512,                  0.00548349895213762
         376,3058.06923535135,           1.00066459750742,                  0.00582379259076552
         377,3058.06831656757,           1.00059069779387,                  0.00650623657018603
         378,3058.06739778378,           1.00086086356767,                  0.00650354186312783
         379,     3058.066479,           1.00061758069179,                  0.00632977440341876
         380,3058.06556021622,           1.00054550335938,                  0.00547213401256197
         381,3058.06464143243,           1.00064441910831,                  0.00512800351439174
         382,3058.06372264865,           1.00057409989338,                   0.0051258919051915
         383,3058.06280386486,           1.00084371466731,                  0.00512377328327976
         384,3058.06188508108,           1.00060264926666,                  0.00512166515577545
         385,3058.06096629729,           1.00087373802877,                  0.00511955876229547
         386,3058.06004751351,           1.00114460390052,                  0.00528803590405797
         387,3058.05912872973,           1.00073490670436,                  0.00528587188751665
         388,3058.05820994594,           1.00083516558436,                  0.00545414259174038
         389,3058.05729116216,           1.00093704744868,                  0.00562228469205213
         390,3058.05637237837,           1.00069824077386,                  0.00596059197193413
         391,3058.05545359459,           1.00080009533051,                  0.00561769061845667
         392,3058.05453481081,           1.00090186669389,                  0.00459441523303895
         393,3058.05361602702,            1.0010052576164,                  0.00289160397272367
         394,3058.05269724324,           1.00093683743405,                  0.00119017459861362
         395,3058.05177845946,           1.00121008586171,                -0.000679823517814775
         396,3058.05085967567,           1.00131322552312,                   -0.001189208106322
         397,3058.04994089189,             1.001078345631,                 -0.00118872746724631
         398,3058.04902210811,           1.00118145522692,                -0.000169749314212771
         399,3058.04810332432,             1.001116499418,                  0.00101808457567932
         400,3058.04718454054,           1.00139082058414,                  0.00169612266359103
         401,3058.04626575676,            1.0013258327145,                   0.0022040697299845
         402,3058.04534697297,           1.00143037271039,                  0.00254213159428936
         403,3058.04442818919,           1.00136542129854,                  0.00135525687199938
         404, 3058.0435094054,           1.00164089607489,                  0.00033867824043107
         405,3058.04259062162,           1.00157760745335,                -0.000846355929908187
         406,3058.04167183784,           1.00151436959078,                 -0.00152282975609343
         407,3058.04075305405,           1.00145118242615,                 -0.00169135480902913
         408,3058.03983427027,           1.00155711360843,                 -0.00152160938934434
         409,3058.03891548649,           1.00166465274668,                 -0.00101400167310276
         410, 3058.0379967027,           1.00177210613716,                                    0
         411,3058.03707791892,           1.00171060830447,                 0.000506596733801992
         412,3058.03615913513,           1.00181795777679,                  0.00101278984779457
         413,3058.03524035135,           1.00192522175484,                  0.00151857982414846
         414,3058.03432156756,            1.0018654261976,                  0.00219263477113953
         415,3058.03340278378,           1.00180567802282,                  0.00269755820403319
         416,     3058.032484,           1.00191450778948,                  0.00286502045961669
         417,3058.03156521622,           1.00202325138688,                  0.00252695843490302
         418,3058.03064643243,           1.00196351168845,                  0.00303115011939363
         419,3058.02972764865,           1.00207383666516,                   0.0033666179629268
         420,3058.02880886486,           1.00201581014366,                  0.00269223391474368
         421,3058.02789008108,           1.00229422608555,                  0.00269117429390314
         422, 3058.0269712973,           1.00257242295341,                  0.00201758663012593
         423,3058.02605251351,            1.0023462027146,                  0.00117646267924249
         424,3058.02513372973,           1.00228984421331,                 0.000168000309120569
         425,3058.02421494594,           1.00240146438947,                 -0.00134347658152384
         426,3058.02329616216,           1.00217725947326,                 -0.00268590220294341
         427,3058.02237737838,           1.00228883638512,                 -0.00385947484293615
         428,3058.02145859459,            1.0020665315817,                  -0.0045289247326257
         429,3058.02053981081,           1.00234573718019,                 -0.00486250023054958
         430,3058.01962102702,           1.00262640517705,                 -0.00486060945338257
         431,3058.01870224324,           1.00273931290995,                 -0.00418855185008335
         432,3058.01778345946,           1.00251717895082,                 -0.00351701649815692
         433,3058.01686467567,           1.00263171992607,                 -0.00318083197171403
         434,3058.01594589189,           1.00257714706473,                 -0.00251020817993172
         435, 3058.0150271081,           1.00269157615287,                 -0.00167282545237382
         436,3058.01410832433,            1.0024714809823,                 -0.00117052549906191
         437,3058.01318954054,           1.00258753836176,                -0.000668614563762428
         438,3058.01227075676,           1.00270183112971,                                    0
         439,3058.01135197297,           1.00281771065602,                 0.000167024935152569
         440,3058.01043318919,           1.00259957959272,                 0.000500882387806519
         441, 3058.0095144054,           1.00288230611192,                 0.000333793411919429
         442,3058.00859562162,           1.00283115032791,                                    0
         443,3058.00767683784,           1.00278003378733,                -0.000500306020515882
         444,3058.00675805406,           1.00273062804445,                 -0.00150034507936825
         445,3058.00583927027,            1.0026812600089,                 -0.00216633810538735
         446,3058.00492048648,           1.00296508528785,                 -0.00249866737739872
         447, 3058.0040017027,            1.0029156654994,                 -0.00266422889722571
         448,3058.00308291892,           1.00270150155549,                 -0.00249676668714015
         449,3058.00216413514,           1.00315305197128,                 -0.00249581950233359
         450,3058.00124535135,            1.0029389604363,                 -0.00299384764309344
         451,3058.00032656757,           1.00289129303479,                 -0.00299271274446722
         452,3057.99940778378,           1.00317605939281,                 -0.00315777752293959
         453,     3057.998489,           1.00296386871258,                 -0.00348885891054566
         454,3057.99757021622,             1.002917911526,                 -0.00398576417894088
         455,3057.99665143243,           1.00303799990039,                 -0.00464830585852549
         456,3057.99573264865,           1.00315799779952,                 -0.00514439998871551
         457,3057.99481386486,           1.00311201942856,                 -0.00530834870542646
         458,3057.99389508108,           1.00306773899345,                 -0.00530635934002156
         459,3057.99297629729,           1.00302349173513,                 -0.00480708664027742
         460,3057.99205751351,           1.00331067668376,                 -0.00430818787675931
         461,3057.99113872973,           1.00310073410542,                 -0.00414093764079188
         462,3057.99021994594,           1.00289094864841,                 -0.00413938809909364
         463,3057.98930116216,           1.00284849357558,                 -0.00413784656533908
         464,3057.98838237837,           1.00330242685356,                 -0.00413630617931053
         465,3057.98746359459,            1.0029290689001,                 -0.00380398558454854
         466,3057.98654481081,           1.00288664702556,                 -0.00380257053768347
         467,3057.98562602703,           1.00301118202942,                 -0.00347062692743745
         468,3057.98470724324,           1.00313396761622,                   -0.002973717295305
         469,3057.98378845946,           1.00292802798224,                 -0.00231203563177199
         470,3057.98286967567,           1.00288732498997,                 -0.00198101199998019
         471,3057.98195089189,           1.00284830702307,                 -0.00181525940056834
         472,3057.98103210811,           1.00297262610566,                 -0.00197955123573486
         473,3057.98011332432,           1.00260380164935,                 -0.00131921552848599
         474,3057.97919454054,           1.00272977232116,                 -0.00131873058993413
         475,3057.97827575676,           1.00269086966337,                 -0.00115346525680256
         476,3057.97735697297,           1.00281836765285,                 -0.00164720494029706
         477,3057.97643818919,           1.00310878098901,                 -0.00164660010011329
         478,3057.97551940541,           1.00274223335649,                 -0.00148139857193178
         479,3057.97460062162,           1.00254049322425,                 -0.00164539716596792
         480,3057.97368183784,           1.00250338005652,                 -0.00180927599353924
         481,3057.97276305405,           1.00263236210517,                 -0.00180861856070135
         482,3057.97184427027,           1.00243088256323,                 -0.00197231850971613
         483,3057.97092548648,           1.00272409725257,                 -0.00213590255026765
         484, 3057.9700067027,            1.0025243774051,                 -0.00197088671835865
         485,3057.96908791892,            1.0028189918287,                 -0.00114926865468253
         486,3057.96816913513,           1.00261938211468,                 0.000164121686383152
         487,3057.96725035135,           1.00242156174326,                 0.000656249794921939
         488,3057.96633156756,           1.00255189062951,                  0.00114802277677189
         489,3057.96541278378,           1.00235423729925,                  0.00081972050809556
         490,     3057.964494,           1.00232061148768,                                    0
         491,3057.96357521621,           1.00245247811692,                -0.000819130967573882
         492,3057.96265643243,           1.00209294784662,                 -0.00131013949710295
         493,3057.96173764865,           1.00238851026699,                  -0.0018007959518107
         494,3057.96081886486,           1.00235656073053,                 -0.00163650050731516
         495,3057.95990008108,           1.00232463408689,                 -0.00163591420611537
         496, 3057.9589812973,           1.00213083629192,                 -0.00114473169941962
         497,3057.95806251351,           1.00210065144716,                -0.000490424462372183
         498,3057.95714372973,           1.00207048810899,                -0.000163416583188029
         499,3057.95622494594,            1.0022037046415,                 0.000490075161193888
         500,3057.95530616216,           1.00201186214825,                  0.00179630548950958
         501,3057.95438737838,           1.00214500494624,                  0.00228539339782496
         502,3057.95346859459,           1.00195331941913,                  0.00277413785506925
         503,3057.95254981081,           1.00208802322926,                  0.00309940948093048
         504,3057.95163102703,           1.00206119666817,                  0.00326138713317548
         505,3057.95071224324,           1.00203275556563,                  0.00309722179205253
         506,3057.94979345946,           1.00200596738633,                  0.00195545155450251
         507,3057.94887467568,           1.00197919805827,                 0.000488690878584751
         508,3057.94795589189,           1.00178960789838,                -0.000977037979094644
         509,3057.94703710811,           1.00176456416567,                 -0.00276730542587203
         510,3057.94611832432,           1.00206335878359,                 -0.00423086185910579
         511,3057.94519954054,           1.00220090541312,                 -0.00488005634838397
         512,3057.94428075676,           1.00185052084519,                 -0.00455312685987102
         513,3057.94336197297,           1.00198804571692,                 -0.00341365168073579
         514,3057.94244318919,           1.00196460461723,                 -0.00243747471119987
         515, 3057.9415244054,           1.00177711068443,                 -0.00113709093153738
         516,3057.94060562162,           1.00175375921536,                                    0
         517,3057.93968683784,           1.00205508137538,                 0.000486986107909628
         518,3057.93876805405,           1.00187100302314,                 0.000324545190483686
         519,3057.93784927027,           1.00168542697754,                -0.000486648790434431
         520,3057.93693048648,           1.00182592423225,                 -0.00162160233770193
         521, 3057.9360117027,           1.00196632446461,                 -0.00194525091305215
         522,3057.93509291892,            1.0017825311943,                 -0.00226867606546751
         523,3057.93417413513,            1.0019228495107,                 -0.00242988564958133
         524,3057.93325535135,            1.0019027569734,                 -0.00210517792801911
         525,3057.93233656757,           1.00172079703822,                 -0.00178069307812224
         526,3057.93141778378,           1.00153896195317,                 -0.00145643087050873
         527,     3057.930499,           1.00168079189726,                 -0.00129416122984142
         528,3057.92958021621,           1.00149909520629,                 -0.00194057631882375
         529,3057.92866143243,           1.00164246084606,                  -0.0019399143851118
         530,3057.92774264865,           1.00146251989754,                 -0.00210085731138745
         531,3057.92682386486,            1.0017673495895,                 -0.00145394390361321
         532,3057.92590508108,           1.00174898298981,                 -0.00064597709688203
         533, 3057.9249862973,           1.00156918963947,                 0.000484317789961061
         534,3057.92406751351,           1.00171390392455,                   0.0017752300536765
         535,3057.92314872973,           1.00169719027891,                  0.00274260786515404
         536,3057.92222994595,           1.00151921271881,                  0.00322550471084963
         537,3057.92131116216,           1.00150257630573,                  0.00338563330689315
         538,3057.92039237838,           1.00132639888344,                  0.00273982758426179
         539,3057.91947359459,           1.00147095073684,                  0.00241667700467385
         540,3057.91855481081,           1.00145596041849,                  0.00241586352625883
         541,3057.91763602702,           1.00144259254489,                  0.00225405085138721
         542,3057.91671724324,           1.00174952077294,                   0.0019313936775828
         543,3057.91579845946,           1.00157355652736,                 0.000965372102676977
         544,3057.91487967567,           1.00139932124877,                 0.000643366091390153
         545,3057.91396089189,            1.0013859902434,                -0.000321575462505909
         546,3057.91304210811,           1.00153340212747,                  -0.0008036698781315
         547,3057.91212332432,           1.00136096395454,                 -0.00128544411290698
         548,3057.91120454054,           1.00134765910489,                -0.000963760980851676
         549,3057.91028575676,           1.00117539757984,                -0.000481720319605375
         550,3057.90936697297,           1.00132429070187,                 0.000160520085075645
         551,3057.90844818919,           1.00131261814366,                   0.0003209335314563
         552, 3057.9075294054,           1.00114214582251,                 0.000320827478231856
         553,3057.90661062162,            1.0011305414572,                  0.00016036049038238
         554,3057.90569183784,           1.00160147226439,                 0.000160307533973174
         555,3057.90477305405,           1.00127081907735,                -0.000160254612528385
         556,3057.90385427027,           1.00142098930974,                                    0
         557,3057.90293548649,           1.00125236620341,                                    0
         558, 3057.9020167027,           1.00156414349135,                                    0
         559,3057.90109791892,           1.00139398139331,                                    0
         560,3057.90017913513,           1.00138712675971,                -0.000159991552446031
         561,3057.89926035135,           1.00105879681017,                -0.000159939095192551
         562,3057.89834156757,           1.00121034210951,                                    0
         563,3057.89742278378,           1.00120355408082,                 0.000639338157139729
         564,     3057.896504,           1.00119677047732,                 0.000798912201146918
         565,3057.89558521621,           1.00118999129469,                 0.000638921500507144
         566,3057.89466643243,           1.00118321652862,                 0.000319356687887919
         567,3057.89374764865,           1.00101841771728,                -0.000319253202907758
         568,3057.89282886486,           1.00133085247963,                -0.000478723913536078
         569,3057.89191008108,           1.00100658989358,                -0.000638091850131367
         570, 3057.8909912973,           1.00116095121453,                                    0
         571,3057.89007251351,           1.00099796898963,                 0.000159419966394271
         572,3057.88915372973,           1.00115223346832,                 0.000318736782384056
         573,3057.88823494595,           1.00098935921068,                 0.000159317103168977
         574,3057.88731616216,           1.00130438729632,                                    0
         575,3057.88639737838,           1.00130078349518,                                    0
         576,3057.88547859459,           1.00129718201135,                 0.000159163436975258
         577,3057.88455981081,            1.0012951760262,                 0.000159112533930748
         578,3057.88364102703,           1.00113410966029,                 0.000477184990305192
         579,3057.88272224324,           1.00113056517128,                 0.000318021145225946
         580,3057.88180345946,           1.00097124572199,                 0.000794800099826893
         581,3057.88088467567,           1.00096934640627,                 0.000635636987716315
         582,3057.87996589189,            1.0012851653161,                  0.00158858506317009
         583,3057.87904710811,           1.00112594907661,                  0.00174688855327454
         584,3057.87812832432,           1.00096683394429,                  0.00158757626319474
         585,3057.87720954054,           1.00112523429155,                  0.00126965787481491
         586,3057.87629075676,           1.00096622036488,                 0.000793284371821905
         587,3057.87537197297,             1.001126108265,                -0.000158606797887357
         588,3057.87445318919,           1.00080863815821,                -0.000951339009656091
         589,3057.87353440541,           1.00096847464451,                 -0.00221909083848347
         590,3057.87261562162,           1.00096975382197,                 -0.00285221712344396
         591,3057.87169683784,           1.00097261779922,                 -0.00380176338458322
         592,3057.87077805405,           1.00097389486686,                 -0.00427563600085513
         593,3057.86985927027,           1.00113506299837,                  -0.0045909103141924
         594,3057.86894048649,           1.00097961483254,                 -0.00522250233825673
         595, 3057.8680217027,           1.00098247212769,                  -0.0055372825232289
         596,3057.86710291892,            1.0009853276333,                 -0.00632634114478306
         597,3057.86618413513,           1.00098818135104,                 -0.00711490572749911
         598,3057.86526535135,           1.00099261544687,                 -0.00790298922664509
         599,3057.86434656757,           1.00083903619864,                 -0.00821655034454208
         600,3057.86342778378,           1.00084351394641,                 -0.00821399348567132
         601,     3057.862509,           1.00100590118166,                 -0.00757978912395008
         602,3057.86159021621,           1.00116818741515,                 -0.00710384238941685
         603,3057.86067143243,           1.00085850998018,                 -0.00647038771825722
         604,3057.85975264865,           1.00070521082964,                 -0.00599508087837401
         605,3057.85883386486,           1.00086901800965,                 -0.00599322765275239
         606,3057.85791508108,           1.00087505616915,                 -0.00599137557253112
         607, 3057.8569962973,           1.00088266817981,                 -0.00583191475947292
         608,3057.85607751351,           1.00088869840349,                 -0.00551497236210993
         609,3057.85515872973,           1.00058125705897,                 -0.00456814490785737
         610,3057.85423994595,           1.00074642613058,                 -0.00330695121144646
         611,3057.85332116216,           1.00043921721731,                 -0.00204653183695123
         612,3057.85240237838,           1.00028957407431,                                    0
         613,3057.85148359459,            1.0004546806144,                  0.00125863145854933
         614,3057.85056481081,           1.00046397873562,                  0.00283105669191026
         615,3057.84964602703,           1.00047327118439,                  0.00393082379060344
         616,3057.84872724324,            1.0004825579659,                  0.00471555015537738
         617,3057.84780845946,           1.00002042782144,                  0.00549979807884196
         618,3057.84688967567,           1.00034402534791,                   0.0058123003985353
         619,3057.84597089189,           1.00019787240057,                  0.00565349715911768
         620,3057.84505210811,           1.00005023800254,                  0.00533778776955828
         621,3057.84413332432,           1.00021815522293,                  0.00392365508874523
         622,3057.84321454054,           1.00007217339187,                  0.00376556827132175
         623,3057.84229575676,           1.00008469977068,                  0.00266647426224931
         624,3057.84137697297,           1.00009565041498,                  0.00219525542580899
         625,3057.84045818919,           1.00010659443326,                  0.00219459127305105
         626,3057.83953940541,          0.999962389754969,                  0.00235064031442165
         627,3057.83862062162,          0.999974934045206,                  0.00281991991427443
         628,3057.83770183784,          0.999987470791282,                  0.00328891728842865
         629,3057.83678305405,           1.00047127050457,                  0.00360107030072068
         630,3057.83586427027,           1.00001408690997,                  0.00422607299210663
         631,3057.83494548649,           1.00002816539975,                  0.00375538663270128
         632, 3057.8340267027,          0.999884243688935,                  0.00344140384248382
         633,3057.83310791892,           1.00005473325358,                  0.00265847231670224
         634,3057.83218913513,          0.999914016149331,                  0.00187601128733458
         635,3057.83127035135,          0.999928107700916,                  0.00109401324693754
         636,3057.83035156757,          0.999942190842092,                 0.000468722901957231
         637,3057.82943278378,           1.00027021665753,                                    0
         638,     3057.828514,           1.00012960305551,                 0.000468444778948716
         639,3057.82759521621,          0.999832970916646,                 0.000780509735297928
         640,3057.82667643243,           1.00000468166986,                  0.00124844529546799
         641,3057.82575764865,           1.00017785099831,                  0.00171610612400271
         642,3057.82483886486,          0.999881467802912,                  0.00187156100665028
         643,3057.82392008108,          0.999898653652756,                  0.00171509203027917
         644, 3057.8230012973,          0.999915829376794,                  0.00109110067118278
         645,3057.82208251351,          0.999777169365307,                  0.00062330247466665
         646,3057.82116372973,          0.999950150483229,                -0.000467339219730439
         647,3057.82024494594,          0.999655828107164,                 -0.00109013721712886
         648,3057.81932616216,          0.999830299746695,                 -0.00140119475205859
         649,3057.81840737838,          0.999693383782337,                 -0.00202335575107744
         650,3057.81748859459,           1.00002333958316,                 -0.00202276387343722
         651,3057.81656981081,          0.999886447245412,                 -0.00108886203029214
         652,3057.81565102703,          0.999905141191893,                -0.000933037456788703
         653,3057.81473224324,           1.00007928500472,                -0.000155460793565167
         654,3057.81381345946,          0.999944050379525,                 0.000155415612430762
         655,3057.81289467567,          0.999962711148124,                -0.000155370216151045
         656,3057.81197589189,          0.999827589152717,                -0.000155325087642181
         657,3057.81105710811,           1.00000310559971,                 0.000310559970683139
         658,3057.81013832432,           1.00002483762403,                  0.00155235150205531
         659,3057.80921954054,           1.00004500512903,                  0.00310380200226267
         660,3057.80830075676,          0.999911567169389,                  0.00418892355524802
         661,3057.80738197297,           0.99993175585969,                  0.00527341084213269
         662,3057.80646318919,          0.999798427736343,                  0.00604716790969563
         663, 3057.8055444054,          0.999975198258918,                  0.00542538086173649
         664,3057.80462562162,          0.999996900675962,                  0.00449401985426978
         665,3057.80370683784,           1.00017506162014,                  0.00309843575470924
         666,3057.80278805405,           1.00019669399216,                  0.00247803454689913
         667,3057.80186927027,           1.00006502977435,                  0.00170316075669884
         668,3057.80095048649,           1.00008822942126,                  0.00108351920847374
         669, 3057.8000317027,           1.00011141578514,                 0.000154744146028956
         670,3057.79911291892,           1.00013458887739,                 0.000309399718136857
         671,3057.79819413513,           1.00031240430685,                -0.000309311194900077
         672,3057.79727535135,            1.0000262839314,                 -0.00015461136115204
         673,3057.79635656757,           1.00020557462745,                 0.000154567389063121
         674,3057.79543778378,           1.00023023992855,                 0.000463570325936296
         675,     3057.794519,           1.00010041168792,                 0.000308959039755304
         676,3057.79360021622,           1.00012509285442,                  0.00046330686821545
         677,3057.79268143243,           1.00014975999802,                  0.00030878350107997
         678,3057.79176264865,           1.00032876103395,                -0.000463043709782724
         679,3057.79084386486,           1.00035489993365,                 -0.00200595614671255
         680,3057.78992508108,           1.00007250255687,                 -0.00339373670465081
         681, 3057.7890062973,            1.0000986990235,                 -0.00416386505376012
         682,3057.78808751351,           1.00027905442178,                 -0.00493355883808522
         683,3057.78716872973,          0.999996917395446,                 -0.00524042774220795
         684,3057.78624994595,            1.0001771997812,                 -0.00477668975400048
         685,3057.78533116216,           1.00004929386538,                 -0.00385108323269169
         686,3057.78441237838,             1.000231000231,                 -0.00308000308000308
         687,3057.78349359459,           1.00025864776485,                 -0.00200144103754703
         688,3057.78257481081,           1.00013236593332,                  -0.0016930526354673
         689,3057.78165602703,            1.0001600256041,                 -0.00107709541218903
         690,3057.78073724324,           1.00018766978732,                -0.000615310778091244
         691,3057.77981845946,             1.000061513856,                -0.000153784639990158
         692,3057.77889967567,           1.00024444953501,                -0.000153741845916847
         693,3057.77798089189,           1.00042728343032,                -0.000307398151307518
         694,3057.77706210811,           1.00014750984936,                 -0.00030731218615743
         695,3057.77614332432,           1.00017665537608,                -0.000460840111523307
         696,3057.77522454054,           1.00020578470006,                -0.000921424030124423
         697,3057.77430575676,           1.00008290524545,                -0.000307056464613278
         698,3057.77338697297,          0.999958558893185,                                    0
         699,3057.77246818919,           0.99998925897681,                                    0
         700,3057.77154940541,           1.00017180865425,                -0.000153400584149424
         701,3057.77063062162,            1.0002024328751,                   0.0001533582387113
         702,3057.76971183784,           1.00007972427666,                 0.000766579583226012
         703,3057.76879305405,           1.00011035700491,                  0.00168600979724966
         704,3057.76787427027,           1.00014097283515,                  0.00245170148082769
         705,3057.76695548649,           1.00017310393743,                  0.00321697582825638
         706, 3057.7660367027,          0.999897391445509,                  0.00367553031010756
         707,3057.76511791892,          0.999929571642481,                  0.00367452300098293
         708,3057.76419913513,          0.999961734205793,                  0.00352045306700341
         709,3057.76328035135,          0.999840857898345,                  0.00321344628341984
         710,3057.76236156757,          0.999873027140066,                  0.00244766958908217
         711,3057.76144278378,          0.999905178768609,                  0.00168231216984624
         712,     3057.760524,           1.00009020841201,                  0.00122316490862194
         713,3057.75960521622,           1.00012381175111,                 0.000611416054868477
         714,3057.75868643243,          0.999851771936607,                                    0
         715,3057.75776764865,          0.999731123658674,                 -0.00106939453936594
         716,3057.75684886486,          0.999917526277045,                 -0.00229093674876366
         717,3057.75593008108,          0.999798452358413,                 -0.00305375214526088
         718, 3057.7550112973,          0.999986261828184,                 -0.00412145154470477
         719,3057.75409251351,          0.999714628857279,                 -0.00488335645297404
         720,3057.75317372973,           0.99990083375924,                 -0.00503459376168064
         721,3057.75225494595,          0.999935940650538,                 -0.00533827912183783
         722,3057.75133616216,           0.99997102859173,                 -0.00548931946161975
         723,3057.75041737838,          0.999701217690352,                  -0.0047256385709669
         724,3057.74949859459,           0.99973635001745,                 -0.00365757201225896
         725,3057.74857981081,           0.99961910566009,                 -0.00228536603946065
         726,3057.74766102703,          0.999654241181246,                 -0.00106621662170787
         727,3057.74674224324,          0.999537082155735,                                    0
         728,3057.74582345946,          0.999725977347461,                 0.000761174034831324
         729,3057.74490467568,          0.999762577314567,                 0.000760970145619247
         730,3057.74398589189,          0.999645483413036,                 0.000760765208076892
         731,3057.74306710811,          0.999529972969643,                 0.000912673845353501
         732,3057.74214832432,          0.999566595953375,                  0.00152071595307071
         733,3057.74122954054,          0.999604719046461,                  0.00243249817562637
         734,3057.74031075676,          0.999337321563192,                   0.0028878188760001
         735,3057.73939197297,          0.999677866381406,                   0.0034948458621025
         736,3057.73847318919,          0.999412110523222,                  0.00394964506362726
         737,3057.73755440541,           0.99945023403021,                  0.00410046441556233
         738,3057.73663562162,          0.999334991300229,                  0.00409936869722063
         739,3057.73571683784,          0.999221326840849,                  0.00440185606537819
         740,3057.73479805405,          0.999107722750642,                   0.0048559306087516
         741,3057.73387927027,          0.999299110082195,                  0.00530977210458127
         742,3057.73296048649,          0.999033877971356,                  0.00637003535369621
         743, 3057.7320417027,          0.999375295673164,                  0.00651997234318708
         744,3057.73112291892,          0.999111698595999,                   0.0066698398935251
         745,3057.73020413513,          0.999151335131695,                  0.00651653381020216
         746,3057.72928535135,          0.999190950769203,                  0.00621180121024068
         747,3057.72836656757,          0.999380499205555,                  0.00545281872861473
         748,3057.72744778378,          0.999270119415732,                  0.00499710773461421
         749,     3057.726529,          0.999309672457748,                  0.00423885332961929
         750,3057.72565691111,          0.999046509164106,                  0.00332965053804126
         751,3057.72478482222,          0.999238920083583,                  0.00211831388267265
         752,3057.72391273333,          0.999127181856274,                  0.00121014647310374
         753,3057.72304064444,          0.999168241965974,                                    0
         754,3057.72216855556,          0.999209280596532,                -0.000907135070900165
         755,3057.72129646667,           0.99909763798808,                  -0.0018137929887832
         756,3057.72042437778,           0.99928978345951,                 -0.00256886833794219
         757,3057.71955228889,          0.999181197144161,                  -0.0027192714769572
         758,    3057.7186802,          0.999222189498803,                 -0.00241649864449529
         759,3057.71780811111,          0.999263160437755,                 -0.00241586741719614
         760,3057.71693602222,          0.999305618452435,                 -0.00181143012408296
         761,3057.71606393333,          0.999195633178547,                -0.000603652398839176
         762,3057.71519184444,          0.999238086616727,                 0.000603495749126817
         763,3057.71431975556,          0.999129683231847,                   0.0015083479517389
         764,3057.71344766667,          0.999322927426566,                  0.00135716106033486
         765,3057.71257557778,          0.999516071404343,                   0.0018090788622703
         766,3057.71170348889,          0.999558397752501,                  0.00180860988736882
         767,    3057.7108314,          0.999300851033053,                  0.00210950119337496
         768,3057.70995931111,          0.999493850890883,                  0.00256087346874831
         769,3057.70908722222,          0.999236453832565,                  0.00346381890552359
         770,3057.70821513333,          0.999429370696755,                  0.00391460735735397
         771,3057.70734304444,           0.99947316926319,                  0.00376307669150297
         772,3057.70647095556,          0.999366460954582,                  0.00285920234274011
         773,3057.70559886667,          0.999410253169889,                  0.00225668429889332
         774,3057.70472677778,          0.999604429784783,                  0.00135366233344313
         775,3057.70385468889,          0.999648138290674,                 0.000601473007395111
         776,    3057.7029826,          0.999541494727189,                 0.000601318390571328
         777,3057.70211051111,          0.999887281608116,                  0.00105203832425324
         778,3057.70123842222,          0.999630378666538,                  0.00150252574577865
         779,3057.70036633333,          0.999975965727127,                   0.0016523562600268
         780,3057.69949424444,          0.999570497052048,                 0.000901055135563745
         781,3057.69862215556,          0.999465510407533,                 0.000300275051947584
         782,3057.69775006667,          0.999810874988367,                -0.000900595293488996
         783,3057.69687797778,           1.00000600243699,                 -0.00150060924735443
         784,3057.69600588889,          0.999750962395322,                 -0.00150022653420667
         785,    3057.6951338,           1.00024597441866,                 -0.00104989081135562
         786,3057.69426171111,          0.999842556286128,                -0.000449839182492259
         787,3057.69338962222,           1.00018738522655,                 0.000449724543716973
         788,3057.69251753333,           1.00023379753134,                  0.00119896169916852
         789,3057.69164544444,           0.99997902351464,                  0.00209764853599115
         790,3057.69077335556,          0.999875670890361,                  0.00344526448396679
         791,3057.68990126667,           1.00007188297452,                  0.00434292971043142
         792,3057.68902917778,          0.999968559155948,                  0.00494070406530114
         793,3057.68815708889,           1.00031432890778,                  0.00478977383286683
         794,     3057.687285,           1.00021249277973,                  0.00404035567101329
         795,3057.68641291111,            1.0001092116267,                  0.00284249439355382
         796,3057.68554082222,           1.00045468414409,                  0.00149567152660201
         797,3057.68466873333,           1.00035288980866,                 0.000149529579941504
         798,3057.68379664444,           1.00024965131037,                -0.000597967210468014
         799,3057.68292455556,           1.00029741399281,                  -0.0010461798741894
         800,3057.68205246667,           1.00034515269645,                 -0.00149416751709701
         801,3057.68118037778,           1.00039286743936,                 -0.00179255105409471
         802,3057.68030828889,           1.00058990001568,                 -0.00209078486570441
         803,    3057.6794362,           1.00033892079854,                 -0.00253817338113062
         804,3057.67856411111,           1.00053586808391,                 -0.00283607063905628
         805,3057.67769202222,           1.00073421000794,                 -0.00283536385179702
         806,3057.67681993333,           1.00063257523766,                  -0.0029838454606759
         807,3057.67594784444,            1.0006816388567,                 -0.00253563688486568
         808,3057.67507575556,           1.00087830351724,                 -0.00223676617293781
         809,3057.67420366667,           1.00062912021563,                  -0.0019380480576286
         810,3057.67333157778,           1.00052910447205,                 -0.00193756567229803
         811,3057.67245948889,           1.00072715135477,                 -0.00193708352704169
         812,    3057.6715874,           1.00077613034223,                 -0.00163866291065265
         813,3057.67071531111,           1.00067615266157,                 -0.00134039073879359
         814,3057.66984322222,           1.00072511997237,                 -0.00074447635766431
         815,3057.66897113333,            1.0006252046801,                 -0.00029771651433505
         816,3057.66809904444,           1.00052682804868,                -0.000744107413393338
         817,3057.66722695556,           1.00072458053928,                -0.000743922524932563
         818,3057.66635486667,           1.00062622809875,                -0.000594991067696596
         819,3057.66548277778,           1.00097256880106,                -0.000446132477552101
         820,3057.66461068889,           1.00057685560174,                -0.000594696496642938
         821,    3057.6637386,           1.00077588743984,                 0.000148637440582183
         822,3057.66286651111,           1.00082622030957,                 0.000297201550203286
         823,3057.66199442222,           1.00072796422576,                 0.000297128255411448
         824,3057.66112233333,           1.00077828409152,                                    0
         825,3057.66025024444,            1.0008285791501,                -0.000445472661342773
         826,3057.65937815555,           1.00087884941984,                -0.000593817175567986
         827,3057.65850606667,            1.0009305804774,                -0.000890507633876691
         828,3057.65763397778,           1.00068403816963,                 -0.00133543243527975
         829,3057.65676188889,           1.00103248163488,                 -0.00178014074979528
         830,    3057.6558898,           1.00093434380886,                 -0.00222462811633322
         831,3057.65501771111,           1.00083773825498,                 -0.00281717289286588
         832,3057.65414562222,           1.00074117995849,                 -0.00326119181737326
         833,3057.65327353333,           1.00094106837195,                 -0.00370499359036109
         834,3057.65240144444,           1.00069636851229,                 -0.00355592431807743
         835,3057.65152935556,           1.00074804286804,                 -0.00296254601204275
         836,3057.65065726667,            1.0007996919705,                  -0.0028137310073157
         837,3057.64978517778,           1.00099937076655,                 -0.00281304363919014
         838,3057.64891308889,           1.00090291448956,                 -0.00281235660681774
         839,     3057.648041,           1.00080798633822,                 -0.00310763976239874
         840,3057.64716891111,           1.00071162373006,                 -0.00355072131424032
         841,3057.64629682222,           1.00091260984228,                 -0.00369777083582933
         842,3057.64542473333,           1.00066839384368,                 -0.00384474334859401
         843,3057.64455264444,           1.00072145378852,                 -0.00399165005943123
         844,3057.64368055556,           1.00062668495483,                 -0.00369507638461902
         845,3057.64280846667,           1.00067972929042,                 -0.00428524987439785
         846,3057.64193637778,            1.0007327479229,                  -0.0047274059541678
         847,3057.64106428889,           1.00078574087093,                 -0.00502165218264635
         848,    3057.6401922,           1.00098636803931,                 -0.00531575590048905
         849,3057.63932011111,           1.00074402565117,                  -0.0056097172112029
         850,3057.63844802222,             1.000649388984,                 -0.00619871302910443
         851,3057.63757593333,           1.00055627446612,                 -0.00619722216893923
         852,3057.63670384444,           1.00046172887222,                 -0.00619572288596772
         853,3057.63583175556,             1.000662192077,                 -0.00589926126500809
         854,3057.63495966667,           1.00056914189327,                 -0.00530805910818709
         855,3057.63408757778,           1.00032872576753,                 -0.00398008776830582
         856,3057.63321548889,           1.00067645138614,                 -0.00309487562284372
         857,    3057.6323434,           1.00028878568566,                 -0.00279945307527287
         858,3057.63147131111,           1.00034321892212,                 -0.00294608516837613
         859,3057.63059922222,           1.00025035712708,                 -0.00323991576219018
         860,3057.62972713333,           1.00045200701421,                 -0.00323913821255519
         861,3057.62885504444,           1.00006476722072,                 -0.00235517166257456
         862,3057.62798295556,           1.00041352780423,                 -0.00132446627688115
         863,3057.62711086667,           1.00017361060025,                -0.000147127627331605
         864,3057.62623877778,            1.0002279931455,                  0.00102964646353213
         865,3057.62536668889,          0.999989705988321,                  0.00191174502615414
         866,    3057.6244946,          0.999897084552391,                  0.00249937515621095
         867,3057.62362251111,          0.999952964141037,                  0.00235179294814885
         868,3057.62275042222,          0.999860395741335,                  0.00249818147084108
         869,3057.62187833333,          0.999769340504836,                  0.00220375313851176
         870,3057.62100624445,          0.999823741958227,                  0.00161569871625393
         871,3057.62013415556,           1.00002643241672,                 0.000734233797662787
         872,3057.61926206667,          0.999935402792948,                 0.000293623668416664
         873,3057.61838997778,           0.99999119338447,                -0.000146776925493097
         874,3057.61751788889,           0.99975347338393,                -0.000293484066750016
         875,    3057.6166458,          0.999662573536963,                                    0
         876,3057.61577371111,          0.999865061485028,                 0.000733361494414719
         877,3057.61490162222,          0.999774178317013,                  0.00219956184728002
         878,3057.61402953333,          0.999536735687185,                  0.00381166839657771
         879,3057.61315744444,          0.999592541456708,                  0.00469017028249482
         880,3057.61228535556,          0.999503252305334,                  0.00586132973056933
         881,3057.61141326667,          0.999705538081544,                   0.0060064371426353
         882,3057.61054117778,          0.999616264525559,                  0.00615148470477267
         883,3057.60966908889,          0.999671998641137,                  0.00600359630061325
         884,     3057.608797,           0.99972916986905,                  0.00512381328824378
         885,3057.60792491111,          0.999784850866524,                  0.00439079864236506
         886,3057.60705282222,          0.999549317537986,                  0.00321916044295648
         887,3057.60618073333,          0.999606477180797,                  0.00175549213027507
         888,3057.60530864444,          0.999808404182347,                   0.0013163071441839
         889,3057.60443655556,          0.999865475835366,                  0.00058488767232253
         890,3057.60356446667,          0.999776333120387,                -0.000146187503015117
         891,3057.60269237778,          0.999687232357128,                -0.000292306208291558
         892,3057.60182028889,          0.999744292237443,                -0.000876712328767123
         893,    3057.6009482,          0.999801325277268,                 -0.00146084354949922
         894,3057.60007611111,          0.999858331495537,                 -0.00160655005060633
         895,3057.59920402222,          0.999769295240765,                 -0.00204421938562447
         896,3057.59833193333,          0.999826282190713,                 -0.00189775758044667
         897,3057.59745984444,          0.999738754398486,                 -0.00218920895123756
         898,3057.59658775555,             0.999941634809,                 -0.00277234657250416
         899,3057.59571566667,          0.999706783797544,                 -0.00306345286148379
         900,3057.59484357778,          0.999765190086646,                 -0.00306273800026544
         901,3057.59397148889,          0.999822111276687,                 -0.00262458772101216
         902,    3057.5930994,           1.00002623975556,                 -0.00247819913642049
         903,3057.59222731111,          0.999937330847943,                 -0.00218613321129852
         904,3057.59135522222,          0.999849920516157,                 -0.00262274826133647
         905,3057.59048313333,          0.999908225206602,                 -0.00276781122944718
         906,3057.58961104444,          0.999965046371813,                 -0.00262152211399543
         907,3057.58873895555,          0.999877690802348,                 -0.00291212375361103
         908,3057.58786686667,           0.99979037592584,                 -0.00291144547444915
         909,3057.58699477778,          0.999848640089419,                 -0.00291076751117735
         910,3057.58612268889,          0.999761372631187,                 -0.00334660334311124
         911,    3057.5852506,          0.999965087049623,                 -0.00363676566427707
         912,3057.58437851111,           1.00002326988412,                 -0.00407222972029599
         913,3057.58350642222,           1.00008142564675,                 -0.00436208821887214
         914,3057.58263433333,          0.999994185235149,                 -0.00392496627436387
         915,3057.58176224444,          0.999906985396707,                 -0.00363338294112176
         916,3057.58089015556,          0.999819826103129,                 -0.00247012600548659
         917,3057.58001806667,            1.0000232428412,                 -0.00116214206024544
         918,3057.57914597778,          0.999937549288861,                 0.000145234211951904
         919,3057.57827388889,          0.999850443514839,                  0.00130680423927295
         920,    3057.5774018,          0.999908544950157,                  0.00188716769517306
         921,3057.57652971111,          0.999968070685696,                  0.00232213194934269
         922,3057.57565762222,            1.0000261179195,                  0.00232159284485085
         923,3057.57478553333,           0.99994052290521,                  0.00174079301825947
         924,3057.57391344444,          0.999853517253782,                  0.00159535664197731
         925,3057.57304135556,             1.000057999594,                 0.000724994925035525
         926,3057.57216926667,          0.999971006929344,                 0.000289930706561132
         927,3057.57129717778,           1.00003043570891,                -0.000579727788816761
         928,3057.57042508889,            1.0000883879914,                 -0.00144898346564967
         929,     3057.569553,           1.00014776227079,                 -0.00202810959904273
         930,3057.56868091111,           1.00020710920448,                 -0.00275180061901031
         931,3057.56780882222,           1.00012163054433,                 -0.00376475494341284
         932,3057.56693673333,           1.00003474353481,                 -0.00376388293745006
         933,3057.56606464444,           1.00009407541954,                 -0.00361828536693032
         934,3057.56519255555,           1.00000868188698,                 -0.00274926421007851
         935,3057.56432046667,           1.00006799247164,                 -0.00173597799937215
         936,3057.56344837778,          0.999982644212134,                -0.000433894696649754
         937,3057.56257628889,           1.00018653182392,                 0.000578393252464317
         938,    3057.5617042,          0.999956630477209,                 0.000867390455813685
         939,3057.56083211111,           1.00001589850395,                 0.000867191124587903
         940,3057.55996002222,            1.0000751392967,                 0.000433495942477978
         941,3057.55908793333,           1.00013435287421,                -0.000433396368427363
         942,3057.55821584444,          0.999904674695176,                 -0.00101102596025801
         943,3057.55734375555,          0.999963900220209,                 -0.00144399119165373
         944,3057.55647166666,           1.00002454225093,                  -0.0011549294554652
         945,3057.55559957778,          0.999939380118411,                -0.000721665257013865
         946,3057.55472748889,          0.999998557000639,                 0.000144299936075128
         947,    3057.5538554,          0.999913439898436,                 0.000432800507819263
         948,3057.55298331111,          0.999685569969336,                 0.000432701877060743
         949,3057.55211122222,          0.999744764426217,                 0.000721004445713412
         950,3057.55123913333,          0.999803931745181,                 0.000576671337704502
         951,3057.55036704445,          0.999720378094939,                                    0
         952,3057.54949495555,          0.999635421995438,                 -0.00100871384661497
         953,3057.54862286667,          0.999694573786363,                 -0.00187289659305703
         954,3057.54775077778,          0.999899174672678,                 -0.00273668745588892
         955,3057.54687868889,          0.999670232665975,                 -0.00360008006578066
         956,    3057.5460066,          0.999586804820706,                 -0.00460705426390071
         957,3057.54513451111,          0.999789851254991,                 -0.00446206239402602
         958,3057.54426242222,          0.999562529500478,                 -0.00417323831781081
         959,3057.54339033333,          0.999621617033276,                  -0.0040284118130299
         960,3057.54251824445,           0.99953827631789,                 -0.00445901375246145
         961,3057.54164615556,          0.999454973474896,                  -0.0040265811881003
         962,3057.54077406667,          0.999514045242675,                 -0.00345056632419796
         963,3057.53990197778,           0.99928704491617,                 -0.00301855983073066
         964,3057.53902988889,          0.999202420044406,                 -0.00186820530139181
         965,    3057.5381578,           0.99955029575597,                -0.000287350954651709
         966,3057.53728571111,          0.999179799215997,                 0.000574571477410004
         967,3057.53641362222,          0.999096691362847,                 0.000861661657061533
         968,3057.53554153333,          0.999155764349134,                  0.00043073247493137
         969,3057.53466944445,          0.998929154836172,                 0.000430634784381163
         970,3057.53379735556,          0.998846160469802,                 0.000143512379377845
         971,3057.53292526667,          0.998763203732772,                -0.000286959690772237
         972,3057.53205317778,          0.998965746262127,                -0.000717235601853911
         973,3057.53118108889,          0.998882800141694,                 -0.00100390231170019
         974,     3057.530309,          0.998799891603113,                 -0.00186396764152174
         975,3057.52943691111,          0.998717020620847,                 -0.00186354546692565
         976,3057.52856482222,          0.998777504360426,                 -0.00214975786560574
         977,3057.52769273333,          0.998694675968712,                 -0.00257912541857056
         978,3057.52682064444,          0.998610454538943,                 -0.00257853796897159
         979,3057.52594855555,          0.998527701553074,                 -0.00257795447905269
         980,3057.52507646667,          0.998588173302443,                 -0.00257737125314654
         981,3057.52420437778,          0.998219152981058,                 -0.00200416867083534
         982,3057.52333228889,          0.998422789687163,                 -0.00114498026340271
         983,    3057.5224602,            0.9981970637896,                 -0.00028618035085711
         984,3057.52158811111,          0.998400613431986,                 0.000429173497678171
         985,3057.52071602222,          0.998174994565031,                 0.000429076512923785
         986,3057.51984393333,          0.998092470836539,                 0.000285986381328521
         987,3057.51897184444,          0.998438867063526,                 0.000285921783236978
         988,3057.51809975555,           0.99792753519617,                 -0.00042878582148217
         989,3057.51722766667,          0.997845123233801,                -0.000428689011843248
         990,3057.51635557778,          0.997905612558324,                -0.000285728163939391
         991,3057.51548348889,          0.998108906422291,                -0.000428495523650096
         992,    3057.5146114,          0.998026509320531,                 -0.00071399807506119
         993,3057.51373931111,          0.997658614585118,                -0.000999371823425276
         994,3057.51286722222,          0.997861826610981,                 -0.00157008726830508
         995,3057.51199513333,          0.997922243976505,                 -0.00242595140105829
         996,3057.51112304445,          0.997697292392505,                 -0.00342410053159161
         997,3057.51025095555,          0.997472442202798,                 -0.00399388365246366
         998,3057.50937886667,          0.997390299901601,                 -0.00370777063160447
         999,3057.50850677778,          0.997593343484633,                 -0.00256633988605451
        1000,3057.50763468889,          0.997368668626148,                 -0.00142542327944283
        1001,    3057.5067626,          0.997286605178252,                 0.000142510232234674
        1002,3057.50589051111,           0.99720457867786,                  0.00071239075487774
        1003,3057.50501842222,          0.997408902038264,                 0.000997124009464131
        1004,3057.50414633333,          0.997326884816791,                   0.0011393138767006
        1005,3057.50327424444,          0.997244904497142,                 0.000854293179180875
        1006,3057.50240215556,          0.997162961054416,                  0.00113880138307428
        1007,3057.50153006667,          0.997223372627378,                  0.00156549980004298
        1008,3057.50065797778,          0.997141470869041,                  0.00184972019424908
        1009,3057.49978588889,          0.997059605927447,                  0.00199155863646515
        1010,    3057.4989138,          0.996977777777778,                  0.00213333333333333
        1011,3057.49804171111,          0.996895986395235,                  0.00199066378683972
        1012,3057.49716962222,          0.996814231755044,                  0.00170589999729899
        1013,3057.49629753333,          0.996733930454606,                  0.00156339273278207
        1014,3057.49542544444,          0.996794343494052,                  0.00198932584588977
        1015,3057.49455335555,          0.996712666604159,                  0.00227300494094449
        1016,3057.49368126667,          0.996773057300958,                  0.00213046392982536
        1017,3057.49280917778,          0.996691421836616,                  0.00184598781648041
        1018,3057.49193708889,          0.996609822995281,                  0.00113573769002311
        1019,     3057.491065,            0.9966701961263,                 0.000567741495942068
        1020,3057.49019291111,          0.996446735083099,                 -0.00042571065298338
        1021,3057.48932082222,           0.99650711770531,                -0.000709358711350591
        1022,3057.48844873333,          0.996285206497981,                -0.000425520446966678
        1023,3057.48757664445,           0.99634559833914,                -0.000425425106037208
