"SCAN INDEX",      WAVENUMBER,"SCIENCE DIRECT ABSORPTION","SCIENCE HARMONIC ABSORPTION SPECTRA"
           0,3058.41469805405,                          1,                                    0
           1,3058.41377927027,                          1,                                    0
           2,3058.41286048648,                          1,                                    0
           3, 3058.4119417027,                          1,                                    0
           4,3058.41102291891,                          1,                                    0
           5,3058.41010413513,                          1,                                    0
           6,3058.40918535135,                          1,                                    0
           7,3058.40826656757,                          1,                                    0
           8,3058.40734778377,                          1,                                    0
           9,     3058.406429,                          1,                                    0
          10,3058.40551021621,                          1,                                    0
          11,3058.40459143243,                          1,                                    0
          12,3058.40367264864,                          1,                                    0
          13,3058.40275386486,                          1,                                    0
          14,3058.40183508107,                          1,                                    0
          15,3058.40091629729,                          1,                                    0
          16,3058.39999751351,                          1,                                    0
          17,3058.39907872973,                          1,                                    0
          18,3058.39815994594,                          1,                                    0
          19,3058.39724116216,                          1,                                    0
          20,3058.39632237837,                          1,                                    0
          21,3058.39540359459,                          1,                                    0
          22,3058.39448481081,                          1,                                    0
          23,3058.39356602702,                          1,                                    0
          24,3058.39264724324,                          1,                                    0
          25,3058.39172845946,                          1,                                    0
          26,3058.39080967567,                          1,                                    0
          27,3058.38989089189,                          1,                                    0
          28,3058.38897210811,                          1,                                    0
          29,3058.38805332432,                          1,                                    0
          30,3058.38713454054,                          1,                                    0
          31,3058.38621575675,                          1,                                    0
          32,3058.38529697297,                          1,                                    0
          33,3058.38437818918,                          1,                                    0
          34, 3058.3834594054,                          1,                                    0
          35,3058.38254062161,                          1,                                    0
          36,3058.38162183783,                          1,                                    0
          37,3058.38070305405,                          1,                                    0
          38,3058.37978427027,                          1,                                    0
          39,3058.37886548648,                          1,                                    0
          40, 3058.3779467027,                          1,                                    0
          41,3058.37702791892,                          1,                                    0
          42,3058.37610913513,                          1,                                    0
          43,3058.37519035135,                          1,                                    0
          44,3058.37427156757,                          1,                                    0
          45,3058.37335278378,                          1,                                    0
          46,     3058.372434,                          1,                                    0
          47,3058.37151521621,                          1,                                    0
          48,3058.37059643243,                          1,                                    0
          49,3058.36967764864,                          1,                                    0
          50,3058.36875886486,                          1,                                    0
          51,3058.36784008107,                          1,                                    0
          52,3058.36692129729,                          1,                                    0
          53, 3058.3660025135,                          1,                                    0
          54,3058.36508372972,                          1,                                    0
          55,3058.36416494595,                          1,                                    0
          56,3058.36324616216,                          1,                                    0
          57,3058.36232737837,                          1,                                    0
          58,3058.36140859459,                          1,                                    0
          59,3058.36048981081,                          1,                                    0
          60,3058.35957102702,                          1,                                    0
          61,3058.35865224324,                          1,                                    0
          62,3058.35773345945,                          1,                                    0
          63,3058.35681467567,                          1,                                    0
          64,3058.35589589189,                          1,                                    0
          65, 3058.3549771081,                          1,                                    0
          66,3058.35405832432,                          1,                                    0
          67,3058.35313954054,                          1,                                    0
          68,3058.35222075675,                          1,                                    0
          69,3058.35130197297,                          1,                                    0
          70,3058.35038318919,                          1,                                    0
          71,3058.34946440541,                          1,                                    0
          72,3058.34854562161,                          1,                                    0
          73,3058.34762683784,          0.985392885366285,                 -0.00135916260050522
          74,3058.34670805405,          0.989520667572288,                 -0.00135843198137008
          75,3058.34578927026,          0.993062142027282,                 -0.00058187234884411
          76,3058.34487048648,          0.995632476693942,                 0.000193853675368758
          77, 3058.3439517027,          0.997423129831632,                  0.00116249782031659
          78,3058.34303291892,          0.997858274303552,                   0.0027110451853774
          79,3058.34211413513,          0.997903937230371,                  0.00309667629862024
          80,3058.34119535134,          0.996984286955058,                  0.00328846194765929
          81,3058.34027656756,          0.996063692395734,                  0.00270669481629276
          82,3058.33935778379,          0.995918935213096,                  0.00212555457651224
          83,     3058.338439,          0.994613636056386,                  0.00115877316822103
          84,3058.33752021621,          0.993695783934865,                 0.000772102396219787
          85,3058.33660143243,            0.9933595965598,                -0.000192922819296912
          86,3058.33568264865,          0.993021852265343,                -0.000385639554277803
          87,3058.33476386486,          0.993071816070689,                 -0.00134902051474769
          88,3058.33384508108,          0.992734585070073,                 -0.00154091514950729
          89,3058.33292629729,          0.993169672421494,                 -0.00173260846128968
          90,3058.33200751351,          0.993409976429843,                  -0.0015392755784309
          91,3058.33108872973,          0.993459627962254,                 -0.00173076590237326
          92,3058.33016994594,          0.993699522178528,                 -0.00172984442932432
          93,3058.32925116215,          0.993748967446221,                 -0.00019210302869635
          94,3058.32833237837,          0.993604451347942,                 0.000576002580491561
          95,3058.32741359459,          0.993653894497675,                  0.00191899168500903
          96,3058.32649481081,          0.993701379405582,                  0.00287695824958188
          97,3058.32557602703,          0.993559023118506,                  0.00325882758885098
          98,3058.32465724323,           0.99360650806515,                  0.00440666210672936
          99,3058.32373845945,          0.993464352668356,                  0.00536179681470971
         100,3058.32281967568,           0.99351183754713,                  0.00612451912955272
         101,3058.32190089189,          0.993561172685293,                  0.00688644632588959
         102, 3058.3209821081,           0.99341736721455,                  0.00783874365969911
         103,3058.32006332432,          0.993466700043377,                  0.00821678555527317
         104,3058.31914454054,          0.993705070321393,                  0.00763947776529996
         105,3058.31822575675,          0.993372426852361,                   0.0068719076415613
         106,3058.31730697297,          0.993801380905048,                  0.00591434878250269
         107,3058.31638818918,          0.993659722553273,                  0.00533918100777042
         108, 3058.3154694054,           0.99389938269605,                  0.00438344885944566
         109,3058.31455062162,          0.993946412992544,                  0.00380968345340186
         110,3058.31363183784,          0.993995286090158,                  0.00399806569773862
         111,3058.31271305405,          0.994044107853025,                  0.00494738644796681
         112,3058.31179427027,          0.994090987757866,                  0.00532514782039798
         113,3058.31087548648,          0.994139707992845,                   0.0060826903739524
         114, 3058.3099567027,          0.994188377134237,                  0.00702942288438119
         115,3058.30903791892,          0.994424991834968,                  0.00835491686857716
         116,3058.30811913513,          0.994283675452447,                  0.00929946556540751
         117,3058.30720035134,           0.99452187834321,                  0.00967396829973368
         118,3058.30628156757,          0.994570245552303,                  0.00966890631398541
         119,3058.30536278378,          0.994806164387455,                  0.00890588375737341
         120,3058.30444399999,          0.995043720183252,                  0.00814367719221161
         121,3058.30352521621,          0.995091738864607,                  0.00700368924062973
         122,3058.30260643244,          0.995139707398656,                  0.00567570175322427
         123,3058.30168764865,          0.995376717185565,                  0.00434910039803723
         124,3058.30076886486,          0.995235494338724,                  0.00321287569383941
         125,3058.29985008107,          0.995661101215156,                  0.00170004741243339
         126,3058.29893129729,          0.995519877358295,                 0.000377591457370868
         127,3058.29801251351,          0.995567498004525,                -0.000377394805915286
         128,3058.29709372972,          0.995803668254043,                -0.000188599179593569
         129,3058.29617494595,           0.99585109170388,                 0.000565503175300329
         130,3058.29525616216,          0.995898465834051,                  0.00150722431454264
         131,3058.29433737837,          0.996322400965629,                  0.00225966146505151
         132,3058.29341859459,          0.996181273749409,                  0.00319952421192896
         133,3058.29249981081,          0.996604621852691,                  0.00376219185297354
         134,3058.29158102702,          0.996463494653879,                  0.00413626356271422
         135,3058.29066224323,          0.996510428313449,                  0.00469786172125895
         136,3058.28974345946,          0.996559185022688,                  0.00488325269705803
         137,3058.28882467568,          0.996606020559106,                  0.00506844274912335
         138,3058.28790589188,          0.996840430481966,                   0.0048781952178677
         139,3058.28698710811,          0.997074597757192,                  0.00487567040468064
         140,3058.28606832432,          0.997122962879661,                  0.00524801559410348
         141,3058.28514954054,          0.997169410147037,                  0.00580729883797824
         142,3058.28423075676,          0.997030440790435,                  0.00636601595997648
         143,3058.28331197297,          0.997076887952362,                  0.00729842316631796
         144,3058.28239318918,          0.997312195003339,                  0.00785579748502255
         145, 3058.2814744054,          0.997358448944034,                  0.00878647555770751
         146,3058.28055562162,          0.997406518830766,                  0.00822141004656308
         147,3058.27963683783,          0.997452676557154,                  0.00672314105149926
         148,3058.27871805405,          0.997687306692251,                  0.00485310944321769
         149,3058.27779927028,          0.997733272389765,                  0.00223874331875041
         150,3058.27688048648,          0.997967517574447,                -0.000372932555147402
         151, 3058.2759617027,          0.998201522648701,                 -0.00260918993970908
         152,3058.27504291892,          0.998249012741226,                 -0.00428433052678638
         153,3058.27412413513,          0.998668813941149,                 -0.00577157591949583
         154,3058.27320535135,          0.998528073600042,                 -0.00669903292016428
         155,3058.27228656756,          0.998389334642696,                 -0.00706758470872252
         156,3058.27136778378,          0.998436631526506,                 -0.00687807770740657
         157,     3058.270449,           0.99866967908795,                  -0.0065029653522006
         158,3058.26953021622,          0.998716784495934,                 -0.00594253200146335
         159,3058.26861143243,          0.998949451153191,                 -0.00538267076987041
         160,3058.26769264865,          0.999183734045711,                 -0.00463787474027901
         161,3058.26677386486,          0.999230505363285,                 -0.00463550985972947
         162,3058.26585508108,          0.999091903111622,                 -0.00426249559850998
         163, 3058.2649362973,           0.99895344206422,                   -0.003704629861169
         164,3058.26401751351,          0.999187246245874,                 -0.00333247552944705
         165,3058.26309872972,          0.999048877342186,                 -0.00240556314233162
         166,3058.26217994594,            0.9989106491902,                 -0.00110969522220722
         167,3058.26126116216,          0.999328974440026,                -0.000369711052327054
         168,3058.26034237837,          0.999375505784886,                  0.00129333121473363
         169,3058.25942359459,          0.999608503597335,                  0.00147734491571747
         170,3058.25850481081,          0.999656691018225,                  0.00166117249246012
         171,3058.25758602702,          0.999518504374969,                  0.00110688649432444
         172,3058.25666724324,           0.99975107636424,                 0.000737551513363511
         173,3058.25574845945,          0.999799118702417,                -0.000184294768424409
         174,3058.25482967567,          0.999847112545429,                 -0.00128941226746831
         175,3058.25391089189,          0.999895057966665,                 -0.00239341479535383
         176,3058.25299210811,           0.99994295503937,                 -0.00312827203453612
         177,3058.25207332431,          0.999990803836639,                 -0.00275884900819378
         178,3058.25115454054,           1.00003860443142,                 -0.00238979813558979
         179,3058.25023575675,          0.999718880741126,                 -0.00183738077695484
         180,3058.24931697297,           1.00013406130458,                 -0.00165281060443284
         181,3058.24839818919,          0.999814611206661,                -0.000550659782195701
         182, 3058.2474794054,          0.999864238617142,                -0.000733845312746526
         183,3058.24656062161,          0.999911982807308,                 -0.00110021490864549
         184,3058.24564183784,          0.999778234342153,                 -0.00146621922543304
         185,3058.24472305406,           1.00000915927056,                 -0.00219822493336631
         186,3058.24380427027,           1.00005859003091,                 -0.00256331385214806
         187,3058.24288548648,           0.99992313914377,                 -0.00329403669556879
         188, 3058.2419667027,            1.0001554740587,                 -0.00365821314578894
         189,3058.24104791892,           1.00038757705836,                 -0.00329074860874462
         190,3058.24012913513,           1.00007126398556,                 -0.00365456336190593
         191,3058.23921035135,           1.00012054045959,                 -0.00493120061950491
         192,3058.23829156756,          0.999987221777013,                 -0.00474619710956596
         193,3058.23737278378,           1.00021894613925,                 -0.00510874324916071
         194,     3058.236454,           1.00008571121157,                 -0.00474147127853773
         195,3058.23553521621,           1.00013488241534,                 -0.00437456482193698
         196,3058.23461643243,           1.00036618758642,                 -0.00437238909161795
         197,3058.23369764865,           1.00005280686708,                 -0.00382394554701541
         198,3058.23277886486,            1.0001019212149,                 -0.00327603905038548
         199,3058.23186008108,           1.00015280617628,                 -0.00254676960466859
         200,3058.23094129729,           1.00002000040001,                 -0.00200004000080002
         201,3058.23002251351,           1.00007087545728,                  -0.0016355874757615
         202,3058.22910372973,          0.999938241779799,                  -0.0019980600653184
         203,3058.22818494595,           1.00035221112334,                 -0.00199707337973806
         204,3058.22726616215,          0.999858459238075,                 -0.00199608766817039
         205,3058.22634737838,           1.00009068649678,                 -0.00145098394849007
         206,3058.22542859459,          0.999960117616774,                -0.000906417800595335
         207,3058.22450981081,          0.999829677438059,                                    0
         208,3058.22359102702,           1.00006157568557,                 0.000905524787835542
         209,3058.22267224324,          0.999752007921265,                  0.00181016115864795
         210,3058.22175345945,          0.999983716566946,                  0.00271390550904726
         211,3058.22083467567,           1.00039603530682,                  0.00271257059464973
         212,3058.21991589189,           0.99972526082147,                  0.00289199135294585
         213, 3058.2189971081,          0.999956641446441,                  0.00270990959741583
         214,3058.21807832432,          0.999828456378263,                  0.00270858350111503
         215,3058.21715954054,          0.999700396703642,                  0.00270725870203189
         216,3058.21624075675,          0.999933253598443,                  0.00252553951837961
         217,3058.21532197297,          0.999624960332343,                  0.00234399792285723
         218,3058.21440318918,          0.999497187675151,                   0.0023428531265375
         219, 3058.2134844054,          0.999729802756012,                  0.00288210393587319
         220,3058.21256562162,          0.999602103629499,                  0.00414100295091471
         221,3058.21164683784,          0.999654484858519,                  0.00557862988849938
         222,3058.21072805405,          0.999528744770326,                  0.00665513110608279
         223,3058.20980927027,          0.999401330018176,                  0.00755079256354801
         224,3058.20889048649,          0.999814915642863,                  0.00754712912598854
         225, 3058.2079717027,          0.999507879319077,                  0.00646581916540643
         226,3058.20705291892,          0.999382454527829,                   0.0048470138804116
         227,3058.20613413513,          0.999974879511371,                  0.00340920917113153
         228,3058.20521535135,          0.999490659703291,                  0.00197279692387156
         229,3058.20429656756,          0.999544683734454,                 0.000358516744524553
         230,3058.20337778379,            0.9994194838423,                -0.000358343307222051
         231,3058.20245899999,          0.999473490044664,                 -0.00179085018821835
         232,3058.20154021621,          0.999527444045079,                 -0.00196898314550427
         233,3058.20062143243,          0.999404221972938,                 -0.00178912320439122
         234,3058.19970264865,          0.999458157413319,                -0.000894129680992412
         235,3058.19878386486,          0.999513827322904,                 0.000714959819258158
         236,3058.19786508108,          0.999390789668793,                  0.00232250272894071
         237,3058.19694629729,          0.999266085844742,                  0.00357135841974533
         238,3058.19602751351,          0.999500249875062,                  0.00464053687441993
         239,3058.19510872973,           0.99955579262473,                  0.00570868916009127
         240,3058.19418994594,          0.999254660157128,                  0.00695412772057958
         241,3058.19327116216,          0.999490274218213,                  0.00766370930659471
         242,3058.19235237838,          0.999367601606826,                  0.00783817726750452
         243,3058.19143359459,          0.999245046507984,                  0.00712220275486803
         244,3058.19051481081,          0.999302357036584,                  0.00694083560541884
         245,3058.18959602702,          0.999359612921588,                  0.00533655898676533
         246,3058.18867724324,          0.999415037275816,                  0.00426720528280014
         247,3058.18775845946,          0.999472184852594,                  0.00373202629479098
         248,3058.18683967568,           0.99952927801906,                  0.00301972591546544
         249,3058.18592089189,          0.999408770437812,                  0.00284074264114496
         250, 3058.1850021081,           0.99946583945725,                  0.00230700566636084
         251,3058.18408332433,          0.999524627151594,                   0.0023059130706248
         252,3058.18316454054,          0.999404293342978,                    0.001950230127155
         253,3058.18224575675,          0.999817473945735,                  0.00230372689849248
         254,3058.18132697297,          0.999342863873631,                  0.00177125640530598
         255,3058.18040818918,          0.999578640247292,                  0.00141633530321968
         256, 3058.1794894054,          0.999814193822387,                 0.000530874793180028
         257,3058.17857062162,          0.999695775524787,                -0.000176874694891151
         258,3058.17765183783,          0.999754260226045,                -0.000707164817136018
         259,3058.17673305405,          0.999989397532452,                -0.000883538962301159
         260,3058.17581427027,           1.00004768860401,                -0.000529873377925122
         261,3058.17489548649,           0.99993114880861,                -0.000529624549157103
         262, 3058.1739767027,          0.999812954159652,                 0.000529375019851563
         263,3058.17305791892,           1.00004938515482,                  0.00141100442349887
         264,3058.17213913513,           1.00010930156301,                  0.00176292843568308
         265,3058.17122035135,           1.00016916180326,                  0.00193831232907609
         266,3058.17030156756,            1.0000528382972,                   0.0017612765732603
         267,3058.16938278378,           1.00028871409559,                  0.00176045180235056
         268,3058.16846399999,            1.0003484063051,                   0.0015836650231743
         269,3058.16754521622,           1.00023216220399,                  0.00175880457570598
         270,3058.16662643243,           1.00029358352979,                  0.00228538077080619
         271,3058.16570764864,           1.00017747351515,                  0.00263574527454801
         272,3058.16478886486,           1.00041449757976,                  0.00403959505694073
         273,3058.16387008108,           1.00047574825018,                  0.00544213865515976
         274,3058.16295129729,           1.00053694195763,                  0.00666790666334441
         275,3058.16203251352,           1.00059807878153,                   0.0075417558961623
         276,3058.16111372972,           1.00066091304173,                  0.00736295696351655
         277,3058.16019494594,           1.00054670853426,                  0.00700908377256925
         278,3058.15927616216,           1.00095804733489,                  0.00577981024707813
         279,3058.15835737837,           1.00084556306973,                  0.00402649080822174
         280,3058.15743859459,           1.00090816667571,                  0.00244977523312236
         281,3058.15651981081,           1.00097071246797,                 0.000699612589528549
         282,3058.15560102702,           1.00103320052657,                -0.000874112120613487
         283,3058.15468224324,           1.00092088915605,                 -0.00192215952875638
         284,3058.15376345946,           1.00098334256127,                 -0.00261991801403228
         285,3058.15284467567,           1.00104748603352,                 -0.00296787709497207
         286,3058.15192589189,            1.0014588248433,                 -0.00244300811078693
         287,3058.15100710811,           1.00169711177042,                 -0.00244188743945427
         288,3058.15008832433,           1.00123781795359,                 -0.00191774612528112
         289,3058.14916954053,           1.00130172709736,                 -0.00191686721163782
         290,3058.14825075676,           1.00171393934327,                 -0.00174180827567948
         291,3058.14733197297,           1.00142936980635,                  -0.0020892128716405
         292,3058.14641318919,           1.00149484634755,                 -0.00174021693544317
         293, 3058.1454944054,           1.00155852107482,                 -0.00121759458970541
         294,3058.14457562162,           1.00162387901927,                -0.000869314250146914
         295,3058.14365683783,           1.00168917744705,                -0.000347567375935825
         296,3058.14273805406,            1.0017544164394,                -0.000347409195921416
         297,3058.14181927027,           1.00216684723727,                -0.000694502319637748
         298,3058.14090048648,           1.00188471644216,                -0.000694186534863783
         299, 3058.1399817027,           1.00212498373737,                -0.000867340300967084
         300,3058.13906291892,           1.00201651706064,                -0.000693557028593622
         301,3058.13814413513,           1.00225650695496,                -0.000866554130170295
         302,3058.13722535135,           1.00214981490111,                 -0.00138585972674311
         303,3058.13630656756,           1.00204321928245,                 -0.00121207923535116
         304,3058.13538778378,           1.00210979592614,                 -0.00190383553630182
         305,     3058.134469,           1.00217631244788,                 -0.00311396057725909
         306,3058.13355021621,            1.0022445020076,                 -0.00415008075365466
         307,3058.13263143243,           1.00231089786246,                 -0.00553094477178803
         308,3058.13171264865,           1.00237896559052,                 -0.00639228226936386
         309,3058.13079386486,           1.00227428537878,                 -0.00742553312737552
         310,3058.12987508108,           1.00234230844249,                 -0.00811263793642108
         311, 3058.1289562973,           1.00223773859003,                 -0.00845406252210565
         312,3058.12803751351,           1.00247990039009,                  -0.0089676509238405
         313,3058.12711872972,           1.00237536242377,                 -0.00827412165027356
         314,3058.12619994595,           1.00244494564777,                 -0.00758122681479924
         315,3058.12528116215,           1.00251446679526,                 -0.00671672637090107
         316,3058.12436237837,           1.00258220003443,                 -0.00585298674470649
         317,3058.12344359459,           1.00265332319266,                 -0.00585038836254513
         318,3058.12252481081,           1.00237867141828,                 -0.00601977582354833
         319,3058.12160602703,           1.00244809825401,                 -0.00653284646435473
         320,3058.12068724324,           1.00251918602453,                 -0.00721731330357051
         321,3058.11976845946,           1.00241844614835,                 -0.00738587957237475
         322,3058.11884967567,           1.00248948407589,                 -0.00789767362005322
         323,3058.11793089189,            1.0023888465578,                 -0.00789417684329029
         324,3058.11701210811,           1.00228829811687,                 -0.00754760998068498
         325,3058.11609332432,           1.00235929934296,                 -0.00702988903062974
         326,3058.11517454054,           1.00226057060984,                 -0.00651263708672605
         327,3058.11425575675,           1.00216021201256,                 -0.00616713976623114
         328,3058.11333697297,           1.00206165795656,                 -0.00565072363509339
         329,3058.11241818918,           1.00230550805901,                  -0.0049636030966037
         330, 3058.1114994054,            1.0022086913974,                 -0.00496142916533364
         331,3058.11058062162,           1.00211024580772,                 -0.00513025723109757
         332,3058.10966183784,           1.00235375361311,                 -0.00478613661343229
         333,3058.10874305405,           1.00242790190661,                 -0.00444232579675676
         334,3058.10782427026,           1.00233120137993,                 -0.00341567967755984
         335,3058.10690548649,           1.00240529472115,                 -0.00256064022834082
         336, 3058.1059867027,            1.0019674189954,                 -0.00136507822751418
         337,3058.10506791892,           1.00238443668962,                -0.000682242257403181
         338,3058.10414913513,           1.00228792378588,                -0.000170486124134357
         339,3058.10323035135,            1.0021932029454,                -0.000340824078539501
         340,3058.10231156757,           1.00226890240994,                 -0.00119236613135105
         341,3058.10139278378,            1.0023445361411,                 -0.00153237656281126
         342,     3058.100474,           1.00207972388347,                 -0.00221247221645467
         343,3058.09955521621,           1.00215537406032,                 -0.00289197782363358
         344,3058.09863643243,           1.00172253425088,                 -0.00323081448833251
         345,3058.09771764865,           1.00213991545719,                 -0.00305945021679604
         346,3058.09679886487,           1.00187564985151,                 -0.00254843729824871
         347,3058.09588008108,           1.00178313662223,                 -0.00203787042540545
         348,3058.09496129729,           1.00203190274027,                 -0.00152774642125401
         349,3058.09404251351,           1.00160004886682,                 -0.00135741155191166
         350,3058.09312372973,           1.00167907599939,                 -0.00118722545411374
         351,3058.09220494595,           1.00175633705396,                 -0.00135624482931659
         352,3058.09128616216,           1.00166577136398,                   -0.001016747526338
         353,3058.09036737838,           1.00174636540875,                                    0
         354,3058.08944859459,            1.0016558814267,                  0.00118519120520401
         355,3058.08852981081,           1.00173471546435,                  0.00236936746350751
         356,3058.08761102703,           1.00147684000223,                  0.00321419931757473
         357,3058.08669224324,           1.00155737691058,                  0.00388921486897573
         358,3058.08577345945,           1.00146882093737,                  0.00422560683939821
         359,3058.08485467567,           1.00138034037132,                   0.0042238077457876
         360,3058.08393589189,           1.00129193511615,                  0.00371536896146993
         361, 3058.0830171081,           1.00120529519604,                   0.0033761770197135
         362,3058.08209832432,           1.00145620337576,                   0.0028685350391555
         363,3058.08117954054,           1.00136956727072,                  0.00303598656069949
         364,3058.08026075675,           1.00111440994438,                  0.00337189090584163
         365,3058.07934197297,           1.00119651493958,                  0.00387603431132982
         366,3058.07842318918,           1.00111009852756,                  0.00404284744483619
         367,3058.07750440541,           1.00119382176191,                   0.0045462887971025
         368,3058.07658562162,           1.00110916432295,                  0.00437606561405458
         369,3058.07566683784,           1.00119281752247,                   0.0047107038969298
         370,3058.07474805405,           1.00094006299599,                  0.00487689210801139
         371,3058.07382927027,           1.00102371694983,                  0.00521103866086392
         372,3058.07291048648,           1.00127701045132,                  0.00621702456564842
         373, 3058.0719917027,           1.00102621983275,                  0.00688625419683602
         374,3058.07107291892,           1.00111141330808,                  0.00671548826636313
         375,3058.07015413513,            1.0010287185322,                  0.00604141389223125
         376,3058.06923535135,           1.00111383979495,                  0.00553564958331656
         377,3058.06831656757,            1.0013665668989,                  0.00503030760330994
         378,3058.06739778378,           1.00111794017428,                   0.0045253950083217
         379,     3058.066479,           1.00103705763795,                  0.00418843957170692
         380,3058.06556021622,           1.00129117828811,                  0.00401923202524078
         381,3058.06464143243,           1.00104289251176,                  0.00385016497119909
         382,3058.06372264865,           1.00113114600485,                  0.00418323226644178
         383,3058.06280386486,           1.00121765193888,                  0.00451601680627291
         384,3058.06188508108,           1.00130576022497,                  0.00518291510552248
         385,3058.06096629729,            1.0015609175655,                  0.00551501923571861
         386,3058.06004751351,           1.00131470582831,                  0.00467747943997207
         387,3058.05912872973,           1.00157132146298,                  0.00450857380451826
         388,3058.05820994594,           1.00149222341289,                  0.00367213815251391
         389,3058.05729116216,           1.00141486138363,                  0.00283639664170638
         390,3058.05637237837,           1.00150434124197,                  0.00183456249020177
         391,3058.05545359459,           1.00159374770774,                 0.000833550056347984
         392,3058.05453481081,            1.0016847500954,                -0.000833209740555151
         393,3058.05361602702,           1.00177400951136,                 -0.00166573663038137
         394,3058.05269724324,           1.00169835825369,                 -0.00266409137833428
         395,3058.05177845946,           1.00162276869305,                 -0.00366163192277285
         396,3058.05085967567,           1.00171361072754,                 -0.00382650939158501
         397,3058.04994089189,           1.00180604476197,                  -0.0043238640710178
         398,3058.04902210811,           1.00173050357488,                  -0.0038233988686064
         399,3058.04810332432,            1.0018228556521,                 -0.00332334667657024
         400,3058.04718454054,           1.00191513287169,                 -0.00298979979968341
         401,3058.04626575676,           1.00184130262614,                 -0.00199239238175566
         402,3058.04534697297,           1.00193349763914,                 -0.00149368916328512
         403,3058.04442818919,           1.00186138180226,                  -0.0013271884508061
         404, 3058.0435094054,           1.00212098749463,                 -0.00132665363229473
         405,3058.04259062162,           1.00204885423297,                 -0.00149188415022279
         406,3058.04167183784,           1.00181108089881,                 -0.00165698160916112
         407,3058.04075305405,           1.00207039337474,                 -0.00149068322981366
         408,3058.03983427027,           1.00216559159724,                 -0.00149008596140346
         409,3058.03891548649,           1.00209355631501,                -0.000992991137554097
         410, 3058.0379967027,           1.00218866888236,                  -0.0011580258636805
         411,3058.03707791892,           1.00211999642809,                -0.000496099008132716
         412,3058.03615913513,           1.00221502248083,                -0.000330600370272415
         413,3058.03524035135,           1.00214639433841,                -0.000165234360154725
         414,3058.03432156756,           1.00257167066099,                 -0.00066067325908467
         415,3058.03340278378,            1.0026680579312,                -0.000990615568514275
         416,     3058.032484,           1.00226925774642,                 -0.00148533234311177
         417,3058.03156521622,           1.00220237064166,                 -0.00181468742009189
         418,3058.03064643243,           1.00246534906539,                 -0.00131925033599657
         419,3058.02972764865,           1.00223194416513,                -0.000329681560580635
         420,3058.02880886486,           1.00249470246471,                  0.00115342914484763
         421,3058.02789008108,           1.00226477249331,                  0.00263537162857731
         422, 3058.0269712973,           1.00269195623719,                  0.00362220411120167
         423,3058.02605251351,           1.00262671081823,                  0.00411452195838079
         424,3058.02513372973,           1.00255986733438,                  0.00345483380604234
         425,3058.02421494594,           1.00266082534921,                  0.00164451504895721
         426,3058.02329616216,           1.00292444285172,                 0.000164386894419229
         427,3058.02237737838,           1.00236624161956,                 -0.00131457867753385
         428,3058.02145859459,           1.00263141468927,                 -0.00246387143190352
         429,3058.02053981081,           1.00273218660309,                 -0.00328387812871489
         430,3058.01962102702,           1.00283287978808,                 -0.00311846558362904
         431,3058.01870224324,           1.00260536297891,                 -0.00229691950281537
         432,3058.01778345946,            1.0027076715173,                 -0.00147601718083998
         433,3058.01686467567,            1.0024820241776,                -0.000655752754981262
         434,3058.01594589189,           1.00274817566693,                 0.000327749036008148
         435, 3058.0150271081,           1.00268649870589,                 0.000655243586803394
         436,3058.01410832433,           1.00311611159053,                  0.00147372592300273
         437,3058.01318954054,           1.00289229751871,                  0.00147315663092352
         438,3058.01227075676,            1.0028306363205,                  0.00179982656216765
         439,3058.01135197297,           1.00277066302915,                   0.0021262467165844
         440,3058.01043318919,           1.00287586999563,                  0.00245241898433885
         441, 3058.0095144054,           1.00281592542292,                  0.00163431539345326
         442,3058.00859562162,           1.00292103405913,                  0.00196042554303788
         443,3058.00767683784,           1.00286275592107,                 0.000816530496597517
         444,3058.00675805406,           1.00296776594807,                 0.000163243451488944
         445,3058.00583927027,           1.00290951458592,                -0.000163180851706137
         446,3058.00492048648,           1.00301442618244,                -0.000815591499579155
         447, 3058.0040017027,            1.0029578369635,                -0.000652224247740858
         448,3058.00308291892,           1.00322727865432,                -0.000325987742860868
         449,3058.00216413514,           1.00317065143364,                 0.000162931728347188
         450,3058.00124535135,           1.00327693700854,                  0.00162869632631257
         451,3058.00032656757,           1.00289635163891,                   0.0032561569858406
         452,3057.99940778378,           1.00300429324246,                   0.0035804144818001
         453,     3057.998489,           1.00294946859133,                  0.00357905730884174
         454,3057.99757021622,           1.00305730826774,                  0.00276458726338385
         455,3057.99665143243,           1.00300250506785,                  0.00162561183965615
         456,3057.99573264865,           1.00327437295352,                  0.00048749969531269
         457,3057.99481386486,           1.00322115860998,                -0.000649754636405427
         458,3057.99389508108,            1.0030056068939,                 -0.00178615212495271
         459,3057.99297629729,           1.00311485015769,                  -0.0022724284631404
         460,3057.99205751351,            1.0029011280001,                 -0.00243383221485222
         461,3057.99113872973,           1.00317252296673,                 -0.00178413868272175
         462,3057.99021994594,           1.00328320700417,                -0.000648534716874063
         463,3057.98930116216,            1.0030696622075,                 0.000162072978220633
         464,3057.98838237837,           1.00301991458697,                  0.00113408809596329
         465,3057.98746359459,            1.0032924836469,                  0.00178147172237545
         466,3057.98654481081,           1.00291890684268,                  0.00194270006168073
         467,3057.98562602703,           1.00303110237941,                  0.00194197696491657
         468,3057.98470724324,           1.00298144322559,                  0.00210302560676333
         469,3057.98378845946,           1.00309515415938,                   0.0014554016423399
         470,3057.98286967567,            1.0030455080373,                  0.00080825584853932
         471,3057.98195089189,           1.00315911092438,                -0.000484774054892582
         472,3057.98103210811,           1.00294956661078,                  -0.0017768473558896
         473,3057.98011332432,           1.00306312096018,                 -0.00306796511562192
         474,3057.97919454054,           1.00317821061416,                 -0.00371248573517709
         475,3057.97827575676,            1.0029705095045,                 -0.00403382605173947
         476,3057.97735697297,           1.00276296115886,                 -0.00419363631818087
         477,3057.97643818919,           1.00320050305136,                 -0.00419209467684593
         478,3057.97551940541,           1.00283184756698,                 -0.00370702868756679
         479,3057.97460062162,           1.00294842670018,                 -0.00354455668873959
         480,3057.97368183784,           1.00274119098467,                 -0.00289902689330615
         481,3057.97276305405,            1.0026967196619,                 -0.00257597102032602
         482,3057.97184427027,           1.00313509894553,                 -0.00257502993472299
         483,3057.97092548648,           1.00260948746577,                 -0.00241321282284766
         484, 3057.9700067027,           1.00272754758734,                 -0.00209069095727914
         485,3057.96908791892,           1.00300467340052,                 -0.00160763691841725
         486,3057.96816913513,           1.00264038813545,                 -0.00112493712405003
         487,3057.96725035135,           1.00259927194682,                -0.000481941646505441
         488,3057.96633156756,           1.00255657547358,                 0.000321177823313656
         489,3057.96541278378,           1.00251551932551,                  0.00144477817036503
         490,     3057.964494,           1.00247449282525,                  0.00288851302558902
         491,3057.96357521621,           1.00259391096645,                  0.00336871554084728
         492,3057.96265643243,           1.00255288578723,                  0.00352785724365306
         493,3057.96173764865,           1.00219289808795,                  0.00352659049231203
         494,3057.96081886486,           1.00231389490687,                  0.00320484059122899
         495,3057.95990008108,           1.00227462036266,                  0.00288332158646761
         496, 3057.9589812973,           1.00239550106965,                   0.0024019061527228
         497,3057.95806251351,           1.00251629509162,                  0.00272118425938969
         498,3057.95714372973,           1.00199855668684,                  0.00288022580970348
         499,3057.95622494594,           1.00228096497935,                  0.00399888670993995
         500,3057.95530616216,           1.00224337500819,                  0.00511674984050131
         501,3057.95438737838,           1.00204597039737,                  0.00559445030529715
         502,3057.95346859459,           1.00184870646472,                  0.00607181034221043
         503,3057.95254981081,           1.00213236644757,                  0.00559047383258927
         504,3057.95163102703,           1.00209648292237,                   0.0052691497668002
         505,3057.95071224324,           1.00222023945386,                  0.00462882416693136
         506,3057.94979345946,            1.0020247921357,                  0.00335071984631365
         507,3057.94887467568,           1.00215008485498,                  0.00255202950146104
         508,3057.94795589189,           1.00227528927425,                  0.00159445639400931
         509,3057.94703710811,           1.00208162653771,                  0.00127511579645327
         510,3057.94611832432,           1.00204743353808,                  0.00127466679413335
         511,3057.94519954054,            1.0020132646105,                  0.00143349537140272
         512,3057.94428075676,           1.00182149362477,                  0.00159221470696881
         513,3057.94336197297,           1.00194818837581,                  0.00127332573582311
         514,3057.94244318919,           1.00175657442529,                  0.00143199002062066
         515, 3057.9415244054,           1.00188320322689,                  0.00143148893936213
         516,3057.94060562162,           1.00185074474986,                  0.00127198951880637
         517,3057.93968683784,           1.00166095795154,                  0.00206626348038242
         518,3057.93876805405,           1.00194796734533,                  0.00270109664523797
         519,3057.93784927027,           1.00191711153078,                  0.00333548816457616
         520,3057.93693048648,           1.00172749963481,                  0.00301677325932183
         521, 3057.9360117027,           1.00185705442598,                  0.00222211640715521
         522,3057.93509291892,           1.00182626231854,                   0.0022213442623471
         523,3057.93417413513,           1.00195569316078,                  0.00206196359206747
         524,3057.93325535135,           1.00192647676732,                  0.00190269310353029
         525,3057.93233656757,           1.00205737182637,                  0.00221904511318715
         526,3057.93141778378,           1.00186969197617,                  0.00285207250602104
         527,     3057.930499,            1.0016837283416,                  0.00348466825166274
         528,3057.92958021621,           1.00181457167558,                  0.00411682928142328
         529,3057.92866143243,           1.00162875472283,                   0.0041154152374832
         530,3057.92774264865,           1.00160288107192,                  0.00474693308564891
         531,3057.92682386486,           1.00173361762975,                  0.00490348052210995
         532,3057.92590508108,           1.00170772587837,                  0.00490180576199361
         533, 3057.9249862973,           1.00183992058625,                  0.00458399458772501
         534,3057.92406751351,           1.00165599539861,                  0.00410838553089822
         535,3057.92314872973,           1.00163173882069,                  0.00300126210969771
         536,3057.92222994595,           1.00192173167446,                  0.00236860929473869
         537,3057.92131116216,           1.00173954771759,                  0.00126282955905149
         538,3057.92039237838,           1.00155748737993,                  0.00110460097867647
         539,3057.91947359459,           1.00169262391411,                 0.000157746869907734
         540,3057.91855481081,            1.0015107026502,                -0.000157693387285498
         541,3057.91763602702,           1.00164576357755,                -0.000630560757681806
         542,3057.91671724324,           1.00162314638259,                -0.000945522164615409
         543,3057.91579845946,           1.00144301053587,                 -0.00157533901295559
         544,3057.91487967567,           1.00157795772585,                 -0.00157480810963184
         545,3057.91396089189,           1.00155696296191,                -0.000944568025427771
         546,3057.91304210811,           1.00153440610615,                 -0.00110162489672267
         547,3057.91212332432,           1.00167076228923,                 -0.00094393349673871
         548,3057.91120454054,           1.00149248801999,                -0.000943617293988686
         549,3057.91028575676,           1.00163034164855,                 -0.00172938844108209
         550,3057.90936697297,           1.00160936448962,                 -0.00235746751409766
         551,3057.90844818919,           1.00143286283481,                 -0.00267090659996732
         552, 3057.9075294054,           1.00157059839799,                 -0.00267001727658238
         553,3057.90661062162,           1.00155123470746,                 -0.00251212098374658
         554,3057.90569183784,           1.00184736699193,                 -0.00298215572189358
         555,3057.90477305405,            1.0015141173794,                  -0.0031380671075651
         556,3057.90385427027,            1.0014963626154,                 -0.00345073139820499
         557,3057.90293548649,           1.00179221866636,                 -0.00329279020065636
         558, 3057.9020167027,           1.00130414064655,                 -0.00297820580342588
         559,3057.90109791892,           1.00128804189427,                 -0.00282052969547681
         560,3057.90017913513,           1.00174031820724,                 -0.00203637594006162
         561,3057.89926035135,           1.00141090105058,                -0.000939556748444642
         562,3057.89834156757,           1.00139478310418,                 0.000156541313600779
         563,3057.89742278378,           1.00169165549068,                  0.00109542908739803
         564,     3057.896504,           1.00136414550051,                  0.00156438704186925
         565,3057.89558521621,           1.00150444609172,                  0.00172026060384275
         566,3057.89466643243,           1.00148988426429,                  0.00203237097961845
         567,3057.89374764865,           1.00116276162136,                  0.00218799229826711
         568,3057.89282886486,           1.00161858814119,                  0.00171857814218578
         569,3057.89191008108,           1.00144781991432,                  0.00109328364619467
         570, 3057.8909912973,           1.00127872645715,                 0.000312265313100623
         571,3057.89007251351,           1.00157642541635,                -0.000624326897563564
         572,3057.88915372973,           1.00140896275064,                 -0.00156031312363765
         573,3057.88823494595,           1.00139602717184,                 -0.00140382620631566
         574,3057.88731616216,           1.00138309998394,                -0.000311860199309853
         575,3057.88639737838,           1.00137174211248,                 0.000623519142037661
         576,3057.88547859459,           1.00136039156838,                   0.0020257835497026
         577,3057.88455981081,           1.00134904834453,                  0.00295980583673711
         578,3057.88364102703,           1.00149344147158,                  0.00373749690488538
         579,3057.88272224324,           1.00132794268518,                  0.00342494010246798
         580,3057.88180345946,           1.00131662085988,                  0.00249006309197359
         581,3057.88088467567,           1.00130686414836,                  0.00155579065280976
         582,3057.87996589189,           1.00145264290802,                   0.0006221168770977
         583,3057.87904710811,           1.00144284888024,                -0.000777397025989937
         584,3057.87812832432,            1.0012791877857,                 -0.00170972851065549
         585,3057.87720954054,           1.00142483564668,                 -0.00233070171213348
         586,3057.87629075676,           1.00141661540756,                 -0.00279595146228261
         587,3057.87537197297,           1.00125311921092,                 -0.00310562381889244
         588,3057.87445318919,           1.00124651310081,                 -0.00325987236823518
         589,3057.87353440541,           1.00123835742285,                 -0.00279328741996456
         590,3057.87261562162,           1.00107662665256,                 -0.00263726989820138
         591,3057.87169683784,           1.00122516710349,                 -0.00217118220871264
         592,3057.87077805405,           1.00106354280682,                 -0.00139531855122524
         593,3057.86985927027,           1.00105700708908,                -0.000619945506789953
         594,3057.86894048649,           1.00105047550285,                -0.000309874779601563
         595, 3057.8680217027,           1.00104549854792,                -0.000309777347531462
         596,3057.86710291892,           1.00119536471011,                -0.000464519965068099
         597,3057.86618413513,           1.00119034535494,                -0.000154791333542818
         598,3057.86526535135,           1.00087584373462,                 0.000154742709297251
         599,3057.86434656757,           1.00118031610196,                 0.000464082346771611
         600,3057.86342778378,           1.00086756289058,                 0.000309291583093503
         601,     3057.862509,           1.00101879750974,                -0.000154597497684902
         602,3057.86159021621,           1.00101538846723,                -0.000154549233976722
         603,3057.86067143243,           1.00085748055219,                                    0
         604,3057.85975264865,           1.00100857676381,                                    0
         605,3057.85883386486,           1.00100671969959,                                    0
         606,3057.85791508108,           1.00069460523269,                 0.000463070155128502
         607, 3057.8569962973,           1.00053853786199,                 0.000925853057861187
         608,3057.85607751351,           1.00069263294619,                   0.0010798286466199
         609,3057.85515872973,           1.00084508953631,                 0.000925280514209224
         610,3057.85423994595,           1.00053495474468,                  0.00123332505977772
         611,3057.85332116216,           1.00084302607833,                  0.00138706301735524
         612,3057.85240237838,           1.00084276630722,                  0.00107849436024485
         613,3057.85148359459,           1.00068848353415,                  0.00077011581001551
         614,3057.85056481081,           1.00068827151464,                 0.000307951460690766
         615,3057.84964602703,           1.00068959997045,                 0.000153928564831633
         616,3057.84872724324,           1.00053550654611,                -0.000153881191409736
         617,3057.84780845946,           1.00053688095242,                -0.000923004502723632
         618,3057.84688967567,            1.0003844675125,                -0.000768935024990388
         619,3057.84597089189,           1.00038742528227,                -0.000768700956878951
         620,3057.84505210811,           1.00038884372017,                -0.000153693170029217
         621,3057.84413332432,           1.00023815194094,                 0.000460939240525778
         622,3057.84321454054,           1.00008601569172,                 0.000767997247497865
         623,3057.84229575676,           1.00039616609494,                 0.000767763749880997
         624,3057.84137697297,           1.00024560972615,                 0.000460518236522166
         625,3057.84045818919,           1.00025013926465,                 0.000153459671565611
         626,3057.83953940541,           1.00040654460101,                 -0.00030682611397056
         627,3057.83862062162,           1.00025765606596,                 -0.00153366705928543
         628,3057.83770183784,           1.00010885747184,                 -0.00183984459445992
         629,3057.83678305405,           1.00026669691275,                 -0.00199256314126046
         630,3057.83586427027,           1.00011798542191,                 -0.00229841730984044
         631,3057.83494548649,           1.00042890842805,                   -0.002604086884593
         632, 3057.8340267027,           1.00058804072182,                 -0.00260330527889056
         633,3057.83310791892,           1.00013471889677,                 -0.00214325517596125
         634,3057.83218913513,           1.00029384396885,                 -0.00137739360399628
         635,3057.83127035135,           1.00014687792608,                -0.000917987038023023
         636,3057.83035156757,           1.00015295197308,                -0.000305903946160905
         637,3057.82943278378,           1.00031345805396,                -0.000152906367785686
         638,     3057.828514,           1.00016661800606,                -0.000152860556014986
         639,3057.82759521621,           1.00017420910594,                -0.000458445015632975
         640,3057.82667643243,           1.00048733464613,                -0.000763847407731052
         641,3057.82575764865,           1.00003818105456,                -0.000763621091214539
         642,3057.82483886486,           1.00035116112188,                -0.000763393743224881
         643,3057.82392008108,           1.00035868826937,                -0.000305266612227454
         644, 3057.8230012973,           1.00021514925407,                -0.000152588123455999
         645,3057.82208251351,           1.00022423816228,                -0.000152542967540382
         646,3057.82116372973,           1.00023332169266,                -0.000609991353372566
         647,3057.82024494594,           1.00024239984999,                   -0.001067169150884
         648,3057.81932616216,           1.00040540499349,                 -0.00167648681519324
         649,3057.81840737838,           1.00010970124694,                 -0.00167599127265635
         650,3057.81748859459,            1.0001203312613,                 -0.00167549857506462
         651,3057.81656981081,           1.00028322831552,                 -0.00152273287915287
         652,3057.81565102703,           1.00014157255137,                 -0.00121782839884489
         653,3057.81473224324,           1.00030588998005,                -0.000304368139351909
         654,3057.81381345946,           1.00016431053474,                -0.000304278768036124
         655,3057.81289467567,           1.00017643014887,                -0.000912569735537291
         656,3057.81197589189,           1.00034059324044,                 -0.00136845498391305
         657,3057.81105710811,           1.00035265433187,                 -0.00212808648543477
         658,3057.81013832432,           1.00051667021244,                  -0.0030392365437802
         659,3057.80921954054,           1.00052867290946,                 -0.00303835005438647
         660,3057.80830075676,           1.00038879540249,                 -0.00318933728608659
         661,3057.80738197297,            1.0007060056025,                 -0.00303658323654224
         662,3057.80646318919,           1.00056767644264,                 -0.00242856232146272
         663, 3057.8055444054,           1.00027768631158,                 -0.00318656423127173
         664,3057.80462562162,           1.00044295578937,                 -0.00318564095095933
         665,3057.80370683784,           1.00045647627612,                 -0.00333637145339923
         666,3057.80278805405,           1.00062311530362,                 -0.00348701994727019
         667,3057.80186927027,           1.00048652654904,                 -0.00333444986881971
         668,3057.80095048649,           1.00065154476719,                 -0.00363652893313332
         669, 3057.8000317027,           1.00066650508968,                 -0.00363548230731944
         670,3057.79911291892,           1.00068145680321,                 -0.00348300143863103
         671,3057.79819413513,           1.00039513185444,                 -0.00287643878711174
         672,3057.79727535135,           1.00041015302794,                  -0.0021188717310728
         673,3057.79635656757,           1.00057798395565,                 -0.00121043760345459
         674,3057.79543778378,           1.00059445747814,                -0.000453784334457206
         675,     3057.794519,           1.00061092158428,                 0.000302436427862863
         676,3057.79360021622,           1.00047620127441,                 0.000151175007747719
         677,3057.79268143243,           1.00049268975356,                 0.000151131826246762
         678,3057.79176264865,            1.0005091688159,                -0.000755443347037076
         679,3057.79084386486,           1.00052714972109,                -0.000604183061425781
         680,3057.78992508108,           1.00084712618858,                 -0.00090601731399087
         681, 3057.7890062973,           1.00056308091307,                 -0.00135864027281497
         682,3057.78808751351,           1.00043011401794,                 -0.00150917199278616
         683,3057.78716872973,           1.00074984573093,                 -0.00135786953287779
         684,3057.78624994595,           1.00061690128524,                -0.000904989660493129
         685,3057.78533116216,           1.00078711899369,                -0.000150789079251724
         686,3057.78441237838,           1.00050500101754,                  0.00075373286199905
         687,3057.78349359459,           1.00082435012727,                  0.00180844634867147
         688,3057.78257481081,           1.00069304245638,                  0.00271190526410944
         689,3057.78165602703,            1.0004126965957,                  0.00301238391025506
         690,3057.78073724324,           1.00043215537115,                  0.00301153568745078
         691,3057.77981845946,           1.00045160319133,                  0.00301068794219479
         692,3057.77889967567,           1.00032205343679,                  0.00225738390274588
         693,3057.77798089189,           1.00034302633479,                  0.00120360117471475
         694,3057.77706210811,           1.00036398749808,                -0.000150408057058801
         695,3057.77614332432,           1.00053530292733,                 -0.00195475788068158
         696,3057.77522454054,             1.000556198608,                 -0.00315680291027164
         697,3057.77430575676,           1.00057708260697,                 -0.00390733015136396
         698,3057.77338697297,            1.0002989779162,                 -0.00480768508460775
         699,3057.77246818919,            1.0006218214261,                 -0.00495654759937878
         700,3057.77154940541,           1.00049251319875,                 -0.00525547620620687
         701,3057.77063062162,           1.00051489363618,                 -0.00480367240755558
         702,3057.76971183784,             1.000388689875,                 -0.00420205270274529
         703,3057.76879305405,            1.0004110867393,                 -0.00330069644695031
         704,3057.76787427027,           1.00013349112284,                 -0.00179988030795952
         705,3057.76695548649,            1.0004573433599,                -0.000449845927769739
         706, 3057.7660367027,           1.00033129509398,                 0.000599629129383476
         707,3057.76511791892,           1.00035368309994,                  0.00149865720314598
         708,3057.76419913513,           1.00037755750261,                  0.00179789286955688
         709,3057.76328035135,            1.0001033505035,                  0.00179740006081204
         710,3057.76236156757,           1.00012728075889,                  0.00164716276214221
         711,3057.76144278378,           1.00000149700823,                 0.000598803291621694
         712,     3057.760524,           1.00002693876818,                 0.000149659823221817
         713,3057.75960521622,           1.00020198544209,                -0.000748094229949204
         714,3057.75868643243,           1.00022586227786,                 -0.00149577667455938
         715,3057.75776764865,           1.00010168497993,                 -0.00224305102791552
         716,3057.75684886486,          0.999979070553165,                 -0.00269092887874973
         717,3057.75593008108,           1.00015393881605,                 -0.00328801354661581
         718, 3057.7550112973,           1.00032871145111,                 -0.00388477169495577
         719,3057.75409251351,          0.999907388320771,                 -0.00403308925674646
         720,3057.75317372973,           1.00008362652394,                 -0.00447999235414638
         721,3057.75225494595,           1.00010898336436,                 -0.00522522979814191
         722,3057.75133616216,          0.999837315618148,                  -0.0055223138793658
         723,3057.75041737838,          0.999864217812534,                 -0.00537160302063143
         724,3057.74949859459,          0.999892596946173,                  -0.0044751272427846
         725,3057.74857981081,           0.99991946957292,                 -0.00387739093346695
         726,3057.74766102703,           1.00009690861518,                 -0.00268362318948616
         727,3057.74674224324,          0.999825611811893,                 -0.00163954706767007
         728,3057.74582345946,           1.00000298019067,                 -0.00104306673540973
         729,3057.74490467568,           0.99973334485363,                -0.000744846777569386
         730,3057.74398589189,          0.999612784082447,                -0.000446787597176302
         731,3057.74306710811,          0.999790066419412,                 -0.00044666719274136
         732,3057.74214832432,          0.999819892501128,                -0.000595396690487496
         733,3057.74122954054,           0.99940178749468,                 -0.00119047264740284
         734,3057.74031075676,          0.999580470765358,                 -0.00148769232142485
         735,3057.73939197297,          0.999608842247417,                 -0.00193347938539152
         736,3057.73847318919,          0.999638684812718,                 -0.00223034066223275
         737,3057.73755440541,          0.999371212222564,                 -0.00163514552051885
         738,3057.73663562162,          0.999549712217065,                 -0.00118887863481066
         739,3057.73571683784,           0.99943097656604,                -0.000594280348783137
         740,3057.73479805405,          0.999462319275408,                                    0
         741,3057.73387927027,          0.999492161166069,                 0.000445472661342773
         742,3057.73296048649,          0.999523470913169,                 0.000890708573515374
         743, 3057.7320417027,          0.999554764024933,                  0.00148411991688928
         744,3057.73112291892,          0.999436185050001,                  0.00163209590789044
         745,3057.73020413513,          0.999467484673497,                  0.00252166032048819
         746,3057.72928535135,          0.999648543680682,                  0.00311416991800836
         747,3057.72836656757,          0.999531515931423,                   0.0035581068499487
         748,3057.72744778378,          0.999414550278274,                  0.00444645358272997
         749,     3057.726529,          0.999447303418569,                  0.00503798492457099
         750,3057.72565691111,          0.999478558688812,                  0.00592546944531681
         751,3057.72478482222,          0.999363179953497,                  0.00651629815025991
         752,3057.72391273333,          0.999247862033023,                   0.0069587567810864
         753,3057.72304064444,          0.999576663814822,                   0.0066608840325288
         754,3057.72216855556,          0.999461350412274,                  0.00591922623874607
         755,3057.72129646667,          0.999494039429419,                  0.00547384243026769
         756,3057.72042437778,          0.999380286606352,                  0.00502870056898268
         757,3057.71955228889,          0.999412979800295,                  0.00443592090457299
         758,    3057.7186802,          0.999447133223154,                   0.0045825855834814
         759,3057.71780811111,          0.999332005225729,                  0.00413802072557238
         760,3057.71693602222,          0.999513909717225,                  0.00384144296417559
         761,3057.71606393333,          0.999400300735887,                  0.00428356617223481
         762,3057.71519184444,          0.999434421714662,                   0.0041347759763609
         763,3057.71431975556,          0.999468524861226,                  0.00457659147277666
         764,3057.71344766667,          0.999504085391773,                  0.00472299626883295
         765,3057.71257557778,           0.99939059749481,                   0.0048693178380819
         766,3057.71170348889,          0.999573676516362,                  0.00531060394843403
         767,    3057.7108314,          0.999460229535178,                  0.00530921768677385
         768,3057.70995931111,          0.999643195201713,                  0.00501295997593779
         769,3057.70908722222,          0.999531262437023,                  0.00397984723282696
         770,3057.70821513333,          0.999714114772603,                  0.00294727038553244
         771,3057.70734304444,           0.99960222166566,                  0.00191522901719286
         772,3057.70647095556,          0.999784960806898,                  0.00162015830419503
         773,3057.70559886667,          0.999820356283554,                  0.00103074263534387
         774,3057.70472677778,          0.999857205316673,                  0.00117768810991363
         775,3057.70385468889,          0.999892563795765,                 0.000735864412566798
         776,    3057.7029826,          0.999929375205989,                 0.000735674937614765
         777,3057.70211051111,          0.999819070552188,                 0.000735485560211996
         778,3057.70123842222,          0.999855881929065,                 0.000147059256056635
         779,3057.70036633333,           1.00018671720283,                -0.000588085678202457
         780,3057.69949424444,          0.999782464268286,                 -0.00146983602509304
         781,3057.69862215556,          0.999966202464869,                 -0.00235113287868301
         782,3057.69775006667,            1.0001498461873,                 -0.00264434448169379
         783,3057.69687797778,           1.00004112373545,                 -0.00279053919091988
         784,3057.69600588889,           1.00022465409876,                 -0.00220249116433961
         785,    3057.6951338,           1.00026276347911,                 -0.00205513335613553
         786,3057.69426171111,           1.00030085339634,                 -0.00161433529744128
         787,3057.69338962222,           1.00033745616738,                  -0.0013204806549584
         788,3057.69251753333,           1.00022882489615,                -0.000880095754418081
         789,3057.69164544444,           1.00026689426001,                -0.000733225989048537
         790,3057.69077335556,           1.00015980272427,                -0.000733040019586829
         791,3057.68990126667,           1.00034444094304,                -0.000879423684345526
         792,3057.68902917778,           1.00038245176492,                -0.000586132973056933
         793,3057.68815708889,           1.00042190878566,                -0.000585984424533996
         794,     3057.687285,           1.00060633932154,                -0.000292917546639796
         795,3057.68641291111,           1.00035287623415,                 0.000585686695687442
         796,3057.68554082222,           1.00068507989671,                 0.000878307559885937
         797,3057.68466873333,           1.00028391379558,                 0.000585389269229306
         798,3057.68379664444,           1.00046965598065,                -0.000438930823039186
         799,3057.68292455556,            1.0006553041606,                  -0.0017552790015973
         800,3057.68205246667,           1.00054984908397,                 -0.00336343854559068
         801,3057.68118037778,           1.00073538334232,                  -0.0046783830923235
         802,3057.68030828889,            1.0007746612684,                 -0.00496952511802622
         803,    3057.6794362,           1.00052313024774,                 -0.00584503070102376
         804,3057.67856411111,           1.00070853085761,                 -0.00598964230148353
         805,3057.67769202222,           1.00060319532867,                 -0.00569603336999242
         806,3057.67681993333,           1.00064392816624,                 -0.00554858737345935
         807,3057.67594784444,           1.00068317976387,                  -0.0051092503707856
         808,3057.67507575556,            1.0005779300763,                 -0.00539985172299053
         809,3057.67420366667,           1.00061863852834,                 -0.00539849659165188
         810,3057.67333157778,           1.00080519525985,                 -0.00481366731432372
         811,3057.67245948889,           1.00084728584158,                 -0.00437496992208179
         812,    3057.6715874,            1.0007421004212,                 -0.00364489401377187
         813,3057.67071531111,           1.00092848615943,                 -0.00335246180015538
         814,3057.66984322222,           1.00082479154341,                 -0.00276873486303506
         815,3057.66897113333,           1.00071969067869,                 -0.00262235469969668
         816,3057.66809904444,           1.00076174995667,                 -0.00276735165902732
         817,3057.66722695556,           1.00080378828915,                 -0.00305789023047756
         818,3057.66635486667,           1.00070022812005,                 -0.00305712900647675
         819,3057.66548277778,           1.00103334352123,                 -0.00305636816137624
         820,3057.66461068889,           1.00078427264169,                 -0.00247358718158022
         821,    3057.6637386,           1.00082626354316,                 -0.00174562720385434
         822,3057.66286651111,           1.00086823355919,                 -0.00058173102793327
         823,3057.66199442222,           1.00105557930367,                 0.000581586393204745
         824,3057.66112233333,           1.00109892665682,                  0.00130824602002489
         825,3057.66025024444,           1.00085014859435,                  0.00174389455250939
         826,3057.65937815555,           1.00074823655898,                   0.0024699070879069
         827,3057.65850606667,           1.00079017395447,                  0.00261454617288541
         828,3057.65763397778,           1.00054311048377,                  0.00246868401715881
         829,3057.65676188889,           1.00073171156627,                  0.00232289386117225
         830,    3057.6558898,           1.00092021957542,                  0.00203203060818676
         831,3057.65501771111,           1.00096352534188,                  0.00174131085881452
         832,3057.65414562222,           1.00086173629709,                  0.00130566105619275
         833,3057.65327353333,           1.00061495976655,                  0.00101526376552628
         834,3057.65240144444,           1.00065830875551,                   0.0011600154282052
         835,3057.65152935556,            1.0007016363784,                  0.00188456052048662
         836,3057.65065726667,           1.00074639303753,                  0.00246382167728284
         837,3057.64978517778,           1.00064478269374,                  0.00333258470923198
         838,3057.64891308889,           1.00068953129255,                  0.00376634739629507
         839,     3057.648041,           1.00058798483405,                  0.00405506782100931
         840,3057.64716891111,           1.00063272536679,                  0.00376449874975205
         841,3057.64629682222,           1.00067744400954,                  0.00361882483729764
         842,3057.64542473333,            1.0007206925595,                  0.00303906500994208
         843,3057.64455264444,           1.00047600376752,                  0.00245959393550945
         844,3057.64368055556,           1.00052072786183,                  0.00144646628287095
         845,3057.64280846667,           1.00056543009563,                 0.000578445110620397
         846,3057.64193637778,           1.00046698097522,                -0.000144576153320119
         847,3057.64106428889,           1.00051167456341,                -0.000578163348490849
         848,    3057.6401922,            1.0004118407838,                -0.000433516614524252
         849,3057.63932011111,           1.00045652601043,                                    0
         850,3057.63844802222,           1.00050263449806,                 0.000288870401183213
         851,3057.63757593333,           1.00025847591625,                 0.000577599812857661
         852,3057.63670384444,            1.0004489749368,                 0.000721824657241561
         853,3057.63583175556,           1.00049360763677,                 0.000721648591774938
         854,3057.63495966667,           1.00039536756197,                 0.000577178922580105
         855,3057.63408757778,           1.00015291534549,                                    0
         856,3057.63321548889,           1.00005480542631,                -0.000288449612179496
         857,    3057.6323434,           1.00010093290845,                 -0.00100932908453852
         858,3057.63147131111,           1.00029119299753,                 -0.00086492969563124
         859,3057.63059922222,          0.999904880769486,                -0.000576480184934843
         860,3057.62972713333,           1.00009509620566,                 0.000432255480279064
         861,3057.62885504444,          0.999997118994183,                   0.0011524023267003
         862,3057.62798295556,          0.999899189193082,                  0.00216023157682504
         863,3057.62711086667,          0.999802746289974,                   0.0024476737740394
         864,3057.62623877778,          0.999992802700427,                  0.00230313586342404
         865,3057.62536668889,          0.999751033642119,                  0.00230257903242751
         866,    3057.6244946,           1.00008632596685,                  0.00273365561694291
         867,3057.62362251111,          0.999846089006584,                   0.0033083671482019
         868,3057.62275042222,          0.999748337228114,                  0.00402660435017077
         869,3057.62187833333,          0.999795842666582,                  0.00474450141041087
         870,3057.62100624445,          0.999699587039984,                  0.00560579207685972
         871,3057.62013415556,          0.999601941147645,                  0.00589184582907611
         872,3057.61926206667,          0.999649447448725,                  0.00560309405727224
         873,3057.61838997778,          0.999553296342632,                  0.00430903849551357
         874,3057.61751788889,          0.999457191352972,                  0.00215400256757106
         875,    3057.6166458,          0.999648263931261,                 0.000430697227027687
         876,3057.61577371111,           0.99969571358036,                 -0.00114825064014973
         877,3057.61490162222,          0.999743140487803,                 -0.00229595094700802
         878,3057.61402953333,           0.99936159071509,                 -0.00258232969177026
         879,3057.61315744444,          0.999265646603902,                 -0.00272513955583094
         880,3057.61228535556,          0.999599930597279,                 -0.00215091076731591
         881,3057.61141326667,          0.999362048326631,                 -0.00157695919259689
         882,3057.61054117778,          0.999409498475015,                -0.000859953677161924
         883,3057.60966908889,          0.999458358051121,                 0.000143291520867544
         884,     3057.608797,          0.999362505282611,                 0.000573028959451038
         885,3057.60792491111,          0.999554575909002,                 0.000716115901926495
         886,3057.60705282222,          0.999315556904714,                 0.000286377864136614
         887,3057.60618073333,          0.999507547126595,                 0.000429464715179001
         888,3057.60530864444,           0.99955632522792,                                    0
         889,3057.60443655556,          0.999318906358209,                -0.000143086899535826
         890,3057.60356446667,          0.999366276466541,                -0.000429158149069514
         891,3057.60269237778,           0.99927203454189,                -0.000858112524295311
         892,3057.60182028889,          0.999177837354781,                -0.000857908847184987
         893,    3057.6009482,          0.999369586628947,                -0.000714754388949325
         894,3057.60007611111,          0.999418327957274,                 -0.00128625267433369
         895,3057.59920402222,          0.999609929230017,                -0.000714415329638377
         896,3057.59833193333,          0.999374319679789,                -0.000285698776352141
         897,3057.59745984444,          0.999565840812106,                                    0
         898,3057.59658775555,          0.999471707811585,                 0.000571126690178049
         899,3057.59571566667,          0.999234871584044,                  0.00114198271038176
         900,3057.59484357778,          0.999285001733978,                  0.00071357112377462
         901,3057.59397148889,          0.999333682424768,                 0.000713402114809229
         902,    3057.5930994,          0.999524986698201,                 0.000285293274353704
         903,3057.59222731111,           0.99928978690755,                -0.000142613070773163
         904,3057.59135522222,          0.999481011286579,                 0.000142579316873977
         905,3057.59048313333,          0.999388478594613,                 0.000142545782141579
         906,3057.58961104444,          0.999294565302589,                 0.000712560300415423
         907,3057.58873895555,          0.999487077194882,                 0.000997349898840224
         908,3057.58786686667,          0.999252163384495,                  0.00128200562658025
         909,3057.58699477778,          0.999300760049616,                  0.00142411395190198
         910,3057.58612268889,          0.999493134535762,                  0.00156615733331815
         911,    3057.5852506,          0.999400729657903,                  0.00156578949241375
         912,3057.58437851111,          0.999166057100896,                  0.00142311074932473
         913,3057.58350642222,          0.999499183327358,                  0.00128049717436957
         914,3057.58263433333,          0.999264598153387,                  0.00142244070911514
         915,3057.58176224444,          0.999741176537511,                  0.00142210693675322
         916,3057.58089015556,          0.999364467325516,                  0.00184830531729004
         917,3057.58001806667,          0.999272222790798,                  0.00199001580641126
         918,3057.57914597778,          0.999322132171437,                  0.00241588115001627
         919,3057.57827388889,          0.999372018151801,                  0.00298362416565081
         920,    3057.5774018,          0.999279836706169,                  0.00312496892786577
         921,3057.57652971111,          0.999331128376488,                  0.00326625208933625
         922,3057.57565762222,          0.999664932645783,                  0.00326548692669408
         923,3057.57478553333,          0.999714691675384,                   0.0024130554818233
         924,3057.57391344444,          0.999622516199164,                  0.00156102323654043
         925,3057.57304135556,          0.999388505897158,                 0.000567511928391345
         926,3057.57216926667,          0.999439712338385,                 -0.00028368995524791
         927,3057.57129717778,          0.999489477565375,                -0.000992682511770378
         928,3057.57042508889,          0.999539219508737,                  -0.0011342289015702
         929,     3057.569553,          0.999448609404257,                 -0.00127571088989339
         930,3057.56868091111,          0.999781762733578,                -0.000991987574647065
         931,3057.56780882222,          0.999549458925672,                -0.000708397915609973
         932,3057.56693673333,          0.999315847548737,                -0.000566585880963139
         933,3057.56606464444,          0.999650214473757,                -0.000424840720133343
         934,3057.56519255555,          0.999275107884334,                -0.000849482948045623
         935,3057.56432046667,          0.999326233304458,                 -0.00141547625113946
         936,3057.56344837778,          0.999658949876953,                 -0.00169817488654069
         937,3057.56257628889,          0.999426998960109,                 -0.00254667128840345
         938,    3057.5617042,          0.999336604575307,                  -0.0033947740282813
         939,3057.56083211111,          0.999386254938951,                 -0.00395964555515645
         940,3057.55996002222,          0.999437295171201,                 -0.00452425993004363
         941,3057.55908793333,          0.999629662087858,                 -0.00438186079252313
         942,3057.55821584444,          0.999539304660937,                 -0.00395689248275219
         943,3057.55734375555,          0.999306292394224,                 -0.00367340076378479
         944,3057.55647166666,          0.999357303783433,                 -0.00367254980895678
         945,3057.55559957778,          0.999267072342361,                 -0.00451901445943408
         946,3057.55472748889,          0.999176882686723,                 -0.00480034110659157
         947,    3057.5538554,          0.999369042426604,                 -0.00465807604520875
         948,3057.55298331111,          0.999137749766797,                 -0.00479811913729818
         949,3057.55211122222,          0.999187331399483,                 -0.00409156066232491
         950,3057.55123913333,          0.999097243772393,                 -0.00310322453240049
         951,3057.55036704445,          0.999007197815835,                 -0.00239739163789797
         952,3057.54949495555,          0.998776203071336,                 -0.00169188515483569
         953,3057.54862286667,          0.998827230798723,                -0.000986704856843221
         954,3057.54775077778,          0.999019160198197,                -0.000563701035518802
         955,3057.54687868889,          0.998929215509468,                -0.000845356176735798
         956,    3057.5460066,            0.9988393123771,                 -0.00126774133569227
         957,3057.54513451111,          0.998750857289318,                 -0.00126745032650929
         958,3057.54426242222,          0.998801832028396,                 -0.00197113414835037
         959,3057.54339033333,          0.998993546025915,                 -0.00253373028441122
         960,3057.54251824445,          0.998762980611586,                 -0.00281460611698347
         961,3057.54164615556,          0.998673219433747,                 -0.00337674799470413
         962,3057.54077406667,          0.998724165045498,                 -0.00393863051003858
         963,3057.53990197778,          0.998634454224684,                  -0.0045002538424433
         964,3057.53902988889,          0.998546188736759,                 -0.00492102458543883
         965,    3057.5381578,          0.998456560181502,                 -0.00506045842130565
         966,3057.53728571111,          0.998366972941219,                 -0.00477822030968489
         967,3057.53641362222,          0.998417930495724,                 -0.00407460174280552
         968,3057.53554153333,           0.99832839343157,                 -0.00309036508449339
         969,3057.53466944445,          0.998099860544089,                 -0.00224702374682783
         970,3057.53379735556,          0.998291251121498,                 -0.00140406645727356
         971,3057.53292526667,          0.998201804933034,                -0.000561497288669967
         972,3057.53205317778,           0.99797345848116,                -0.000421026631337854
         973,3057.53118108889,          0.998164746291609,                -0.000561239666174647
         974,     3057.530309,          0.997935113175998,                -0.000981943462500982
         975,3057.52943691111,            0.9979874760706,                 -0.00168294683991669
         976,3057.52856482222,          0.998038415645563,                 -0.00266405309037169
         977,3057.52769273333,          0.997949150712891,                 -0.00406525149187721
         978,3057.52682064444,          0.998001474368138,                 -0.00462491906391638
         979,3057.52594855555,            0.9977721419664,                 -0.00504420686852835
         980,3057.52507646667,          0.997682999604961,                 -0.00490296335104937
         981,3057.52420437778,          0.997595295350111,                 -0.00462173869809822
         982,3057.52333228889,          0.997506234413965,                 -0.00420061581027779
         983,    3057.5224602,          0.997698587795236,                 -0.00335972584637094
         984,3057.52158811111,          0.997329631018827,                 -0.00251921601997458
         985,3057.52071602222,          0.997521936667362,                 -0.00209886787067056
         986,3057.51984393333,          0.997432974042961,                 -0.00139892422726923
         987,3057.51897184444,           0.99748530765121,                -0.000699302655392043
         988,3057.51809975555,          0.997256565645266,                -0.000419485375341531
         989,3057.51722766667,          0.997167724925419,                -0.000139796400522279
         990,3057.51635557778,          0.996940553942828,                                    0
         991,3057.51548348889,          0.996991558758225,                 0.000279465048005109
         992,    3057.5146114,          0.996904232372565,                  0.00111760564167328
         993,3057.51373931111,          0.996675884801251,                   0.0019553618816168
         994,3057.51286722222,          0.996867943972084,                  0.00251346448963405
         995,3057.51199513333,          0.996779313897533,                  0.00265249397255646
         996,3057.51112304445,          0.996692115510768,                  0.00293103688919285
         997,3057.51025095555,          0.996603566116037,                  0.00320944861672765
         998,3057.50937886667,          0.996376937961515,                  0.00320871878649046
         999,3057.50850677778,          0.996567456249364,                  0.00348694001486831
        1000,3057.50763468889,          0.996480385540018,                  0.00348614744451448
        1001,    3057.5067626,          0.996670793321511,                  0.00376417840532673
        1002,3057.50589051111,          0.996304974137607,                  0.00404208789171665
        1003,3057.50501842222,          0.996216634267678,                  0.00418051462134989
        1004,3057.50414633333,          0.996269041402774,                  0.00404024642716829
        1005,3057.50327424444,          0.996182137529407,                  0.00362146750220422
        1006,3057.50240215556,          0.996372396794341,                  0.00334212963285313
        1007,3057.50153006667,          0.996424732829529,                  0.00236680459104401
        1008,3057.50065797778,          0.996058082045343,                 0.000974344127210369
        1009,3057.49978588889,          0.996388786451339,                 0.000695802225175516
        1010,    3057.4989138,          0.995883181984504,                 0.000417386077948241
        1011,3057.49804171111,          0.995935581328712,                 0.000278194296460534
        1012,3057.49716962222,          0.995847506417869,                -0.000556261698878855
        1013,3057.49629753333,          0.995899890024178,                -0.000973237362860428
        1014,3057.49542544444,          0.995950865497287,                -0.000973015500136917
        1015,3057.49455335555,          0.996142172612761,                -0.000972795090442149
        1016,3057.49368126667,           0.99563731347431,                -0.000972573429293912
        1017,3057.49280917778,                          1,                                    0
        1018,3057.49193708889,                          1,                                    0
        1019,     3057.491065,                          1,                                    0
        1020,3057.49019291111,                          1,                                    0
        1021,3057.48932082222,                          1,                                    0
        1022,3057.48844873333,                          1,                                    0
        1023,3057.48757664445,                          1,                                    0
