"SCAN INDEX",      WAVENUMBER,"SCIENCE DIRECT ABSORPTION","SCIENCE HARMONIC ABSORPTION SPECTRA"
           0, 3058.4135858421,                          1,                                    0
           1,3058.41269123684,                          1,                                    0
           2,3058.41179663158,                          1,                                    0
           3,3058.41090202631,                          1,                                    0
           4,3058.41000742105,                          1,                                    0
           5,3058.40911281578,                          1,                                    0
           6,3058.40821821052,                          1,                                    0
           7,3058.40732360526,                          1,                                    0
           8,     3058.406429,                          1,                                    0
           9,3058.40553439473,                          1,                                    0
          10,3058.40463978946,                          1,                                    0
          11, 3058.4037451842,                          1,                                    0
          12,3058.40285057895,                          1,                                    0
          13,3058.40195597368,                          1,                                    0
          14,3058.40106136841,                          1,                                    0
          15,3058.40016676315,                          1,                                    0
          16,3058.39927215789,                          1,                                    0
          17,3058.39837755263,                          1,                                    0
          18,3058.39748294736,                          1,                                    0
          19, 3058.3965883421,                          1,                                    0
          20,3058.39569373683,                          1,                                    0
          21,3058.39479913157,                          1,                                    0
          22,3058.39390452631,                          1,                                    0
          23,3058.39300992105,                          1,                                    0
          24,3058.39211531579,                          1,                                    0
          25,3058.39122071052,                          1,                                    0
          26,3058.39032610526,                          1,                                    0
          27,3058.38943149999,                          1,                                    0
          28,3058.38853689474,                          1,                                    0
          29,3058.38764228947,                          1,                                    0
          30,3058.38674768421,                          1,                                    0
          31,3058.38585307894,                          1,                                    0
          32,3058.38495847368,                          1,                                    0
          33,3058.38406386842,                          1,                                    0
          34,3058.38316926315,                          1,                                    0
          35,3058.38227465789,                          1,                                    0
          36,3058.38138005263,                          1,                                    0
          37,3058.38048544736,                          1,                                    0
          38, 3058.3795908421,                          1,                                    0
          39,3058.37869623684,                          1,                                    0
          40,3058.37780163157,                          1,                                    0
          41,3058.37690702632,                          1,                                    0
          42,3058.37601242105,                          1,                                    0
          43,3058.37511781578,                          1,                                    0
          44,3058.37422321052,                          1,                                    0
          45,3058.37332860526,                          1,                                    0
          46,     3058.372434,                          1,                                    0
          47,3058.37153939473,                          1,                                    0
          48,3058.37064478947,                          1,                                    0
          49, 3058.3697501842,                          1,                                    0
          50,3058.36885557895,                          1,                                    0
          51,3058.36796097368,                          1,                                    0
          52,3058.36706636842,                          1,                                    0
          53,3058.36617176315,                          1,                                    0
          54,3058.36527715789,                          1,                                    0
          55,3058.36438255263,                          1,                                    0
          56,3058.36348794736,                          1,                                    0
          57,3058.36259334211,                          1,                                    0
          58,3058.36169873684,                          1,                                    0
          59,3058.36080413157,                          1,                                    0
          60,3058.35990952631,                          1,                                    0
          61,3058.35901492105,                          1,                                    0
          62,3058.35812031579,                          1,                                    0
          63,3058.35722571053,                          1,                                    0
          64,3058.35633110526,                          1,                                    0
          65,3058.35543649999,                          1,                                    0
          66,3058.35454189473,                          1,                                    0
          67,3058.35364728947,                          1,                                    0
          68,3058.35275268421,                          1,                                    0
          69,3058.35185807894,                          1,                                    0
          70,3058.35096347368,                          1,                                    0
          71,3058.35006886841,                          1,                                    0
          72,3058.34917426315,                          1,                                    0
          73,3058.34827965789,                          1,                                    0
          74,3058.34738505263,                          1,                                    0
          75,3058.34649044737,                          1,                                    0
          76, 3058.3455958421,                          1,                                    0
          77,3058.34470123683,                          1,                                    0
          78,3058.34380663157,                          1,                                    0
          79,3058.34291202632,                          1,                                    0
          80,3058.34201742105,                          1,                                    0
          81,3058.34112281579,                          1,                                    0
          82,3058.34022821052,                          1,                                    0
          83,3058.33933360526,                          1,                                    0
          84,     3058.338439,                          1,                                    0
          85,3058.33754439473,                          1,                                    0
          86,3058.33664978947,          0.997676482103403,                  0.00177067409562821
          87,3058.33575518421,          0.997331665870296,                  0.00117980875300114
          88,3058.33486057894,          0.996790695572025,                  0.00137569693789514
          89,3058.33396597368,          0.995857468636382,                  0.00157137273157615
          90,3058.33307136841,          0.994925253001168,                  0.00196315164364871
          91,3058.33217676316,          0.994582673581067,                  0.00196208852551009
          92,3058.33128215789,          0.993848259686981,                  0.00196102655818268
          93,3058.33038755263,          0.993114640356087,                  0.00195996573979887
          94,3058.32949294736,          0.993165376727021,                  0.00195890606849511
          95, 3058.3285983421,          0.993216058265543,                  0.00137049327968831
          96,3058.32770373684,          0.993462364076464,                 0.000391358031938729
          97,3058.32680913158,          0.993510887549431,                -0.000195573009360124
          98,3058.32591452631,          0.993561300562556,                -0.000781869998475354
          99,3058.32501992105,          0.994002383417665,                -0.000781448414636529
         100,3058.32412531578,          0.994247734044589,                -0.000585770463891156
         101,3058.32323071052,          0.993712213761314,                 0.000780606609396162
         102,3058.32233610526,          0.994347549629607,                  0.00195046596631935
         103,3058.32144149999,          0.994397376865104,                   0.0031190664634075
         104,3058.32054689473,          0.994447150511447,                  0.00428641013151486
         105,3058.31965228947,           0.99449687065504,                  0.00467357056896827
         106,3058.31875768421,          0.994546537382104,                  0.00525494256542403
         107,3058.31786307894,          0.994596150778676,                  0.00466855224304483
         108,3058.31696847369,          0.994451292300633,                  0.00388837259941597
         109,3058.31607386842,          0.994695217923557,                  0.00291471542661718
         110,3058.31517926315,          0.994938882048374,                  0.00155368164286297
         111,3058.31428465789,           0.99479214182145,                 0.000194105783770039
         112,3058.31339005263,            0.9950354926386,                                    0
         113,3058.31249544737,          0.994890786935151,                 -0.00077559211610614
         114, 3058.3116008421,           0.99494003034819,                 -0.00116276591002905
         115,3058.31070623684,          0.994989221111514,                 -0.00174321646681013
         116,3058.30981163157,          0.995038359309513,                 -0.00232304675325178
         117,3058.30891702631,          0.995280928877271,                 -0.00309574161392619
         118,3058.30802242105,          0.995136478346209,                 -0.00270732815717974
         119,3058.30712781578,          0.995378736777408,                 -0.00251260652002064
         120,3058.30623321052,          0.995234388129821,                 -0.00154539501262395
         121,3058.30533860526,          0.995283264760794,                -0.000193071438362909
         122,3058.30444399999,          0.995718026548621,                 0.000771874439184978
         123,3058.30354939473,          0.995187996026963,                   0.0015429271256232
         124,3058.30265478946,          0.995429582609668,                  0.00231315937089776
         125,3058.30176018421,           0.99567091226806,                  0.00211926858261391
         126,3058.30086557895,          0.995719427023259,                  0.00288837582776037
         127,3058.29997097368,           0.99557543413286,                  0.00250192937245838
         128,3058.29907636841,          0.995623948064439,                   0.0025006011060351
         129,3058.29818176314,          0.995672410511563,                  0.00230702238388468
         130,3058.29728715789,          0.995912971463817,                  0.00172934916904772
         131,3058.29639255263,          0.995963142065903,                  0.00153638741545068
         132,3058.29549794736,          0.995819401203122,                 0.000959733424444027
         133, 3058.2946033421,          0.995867657610301,                  0.00019184505058954
         134,3058.29370873684,          0.995915862941729,                -0.000383487047724963
         135,3058.29281413159,          0.996155659382989,                -0.000766568418147741
         136,3058.29191952631,          0.996203661493788,                -0.000191540792442567
         137,3058.29102492105,          0.996443052465933,                 0.000191439587409401
         138,3058.29013031578,          0.996301419925646,                 0.000956694276863497
         139,3058.28923571053,          0.996349269184504,                  0.00152990290853667
         140,3058.28834110526,          0.996205930980437,                  0.00248478071810163
         141,    3058.2874465,          0.996253780128797,                  0.00286554299174151
         142,3058.28655189474,          0.996492514372672,                  0.00343683948241197
         143,3058.28565728946,          0.996351228597818,                  0.00324420051449203
         144,3058.28476268421,           0.99639892578125,                  0.00324249267578125
         145,3058.28386807894,          0.996446572772817,                  0.00324078663423338
         146,3058.28297347368,          0.996496068318094,                  0.00304855393749321
         147,3058.28207886841,          0.996543614255925,                  0.00323738609637889
         148,3058.28118426315,          0.996781444676441,                  0.00304535098621788
         149,3058.28028965789,          0.997020922030339,                  0.00247305323151963
         150,3058.27939505263,          0.996497712675542,                  0.00190135033901077
         151,3058.27850044736,          0.996545158090373,                 0.000760141234241322
         152, 3058.2776058421,          0.996784382698345,                -0.000189936048532459
         153,3058.27671123685,          0.996831628284884,                -0.000949182658812497
         154,3058.27581663158,          0.996880715841562,                 -0.00094868739611873
         155,3058.27492202631,          0.996927861639991,                 -0.00113782902222559
         156,3058.27402742104,          0.996976847771491,                -0.000947696623356931
         157,3058.27313281578,          0.996646901699282,                 -0.00113664349176881
         158,3058.27223821053,          0.997262120701473,                -0.000757366334309074
         159,3058.27134360526,           0.99674312716565,                -0.000189243046737355
         160,     3058.270449,           0.99697936625326,                 0.000756577018594772
         161,3058.26955439473,           0.99702819808988,                  0.00113427553821374
         162,3058.26865978947,          0.997265926873464,                   0.0017005292424898
         163, 3058.2677651842,          0.997125709602245,                  0.00226619479455056
         164,3058.26687057895,          0.996983756073069,                  0.00283126776620523
         165,3058.26597597368,          0.997032484205006,                  0.00358441195835291
         166,3058.26508136842,          0.996892606364123,                   0.0043367750986145
         167,3058.26418676315,          0.996941331227633,                  0.00546527383848797
         168,3058.26329215789,          0.996990005613131,                  0.00602752317771022
         169,3058.26239755263,           0.99703862959902,                  0.00583614001464683
         170,3058.26150294736,          0.996899038099682,                  0.00526862458791829
         171, 3058.2606083421,          0.996947658837402,                  0.00432556048920209
         172,3058.25971373684,          0.996808258677664,                  0.00300753010349663
         173,3058.25881913157,          0.997232623108818,                  0.00225448219240878
         174,3058.25792452631,          0.997280996267003,                  0.00168998850807815
         175,3058.25702992105,          0.997141639906686,                  0.00150143668723009
         176,3058.25613531579,          0.997191880652114,                  0.00187583122771278
         177,3058.25524071052,          0.997052713678258,                  0.00243732329406118
         178,3058.25434610526,          0.997101079927368,                  0.00318562645344207
         179,    3058.2534515,          0.996963970325198,                  0.00374587251672064
         180,3058.25255689473,          0.997199529760612,                  0.00467993021288067
         181,3058.25166228948,          0.997249611764926,                  0.00486463225251183
         182,3058.25076768421,          0.997297777445324,                  0.00486213054820522
         183,3058.24987307894,          0.997160848493231,                  0.00485964049874864
         184,3058.24897847368,          0.997022197147736,                  0.00504395715251806
         185,3058.24808386841,           0.99707226720043,                  0.00560152959101365
         186,3058.24718926316,          0.997122286047006,                  0.00559866527819768
         187,3058.24629465789,          0.996983867327468,                  0.00540926700701526
         188,3058.24540005263,          0.997406742469579,                  0.00484721033723534
         189,3058.24450544736,          0.997270177857695,                  0.00372671964819767
         190, 3058.2436108421,          0.997506234413965,                  0.00297985432237181
         191,3058.24271623684,          0.997183612459118,                  0.00186145904883166
         192,3058.24182163157,          0.997419472470962,                  0.00167445910319691
         193,3058.24092702632,          0.997469135917257,                  0.00130169350324773
         194,3058.24003242105,          0.997518748780284,                  0.00130103060209838
         195,3058.23913781578,          0.997382544226457,                  0.00130036837578417
         196,3058.23824321052,           0.99761782306534,                  0.00167105162992519
         197,3058.23734860526,          0.997483557759401,                  0.00259809670858263
         198,     3058.236454,          0.997347578506112,                  0.00333871236992933
         199,3058.23555939473,          0.997769756564202,                  0.00407858317436129
         200,3058.23466478947,           0.99763376982899,                  0.00481769651106125
         201, 3058.2337701842,          0.997499768497083,                  0.00537086767293268
         202,3058.23287557894,          0.997549164790902,                  0.00592346878331951
         203,3058.23198097368,          0.997600356708733,                  0.00684555140916601
         204,3058.23108636842,          0.997651496939549,                  0.00702701703127023
         205,3058.23019176316,          0.997885569380679,                  0.00702345835089198
         206,3058.22929715789,          0.998305983370188,                  0.00701991624131516
         207,3058.22840255262,          0.997987407448439,                  0.00701637770269023
         208,3058.22750794737,          0.998038249520635,                  0.00682829423673512
         209, 3058.2266133421,          0.997904584827423,                  0.00682485575575132
         210,3058.22571873684,            0.9977728942051,                  0.00719015943717644
         211,3058.22482413158,          0.998008037871235,                  0.00700227205301088
         212,3058.22392952631,          0.998058767409394,                  0.00718292894057323
         213,3058.22303492105,          0.998109445959056,                  0.00791565956773135
         214,3058.22214031578,          0.998161910141509,                   0.0079116980896009
         215,3058.22124571053,          0.998212486115504,                  0.00809162663763489
         216,3058.22035110526,          0.998264846225673,                  0.00753615516392057
         217,    3058.2194565,          0.998133437194571,                   0.0069812388392037
         218,3058.21856189473,          0.998367576282297,                  0.00624324031517346
         219,3058.21766728947,          0.998603313505646,                  0.00495539229271319
         220,3058.21677268421,          0.998471932537564,                  0.00403571238578475
         221,3058.21587807895,          0.998707382587252,                  0.00275024981435814
         222,3058.21498347368,          0.998759339316115,                  0.00201584453806922
         223,3058.21408886842,          0.998811244273733,                  0.00128217104528079
         224,3058.21319426315,          0.999231079052396,                 0.000549229248288235
         225,3058.21229965789,          0.998916727051814,                 0.000731941181206678
         226,3058.21140505263,          0.998968476344456,                 0.000182894265167421
         227,3058.21051044737,          0.999022000420448,                                    0
         228, 3058.2096158421,          0.998890933242221,                 0.000548138430533503
         229,3058.20872123684,          0.999127065002612,                    0.001826223843909
         230,3058.20782663157,          0.999180431104191,                  0.00310304481709376
         231,3058.20693202631,          0.999233744435525,                  0.00419616142450558
         232,3058.20603742105,          0.999469356718108,                  0.00474114272480766
         233,3058.20514281579,          0.999522474674754,                  0.00455653936303225
         234,3058.20424821052,          0.999575540184321,                  0.00382560348895038
         235,3058.20335360526,          0.999446471620746,                  0.00218498044442502
         236,3058.20245899999,          0.999681514172619,                 0.000727967605441558
         237,3058.20156439474,          0.999372436311381,                 -0.00109141511064221
         238,3058.20066978947,           0.99978909704445,                 -0.00254538049802188
         239,3058.19977518421,           1.00020716500147,                  -0.0034527500245327
         240,3058.19888057894,          0.999896468485552,                 -0.00381431895335088
         241,3058.19798597367,          0.999587892387265,                 -0.00417553968850474
         242,3058.19709136842,           0.99982398742871,                 -0.00381058144029091
         243,3058.19619676315,           1.00005985124246,                 -0.00253914361940414
         244, 3058.1953021579,           1.00011420553734,                 -0.00108767178416241
         245,3058.19440755263,           1.00016850665058,                 0.000362379893713977
         246,3058.19351294737,          0.999862362724928,                 0.000905508388629712
         247, 3058.1926183421,           1.00027876027702,                   0.0018101316689776
         248,3058.19172373684,            1.0001537863094,                  0.00180925069882308
         249,3058.19082913158,           1.00038879897285,                  0.00144669385245531
         250,3058.18993452632,           1.00044464206314,                 0.000903744030770677
         251,3058.18903992105,            1.0005004308764,                -0.000180660966210979
         252,3058.18814531578,           1.00055616549174,                 -0.00162515890442621
         253,3058.18725071052,           1.00043136044587,                 -0.00288776867529027
         254,3058.18635610526,           1.00048707448632,                 -0.00396875507369257
         255,    3058.1854615,           1.00036242402168,                 -0.00468807192223571
         256,3058.18456689474,           1.00059834050621,                 -0.00468579914502188
         257,3058.18367228947,             1.000655695181,                 -0.00522394512335716
         258,3058.18277768421,           1.00071119273323,                 -0.00504136621024298
         259,3058.18188307895,           1.00058847559626,                 -0.00395916303293484
         260,3058.18098847368,           1.00064575197728,                  -0.0030578784439356
         261,3058.18009386842,           1.00070297316297,                 -0.00233725092546147
         262,3058.17919926316,           1.00058043728672,                 -0.00143761557081425
         263,3058.17830465789,           1.00081725026718,                 -0.00089807721667909
         264,3058.17741005263,           1.00069477732118,                                    0
         265,3058.17651544736,           1.00093310364628,                 0.000179443008900373
         266,3058.17562084211,           1.00063133577737,                 0.000179356754934104
         267,3058.17472623684,           1.00086946389036,                -0.000358541810456872
         268,3058.17383163158,           1.00092817901312,                -0.000537555413003824
         269,3058.17293702631,            1.0011659374334,                -0.000537298356404328
         270,3058.17204242104,           1.00104544087531,                -0.000537041545533963
         271,3058.17114781579,           1.00092505944894,                -0.000357856653360363
         272,3058.17025321052,           1.00098363587588,                                    0
         273,3058.16935860526,           1.00086339885988,                -0.000178757527926395
         274,3058.16846399999,           1.00128108232696,                -0.000357345140016759
         275,3058.16756939474,           1.00116260588018,                -0.000357175385615476
         276,3058.16667478947,           1.00086395247547,                -0.000892512887886101
         277,3058.16578018421,           1.00092420452396,                 -0.00178417861768977
         278,3058.16488557895,           1.00098439940936,                 -0.00213999871600077
         279,3058.16399097368,           1.00104632156474,                 -0.00213898786659133
         280,3058.16309636841,           1.00110640162914,                 -0.00231613867613077
         281,3058.16220176315,           1.00134450489275,                 -0.00195888130069718
         282,3058.16130715789,           1.00105017710614,                 -0.00177996119684591
         283,3058.16041255263,           1.00146777565272,                  -0.0014232976026331
         284,3058.15951794737,           1.00134971485273,                -0.000889140219190847
         285, 3058.1586233421,            1.0008780567573,                -0.000355488565710284
         286,3058.15772873684,           1.00129514577941,                 0.000532981802224666
         287,3058.15683413158,           1.00135846644233,                 0.000710309250890106
         288,3058.15593952632,           1.00141995030174,                  0.00017749378771743
         289,3058.15504492105,           1.00148315308411,                -0.000354821311987283
         290,3058.15415031579,           1.00118986610017,                 -0.00106396372593004
         291,3058.15325571052,           1.00125311728433,                 -0.00141795449429539
         292,3058.15236110525,           1.00131630930257,                  -0.0026574212030323
         293,    3058.1514665,           1.00137944223785,                 -0.00389572904142045
         294,3058.15057189473,             1.001442516173,                 -0.00513287963397258
         295,3058.14967728948,           1.00133038949275,                 -0.00583814538043478
         296,3058.14878268421,           1.00139342754884,                 -0.00601225084525174
         297,3058.14788807894,           1.00145817683708,                 -0.00618620476337767
         298,3058.14699347368,           1.00134619937177,                  -0.0049466643582233
         299,3058.14609886842,           1.00123432591502,                 -0.00406144435556356
         300,3058.14520426316,           1.00129905888832,                 -0.00264753849520972
         301,3058.14430965789,           1.00154015246274,                 -0.00141136537250343
         302,3058.14341505263,           1.00143011061756,                -0.000176339163693882
         303,3058.14252044736,           1.00131840550487,                   0.0015863167839366
         304, 3058.1416258421,           1.00120856779431,                  0.00211411275972756
         305,3058.14073123684,           1.00145102099754,                  0.00264142171882594
         306,3058.13983663157,           1.00151723700932,                  0.00211216289000208
         307,3058.13894202631,           1.00140745953554,                 0.000879662209711471
         308,3058.13804742105,           1.00129778321745,                 -0.00017585138447795
         309,3058.13715281578,           1.00154150913217,                 -0.00140616568498725
         310,3058.13625821052,           1.00160756168908,                  -0.0014055184166835
         311,3058.13536360526,           1.00149970322032,                 -0.00122926493469091
         312,     3058.134469,           1.00121641475355,                -0.000351057648931819
         313,3058.13357439473,           1.00128428262639,                 0.000701793784914241
         314,3058.13267978947,           1.00135384442714,                  0.00140294759289267
         315,3058.13178518421,           1.00142158744516,                  0.00192817039417061
         316,3058.13089057894,           1.00131581483279,                  0.00262812549824879
         317,3058.12999597369,           1.00138351342358,                  0.00175128281466174
         318,3058.12910136842,           1.00145290318063,                  0.00105029145587901
         319,3058.12820676315,            1.0013472608612,                 0.000524906829037846
         320,3058.12731215789,           1.00159324506068,                -0.000174889688329086
         321,3058.12641755262,           1.00131282460069,                 0.000349620399651079
         322,3058.12552294737,           1.00155860131258,                 0.000698924355417013
         323, 3058.1246283421,           1.00145310251359,                 0.000873258722108116
         324,3058.12373373684,           1.00152402034122,                  0.00104743666063227
         325,3058.12283913157,           1.00159487406777,                 0.000348987760999222
         326,3058.12194452632,           1.00131683366908,                                    0
         327,3058.12104992105,           1.00156379935251,                -0.000871683028157105
         328,3058.12015531578,           1.00146028139169,                 -0.00121980545845517
         329,3058.11926071053,           1.00153278060336,                  -0.0013934369121438
         330,3058.11836610526,           1.00177931606016,                  -0.0012187096302435
         331,    3058.1174715,            1.0013295373071,                -0.000522069623204951
         332,3058.11657689473,           1.00157594269552,                 0.000347890219762252
         333,3058.11568228947,           1.00147613409348,                  0.00121707169073861
         334,3058.11478768421,           1.00154846378837,                  0.00191168368934097
         335,3058.11389307894,           1.00162246858421,                  0.00208454207821897
         336,3058.11299847368,           1.00152277300959,                 0.000868171613219128
         337,3058.11210386842,           1.00159672324621,                -0.000347113749175605
         338,3058.11120926315,           1.00184408703813,                 -0.00225523344268324
         339,3058.11031465789,           1.00174616303649,                  -0.0036414522111418
         340,3058.10942005263,           1.00181991507063,                 -0.00433313112054771
         341,3058.10852544737,           1.00172208882098,                 -0.00433120930828855
         342, 3058.1076308421,           1.00162434930783,                 -0.00467563233598055
         343,3058.10673623684,           1.00187288607937,                  -0.0036349914664248
         344,3058.10584163158,           1.00212293653856,                 -0.00224924001640215
         345,3058.10494702631,           1.00185220734346,                -0.000864709310671032
         346,3058.10405242105,           1.00192918040948,                 0.000864328140449866
         347,3058.10315781579,           1.00200608564482,                  0.00190068407347699
         348,3058.10226321053,            1.0020829231391,                   0.0027634137832171
         349,3058.10136860526,           1.00181441832442,                  0.00379802123093868
         350,     3058.100474,           1.00206383389933,                  0.00414147270769486
         351,3058.09957939473,           1.00196978739405,                  0.00465711555511093
         352,3058.09868478947,           1.00187582325883,                  0.00482748632786908
         353,3058.09779018421,           1.00195427614232,                  0.00499770794773432
         354,3058.09689557895,           1.00186040101978,                  0.00516778061048715
         355,3058.09600097368,           1.00193879202581,                  0.00482115246205925
         356,3058.09510636842,           1.00201711449362,                  0.00344217490379121
         357,3058.09421176315,           1.00209709245614,                  0.00172033835614789
         358,3058.09331715789,           1.00217700082884,                 0.000171958991219774
         359,3058.09242255263,            1.0022568397025,                 -0.00137507369535586
         360,3058.09152794737,           1.00233660916775,                 -0.00309257095732252
         361, 3058.0906333421,           1.00241803081615,                  -0.0041216434366263
         362,3058.08973873684,           1.00249766112489,                  -0.0048064956355303
         363,3058.08884413158,           1.00240735624926,                 -0.00514758998416258
         364,3058.08794952631,           1.00248864160645,                 -0.00514536514083722
         365,3058.08705492105,           1.00239841865521,                 -0.00480026607189084
         366,3058.08616031579,           1.00248135556043,                 -0.00462683702566352
         367,3058.08526571052,           1.00239121348946,                 -0.00445354947893471
         368,3058.08437110526,           1.00264529881604,                 -0.00445163554802202
         369,    3058.0834765,           1.00238573624094,                 -0.00479200966616807
         370,3058.08258189473,           1.00263960571852,                 -0.00376353375291032
         371,3058.08168728947,           1.00255126468858,                 -0.00273594068480595
         372,3058.08079268421,           1.00263563612497,                 -0.00170923224705927
         373,3058.07989807895,           1.00254737241355,                 -0.00119594948992754
         374,3058.07900347368,           1.00263167332412,                 -0.00102466190426584
         375,3058.07810886842,           1.00254519817893,                  -0.0011949287225017
         376,3058.07721426315,           1.00280005937969,                 -0.00204757541476199
         377,3058.07631965789,           1.00288585521603,                 -0.00238782346480007
         378,3058.07542505263,             1.002801091795,                 -0.00340972829580075
         379,3058.07453044737,           1.00271469154253,                 -0.00391951697917714
         380, 3058.0736358421,           1.00297075577117,                 -0.00442887901665258
         381,3058.07274123684,            1.0028877719205,                 -0.00442700884039612
         382,3058.07184663158,           1.00297334878726,                 -0.00374434306351938
         383,3058.07095202631,           1.00289043400743,                 -0.00272200965973178
         384,3058.07005742105,           1.00297764301954,                 -0.00221070012873077
         385,3058.06916281579,           1.00255483199812,                 -0.00203978602644583
         386,3058.06826821053,           1.00298193001385,                 -0.00186901596309543
         387,3058.06737360526,           1.00289915131464,                 -0.00203806770800604
         388,     3058.066479,           1.00298791253565,                 -0.00220698085019693
         389,3058.06558439474,           1.00273720614913,                 -0.00203635919339812
         390,3058.06468978947,           1.00299558634447,                 -0.00152662950737362
         391,3058.06379518421,           1.00291464119733,                  -0.0020346535408906
         392,3058.06290057895,           1.00300324730352,                  -0.0022032852678178
         393,3058.06200597368,            1.0027546529239,                 -0.00203295418737739
         394,3058.06111136842,           1.00284495021337,                 -0.00186276502065976
         395,3058.06021676316,           1.00276590054269,                 -0.00186198934942092
         396,3058.05932215789,           1.00268691667851,                 -0.00135361041738577
         397,3058.05842755263,           1.00260969426155,                                    0
         398,3058.05753294737,           1.00269990177565,                  0.00135248680057413
         399, 3058.0566383421,           1.00262273805742,                  0.00253486281322455
         400,3058.05574373684,           1.00288348004115,                   0.0037162601584816
         401,3058.05484913157,           1.00263914615264,                  0.00489668831903444
         402,3058.05395452632,           1.00273088465135,                  0.00489466346656945
         403,3058.05305992105,           1.00299295121186,                   0.0043865124863765
         404,3058.05216531578,           1.00291751690642,                  0.00354149451068351
         405,3058.05127071052,           1.00284214465606,                  0.00252859844845199
         406,3058.05037610526,           1.00276683438424,                  0.00168503921086244
         407,    3058.0494815,           1.00269158601453,                  0.00117904268471388
         408,3058.04858689474,           1.00278645329113,                 0.000673463031088737
         409,3058.04769228947,           1.00271294607094,                 0.000673187610655213
         410,3058.04679768421,           1.00280772705327,                                    0
         411,3058.04590307895,           1.00273595740853,                                    0
         412,3058.04500847368,           1.00283065172226,                -0.000336181914757714
         413,3058.04411386842,           1.00309497646003,                -0.000672090436489134
         414,3058.04321926316,           1.00319113201209,                 -0.00100772589855559
         415,3058.04232465789,            1.0027835511935,                 -0.00167886079222083
         416,3058.04143005263,           1.00321707449281,                 -0.00251727268608099
         417,3058.04053544737,           1.00280981337807,                 -0.00335500104843783
         418, 3058.0396408421,           1.00290761042715,                 -0.00402437429363847
         419,3058.03874623684,           1.00317294299262,                 -0.00486082127765849
         420,3058.03785163158,           1.00310296758974,                  -0.0048588585368469
         421,3058.03695702631,           1.00303472854923,                 -0.00485690551476499
         422,3058.03606242105,           1.00313395655318,                 -0.00485495406208984
         423,3058.03516781579,           1.00306575988005,                  -0.0046856592053122
         424,3058.03427321052,            1.0029976179643,                 -0.00418194470465434
         425,3058.03337860526,           1.00309674139868,                 -0.00418026646690567
         426,     3058.032484,           1.00286317436281,                 -0.00367716497266362
         427,3058.03158939473,           1.00296227237869,                 -0.00317445996588291
         428,3058.03069478947,           1.00306296616708,                 -0.00267216241403152
         429,3058.02980018421,           1.00283136673545,                  -0.0020033255203638
         430,3058.02890557895,           1.00343266421135,                 -0.00133501768064041
         431,3058.02801097368,           1.00303429132867,                 -0.00116767670701824
         432,3058.02711636842,           1.00313479623824,                 -0.00116721136530381
         433,3058.02622176315,           1.00323856543052,                -0.000833393059835955
         434,3058.02532715789,           1.00300735594265,                -0.000333225035196894
         435,3058.02443255263,           1.00327596917558,                 0.000166546475626756
         436,3058.02353794737,            1.0033795594919,                 0.000832403815739091
         437,3058.02264334211,           1.00298382278789,                  0.00166415102503382
         438,3058.02174873684,           1.00325379609544,                  0.00249524240448212
         439,3058.02085413158,            1.0028600884632,                  0.00315940004655958
         440,3058.01995952631,           1.00296367955028,                  0.00332437414501252
         441,3058.01906492105,           1.00306885568403,                  0.00348922411286477
         442,3058.01817031579,           1.00284177256186,                  0.00298959123983331
         443,3058.01727571052,           1.00294691404142,                   0.0019922799153281
         444,3058.01638110526,           1.00321959638874,                  0.00116171003717472
         445,    3058.0154865,           1.00282849061455,                                    0
         446,3058.01459189473,            1.0027693481253,                -0.000994975374359485
         447,3058.01369728947,           1.00304178097519,                -0.000994587784804356
         448,3058.01280268421,           1.00281690140845,                -0.000828500414250207
         449,3058.01190807895,           1.00275949341929,                -0.000662543438004154
         450,3058.01101347368,           1.00286770160008,                -0.000993430115502808
         451,3058.01011886842,           1.00297582596549,                -0.000827537810202548
         452,3058.00922426315,           1.00308386661284,                 -0.00132354790250746
         453,3058.00832965789,           1.00269734350529,                 -0.00115765815677668
         454,3058.00743505263,           1.00297072423182,                -0.000661263045480019
         455,3058.00654044737,             1.002915047196,                -0.000165252108616906
         456,3058.00564584211,           1.00285941301917,                 0.000165188504862324
         457,3058.00475123684,            1.0029706027566,                 0.000165125222712644
         458,3058.00385663157,           1.00291498991473,                -0.000330123433151655
         459,3058.00296202632,           1.00286107453644,                -0.000824992657565348
         460,3058.00206742105,            1.0029721358144,                 -0.00115454776364098
         461,3058.00117281579,           1.00275502078219,                 -0.00131898062582333
         462,3058.00027821052,           1.00286603786334,                 -0.00214252399214847
         463,3057.99938360526,           1.00281387563592,                 -0.00164746817091494
         464,     3057.998489,            1.0029264372397,                 -0.00164684144045927
         465,3057.99759439474,           1.00254504867858,                 -0.00181083670533077
         466,3057.99669978947,           1.00298674477731,                 -0.00164558940898656
         467,3057.99580518421,           1.00277176907956,                 -0.00180946349407401
         468,3057.99491057895,           1.00272139045787,                  -0.0016443446875334
         469,3057.99401597368,           1.00267104992809,                  -0.0011506061228683
         470,3057.99312136842,            1.0027850576318,                -0.000985861108600817
         471,3057.99222676316,           1.00273637806036,                 0.000328496765949339
         472,3057.99133215789,           1.00285027517634,                 0.000820931790419398
         473,3057.99043755263,           1.00263748311568,                  0.00196949579266461
         474,3057.98954294737,           1.00275462207209,                  0.00262501209966515
         475, 3057.9886483421,           1.00270602706027,                   0.0031160311603116
         476,3057.98775373684,           1.00233123161819,                  0.00360668745430163
         477,3057.98685913158,           1.00261058952126,                  0.00426084918724302
         478,3057.98596452632,           1.00272756313121,                  0.00475071055886376
         479,3057.98506992105,           1.00251857819874,                  0.00474894458800449
         480,3057.98417531579,           1.00247180343433,                  0.00474717215865377
         481,3057.98328071052,           1.00259033867492,                  0.00376360009621725
         482,3057.98238610526,           1.00254521186108,                  0.00327148054123374
         483,    3057.9814915,           1.00250011854715,                  0.00310675293629031
         484,3057.98059689473,           1.00229160605298,                  0.00326905285731565
         485,3057.97970228947,           1.00224827784531,                  0.00392141484647661
         486,3057.97880768421,           1.00236831359739,                  0.00408329930583912
         487,3057.97791307895,            1.0023249890608,                  0.00457160770381207
         488,3057.97701847368,            1.0022816964854,                  0.00473313290963633
         489,3057.97612386842,           1.00224007100356,                  0.00456824385285687
         490,3057.97522926316,           1.00235993300204,                  0.00375110290580002
         491,3057.97433465789,           1.00231830942747,                  0.00277153729021908
         492,3057.97344005263,           1.00227671637851,                  0.00130377459041106
         493,3057.97254544737,           1.00239969893797,                -0.000325824703051511
         494, 3057.9716508421,           1.00219525382215,                 -0.00162852657429664
         495,3057.97075623684,           1.00248096946649,                 -0.00227910580911512
         496,3057.96986163158,           1.00244100895037,                 -0.00260374288039056
         497,3057.96896702631,           1.00256375218797,                 -0.00260279409946578
         498,3057.96807242105,           1.00236280524988,                 -0.00276446588079948
         499,3057.96717781579,           1.00264967407383,                 -0.00211323699140075
         500,3057.96628321052,           1.00244884163453,                 -0.00194997343161199
         501,3057.96538860526,            1.0024105936168,                 -0.00194926707557958
         502,     3057.964494,           1.00237237329887,                 -0.00194856123110099
         503,3057.96359939473,           1.00233580765541,                 -0.00227250223597988
         504,3057.96270478947,           1.00245990484906,                  -0.0030829942039709
         505,3057.96181018421,           1.00226112965648,                 -0.00356849730578453
         506,3057.96091557895,           1.00222626867317,                 -0.00470224264544928
         507,3057.96002097369,           1.00202772028158,                 -0.00405219880411509
         508,3057.95912636842,           1.00231702772332,                 -0.00388871785731646
         509,3057.95823176316,           1.00228056081064,                 -0.00340140461813564
         510, 3057.9573371579,           1.00208545170754,                 -0.00210488138183844
         511,3057.95644255263,           1.00205071597017,                  -0.0012948482842451
         512,3057.95554794737,           1.00217780323402,                -0.000161798160031324
         513,3057.95465334211,           1.00214468019034,                  0.00064696235002604
         514,3057.95375873684,           1.00194989765463,                  0.00129346444751283
         515,3057.95286413158,           1.00207850476957,                  0.00161625565285415
         516,3057.95196952632,           1.00172393457773,                  0.00226195727162714
         517,3057.95107492105,            1.0018525307961,                  0.00242266451103362
         518,3057.95018031579,           1.00165974567788,                  0.00290616947488747
         519,3057.94928571052,           1.00195128722012,                  0.00322793584800296
         520,3057.94839110526,           1.00159726367758,                  0.00274277601200368
         521,    3057.9474965,           1.00189023721509,                  0.00258052862128807
         522,3057.94660189474,           1.00218138902727,                  0.00241839138278782
         523,3057.94570728947,            1.0013457648699,                  0.00241754168244784
         524,3057.94481268421,           1.00163851756855,                  0.00306114393337662
         525,3057.94391807894,           1.00177162183927,                  0.00306007408600419
         526,3057.94302347368,           1.00174202003484,                     0.00354200007084
         527,3057.94212886842,           1.00155310742192,                  0.00337981926014147
         528,3057.94123426316,           1.00168610188689,                  0.00353952686179113
         529,3057.94033965789,           1.00149734065224,                  0.00337746011782511
         530,3057.93944505263,           1.00147109656985,                  0.00289396046528453
         531,3057.93855044736,            1.0012825416826,                  0.00225007312737664
         532, 3057.9376558421,           1.00141705413404,                   0.0019279648082157
         533,3057.93676123684,           1.00139086525953,                  0.00144547197872265
         534,3057.93586663158,           1.00136469454925,                  0.00128441839929357
         535,3057.93497202632,           1.00150064600002,                  0.00176546588237182
         536,3057.93407742105,           1.00115357278659,                   0.0027275017207327
         537,3057.93318281579,           1.00144988901292,                  0.00400964881891784
         538,3057.93228821052,            1.0015856702864,                  0.00480991997896462
         539,3057.93139360526,           1.00124213647474,                  0.00512882157310574
         540,     3057.930499,           1.00137789598488,                  0.00432595251065466
         541,3057.92960439474,           1.00119483498144,                  0.00288297984797086
         542,3057.92870978947,           1.00149223143036,                  0.00144099601644657
         543,3057.92781518421,           1.00114920084125,                                    0
         544,3057.92692057895,           1.00112800902407,                 -0.00128001024008192
         545,3057.92602597368,           1.00126517692484,                 -0.00255914422217211
         546,3057.92513136842,           1.00156374415994,                 -0.00367751694056173
         547,3057.92423676316,           1.00138259528319,                 -0.00463529054480648
         548,3057.92334215789,           1.00152113612251,                 -0.00527284580281474
         549,3057.92244755263,           1.00134172443536,                 -0.00543078938120947
         550,3057.92155294737,           1.00116083561003,                 -0.00479024323258387
         551, 3057.9206583421,           1.00130090904012,                 -0.00399051852797752
         552,3057.91976373684,           1.00160045444609,                 -0.00271263465438641
         553,3057.91886913158,           1.00110223333849,                 -0.00175464062567294
         554,3057.91797452631,           1.00108432197984,                -0.000318918229365991
         555,3057.91707992105,           1.00106642267001,                 0.000478216443950642
         556,3057.91618531579,           1.00104853539683,                   0.0012748150721386
         557,3057.91529071053,           1.00103066014818,                  0.00191157987297552
         558,3057.91439610526,           1.00101279691192,                  0.00222942716461453
         559,    3057.9135015,           1.00115413698412,                  0.00238786962231862
         560,3057.91260689474,           1.00097869936424,                  0.00254620972811254
         561,3057.91171228947,            1.0009624639076,                  0.00270444403789403
         562,3057.91081768421,           1.00094623929517,                  0.00254450902903126
         563,3057.90992307895,           1.00109059575781,                  0.00238468460161459
         564,3057.90902847368,           1.00123326510114,                  0.00222496281133587
         565,3057.90813386842,           1.00137743016334,                  0.00174760459016289
         566,3057.90723926316,            1.0010450382916,                  0.00127056327246276
         567,3057.90634465789,           1.00118917013706,                 0.000635070834213171
         568,3057.90545005263,           1.00101736504042,                -0.000158715294916825
         569,3057.90455544737,           1.00100274803734,                -0.000634650656546104
         570, 3057.9036608421,           1.00083111807587,                 -0.00111027223875294
         571,3057.90276623684,           1.00113527535184,                 -0.00110990607023486
         572,3057.90187163158,           1.00112222060194,                -0.000634022938949931
         573,3057.90097702631,           1.00111076075228,                -0.000158453744975036
         574,3057.90008242105,           1.00093932112269,                 0.000158401538395741
         575,3057.89918781579,           1.00092792875534,                 0.000633398467809106
         576,3057.89829321052,           1.00107484158355,                  0.00110808410674966
         577,3057.89739860526,           1.00106499643155,                   0.0012659690122435
         578,     3057.896504,           1.00105357408398,                 0.000790971534516416
         579,3057.89560939474,           1.00104374229054,                 0.000948856627763545
         580,3057.89471478947,           1.00103233435618,                 0.000948546115940792
         581,3057.89382018421,           1.00086605810807,                                    0
         582,3057.89292557894,           1.00117227367377,                -0.000631953462946989
         583,3057.89203097368,            1.0010044790923,                 -0.00205318053458504
         584,3057.89113636842,           1.00099625968432,                 -0.00315771690752152
         585,3057.89024176316,           1.00114588035494,                 -0.00378803423120267
         586,3057.88934715789,           1.00097983682009,                 -0.00410237638041021
         587,3057.88845255263,           1.00112936604078,                  -0.0041010498687664
         588,3057.88755794737,           1.00112269547831,                 -0.00409973067923076
         589, 3057.8866633421,           1.00111445113676,                 -0.00378314388714882
         590,3057.88576873684,           1.00095020934546,                   -0.003309186775229
         591,3057.88487413158,           1.00125866216342,                 -0.00252047492048689
         592,3057.88397952631,           1.00078109744191,                -0.000787396614824474
         593,3057.88308492105,           1.00077454943892,                                    0
         594,3057.88219031579,           1.00076958063364,                  0.00173116297955182
         595,3057.88129571052,           1.00107927138169,                  0.00251725103600613
         596,3057.88040110526,           1.00107420845935,                  0.00298828121928165
         597,    3057.8795065,           1.00091192100877,                  0.00314455520266658
         598,3057.87861189474,           1.00090848791774,                  0.00298637896834753
         599,3057.87771728948,           1.00090348430687,                  0.00251404328868288
         600,3057.87682268421,            1.0012142117755,                  0.00125662279482334
         601,3057.87592807894,           1.00121068607114,                 0.000628112099166338
         602,3057.87503347368,            1.0008932061391,                -0.000156978231828592
         603,3057.87413886842,           1.00120521254425,                -0.000313857433399453
         604,3057.87324426316,           1.00120326371556,                  -0.0004706376983934
         605, 3057.8723496579,           1.00119974593615,                 -0.00125463627310295
         606,3057.87145505263,           1.00119936974296,                 -0.00172458394412348
         607,3057.87056044737,           1.00151088653305,                 -0.00188077161790244
         608, 3057.8696658421,           1.00135216228454,                 -0.00188017930643319
         609,3057.86877123684,           1.00135173869935,                 -0.00172295778596792
         610,3057.86787663158,           1.00119473190561,                 -0.00156583473867001
         611,3057.86698202631,            1.0015074267771,                 -0.00156534452450312
         612,3057.86608742105,           1.00135046953463,                 -0.00187782554061815
         613,3057.86519281579,           1.00135004700917,                 -0.00250298402626882
         614,3057.86429821052,           1.00135119073684,                 -0.00281498070174341
         615,3057.86340360526,            1.0016650120772,                 -0.00281410491921174
         616,     3057.862509,           1.00135347605785,                 -0.00265693914359037
         617,3057.86161439474,            1.0015108595963,                 -0.00328108081927026
         618,3057.86071978947,           1.00151195191743,                 -0.00421722125729423
         619,3057.85982518421,           1.00135846228315,                 -0.00499664288056462
         620,3057.85893057895,           1.00120506752749,                 -0.00546338904949518
         621,3057.85803597368,           1.00151991336182,                 -0.00577379819170883
         622,3057.85714136842,            1.0013665634984,                 -0.00577201477635783
         623,3057.85624676316,            1.0013692605681,                 -0.00592618469110542
         624,3057.85535215789,           1.00121761282407,                 -0.00608026890378988
         625,3057.85445755263,           1.00122035419884,                 -0.00607839256129435
         626,3057.85356294737,            1.0013804622523,                 -0.00638814360546825
         627, 3057.8526683421,           1.00122895090583,                 -0.00638618341430287
         628,3057.85177373684,            1.0013905173877,                 -0.00591709526679093
         629,3057.85087913158,           1.00108343036469,                 -0.00591528072677007
         630,3057.84998452631,           1.00108932461874,                 -0.00622471210706505
         631,3057.84908992105,           1.00125078563028,                 -0.00700066584110666
         632,3057.84819531579,           1.00125662527683,                  -0.0071540547938388
         633,3057.84730071053,           1.00126246136433,                 -0.00684092364907305
         634,3057.84640610526,           1.00157915024309,                 -0.00668341146189523
         635,    3057.8455115,           1.00127567866571,                 -0.00574909995509487
         636,3057.84461689474,           1.00112772494695,                 -0.00466002044195634
         637,3057.84372228947,           1.00128887991677,                 -0.00388216842399491
         638,3057.84282768421,            1.0011425661788,                 -0.00263907948907421
         639,3057.84193307895,           1.00099478706746,                 -0.00155192990243017
         640,3057.84103847368,           1.00100224341172,                -0.000775730194832396
         641,3057.84014386842,           1.00101124780534,                                    0
         642,3057.83924926316,           1.00086519407947,                  0.00015505270241355
         643,3057.83835465789,           1.00087423426998,                 0.000310012152476377
         644,3057.83746005263,           1.00072830954705,                 0.000619837912385911
         645,3057.83656544737,           1.00089384886363,                 0.000929478887661633
         646, 3057.8356708421,           1.00074800570529,                 0.000619466422596896
         647,3057.83477623684,           1.00075861962193,                 0.000774101655029338
         648,3057.83388163158,           1.00061445311351,                 0.000773870420041387
         649,3057.83298702631,           1.00062510057311,                 0.000928367187790115
         650,3057.83209242105,           1.00048106000257,                 0.000773408364256778
         651,3057.83119781579,            1.0008025595309,                                    0
         652,3057.83030321053,            1.0005055088093,                -0.000463769549818898
         653,3057.82940860526,           1.00067071983383,                -0.000927262443089268
         654,     3057.828514,           1.00037543047043,                  -0.0013904832238199
         655,3057.82761939474,           1.00038767532269,                 -0.00154452319796617
         656,3057.82672478947,            1.0005543194455,                 -0.00185287836934351
         657,3057.82583018421,            1.0005680485064,                   -0.001543610071747
         658,3057.82493557895,           1.00042591015148,                 -0.00123452217819093
         659,3057.82404097368,             1.000439668937,                 -0.00123415841966014
         660,3057.82314636842,           1.00029919525729,                 -0.00107957051600386
         661,3057.82225176316,           1.00046870470987,                 -0.00107925426613793
         662,3057.82135715789,            1.0004824387665,                 -0.00107893653849414
         663,3057.82046255263,           1.00034361772451,                -0.000924531994200103
         664,3057.81956794737,           1.00035892151018,                -0.000770217833007531
         665,3057.81867334211,           1.00022021784627,                -0.000615993975578919
         666,3057.81777873684,           1.00023554877476,                -0.000615813790226111
         667,3057.81688413158,           1.00025087073693,                -0.000615633710255072
         668,3057.81598952632,           1.00011232030674,                -0.000461590301680035
         669,3057.81509492105,           1.00012920771062,                   0.0003076374062475
         670,3057.81420031579,          0.999992311300082,                 0.000768869991773091
         671,3057.81330571053,           1.00016295307874,                  0.00153729319563286
         672,3057.81241110526,           1.00017981106007,                  0.00184421600072539
         673,    3057.8115165,           1.00004301921115,                  0.00169004043805848
         674,3057.81062189474,            1.0000614382699,                  0.00153595674745799
         675,3057.80972728947,           1.00007984669435,                  0.00107485934697688
         676,3057.80883268421,          0.999789695703499,                 0.000767533928837324
         677,3057.80793807895,          0.999656243477834,                                    0
         678,3057.80704347368,           1.00013500825391,                -0.000767092351782416
         679,3057.80614886842,                          1,                 -0.00138036809815951
         680,3057.80525426316,           0.99986660267684,                 -0.00183996307807423
         681,3057.80435965789,           1.00003832151753,                  -0.0019927189116689
         682,3057.80346505263,          0.999904989870694,                 -0.00229863216062229
         683,3057.80257044737,          0.999771734617747,                 -0.00183837891747057
         684, 3057.8016758421,          0.999791710060404,                 -0.00107208057144958
         685,3057.80078123684,           1.00011942638588,                 0.000153110751130723
         686,3057.79988663158,          0.999833157051258,                 0.000918401552710892
         687,3057.79899202632,          0.999701604449919,                  0.00168325694917329
         688,3057.79809742105,          0.999876086347928,                  0.00290661653008119
         689,3057.79720281579,          0.999744596378162,                  0.00321166231053104
         690,3057.79630821053,          0.999918966811558,                   0.0038223202095243
         691,3057.79541360526,           1.00024608743899,                  0.00397408286574172
         692,     3057.794519,          0.999810520396562,                  0.00336173489969806
         693,3057.79362439474,          0.999831961014955,                  0.00259696613250638
         694,3057.79272978947,           1.00000763597767,                  0.00198535419482433
         695,3057.79183518421,          0.999725182448319,                  0.00137408775840484
         696,3057.79094057895,           1.00005342165714,                  0.00122106644890982
         697,3057.79004597368,          0.999925230678615,                 0.000915542710830413
         698,3057.78915136842,          0.999948133887792,                 0.000610189555385381
         699,3057.78825676316,           1.00027755834063,                 0.000305009165525424
         700,3057.78736215789,          0.999842964584702,                                    0
         701,3057.78646755263,           0.99986739563503,                -0.000152418810310218
         702,3057.78557294737,          0.999891812985794,                -0.000304752152693019
         703, 3057.7846783421,           1.00007007345526,                -0.000457000795181384
         704,3057.78378373684,          0.999942129453367,                -0.000761454560960529
         705,3057.78288913158,          0.999815779337141,                -0.000761242408510081
         706,3057.78199452632,          0.999992389707841,                -0.000761029215911599
         707,3057.78109992105,           1.00017042307528,                -0.000608653840301405
         708,3057.78020531579,          0.999891994018598,                -0.000456363301697215
         709,3057.77931071053,             1.000374113761,                -0.000304157529267558
         710,3057.77841610526,           1.00009730347738,                 0.000304073366821947
         711,    3057.7775215,          0.999971121065055,                                    0
         712,3057.77662689474,            1.0001504328363,                                    0
         713,3057.77573228947,           1.00032812585449,                -0.000303820235642975
         714,3057.77483768421,           1.00050723955375,                -0.000759340649327376
         715,3057.77394307895,           1.00068777357219,                -0.000759131978130926
         716,3057.77304847368,           1.00056312032409,                 -0.00106249117752862
         717,3057.77215386842,           1.00043853592732,                 -0.00106219774783729
         718,3057.77125926316,           1.00031553780992,                -0.000758504350780956
         719,3057.77036465789,           1.00049440833275,                                    0
         720,3057.76947005263,           1.00037146257704,                 0.000758086891919552
         721,3057.76857544737,            1.0002485842822,                  0.00166733360010671
         722, 3057.7676808421,           1.00073191022507,                  0.00196994470516747
         723,3057.76678623684,           1.00045902344655,                  0.00227239329977261
         724,3057.76589163158,           1.00048767337394,                   0.0027261244506102
         725,3057.76499702632,           1.00066923256286,                  0.00317961172398548
         726,3057.76410242105,           1.00054644064307,                  0.00393558357892889
         727,3057.76320781579,           1.00057655727211,                  0.00469114840826308
         728,3057.76231321053,           1.00075794365801,                  0.00453858477849437
         729,3057.76141860526,           1.00063674133631,                   0.0045373491898563
         730,     3057.760524,           1.00081952588462,                   0.0037801009438156
         731,3057.75962939474,           1.00084953547642,                  0.00317442081936336
         732,3057.75873478947,           1.00088104129107,                  0.00241795208525699
         733,3057.75784018421,            1.0009110178774,                  0.00151080908358853
         734,3057.75694557895,           1.00094248998604,                  0.00105728043306207
         735,3057.75605097368,           1.00097394508158,                 0.000603996949815403
         736,3057.75515636842,           1.00085593561915,                 0.000150958662989314
         737,3057.75426176316,           1.00103831503202,                -0.000150917882561741
         738,3057.75336715789,           1.00122059593447,                -0.000452631372483935
         739,3057.75247255263,           1.00125345227303,                -0.000754183076433438
         740,3057.75157794737,           1.00143708710135,                 -0.00120636902526891
         741,3057.75068334211,           1.00131760250616,                 -0.00195982066133394
         742,3057.74978873684,           1.00135040632762,                 -0.00226072487882515
         743,3057.74889413158,           1.00123402658807,                 -0.00271214634741691
         744,3057.74799952632,           1.00126683527677,                 -0.00271141914171533
         745,3057.74710492105,           1.00129962637624,                 -0.00301188036208826
         746,3057.74621031579,           1.00148446133324,                    -0.00346273941832
         747,3057.74531571053,           1.00151868402793,                 -0.00361233069081309
         748,3057.74442110526,           1.00155138142164,                 -0.00436373047794887
         749,    3057.7435265,           1.00158556802147,                 -0.00466343535726428
         750,3057.74263189474,           1.00161973642061,                 -0.00496298067595797
         751,3057.74173728947,           1.00150503909944,                 -0.00511202091718677
         752,3057.74084268421,           1.00153921079372,                 -0.00511066083850913
         753,3057.73994807895,           1.00172514321093,                 -0.00510930916129187
         754,3057.73905347368,           1.00160900441537,                 -0.00480748284705144
         755,3057.73815886842,           1.00164462567869,                 -0.00450582377723207
         756,3057.73726426316,           1.00153007368078,                 -0.00420432414738559
         757,3057.73636965789,           1.00156569697534,                 -0.00390298383113891
         758,3057.73547505263,           1.00160130145138,                 -0.00360180270225248
         759,3057.73458044737,           1.00148685164041,                  -0.0027006387010528
         760, 3057.7336858421,           1.00152396037703,                 -0.00209994540141956
         761,3057.73279123684,           1.00155954773116,                 -0.00179947815133611
         762,3057.73189663158,           1.00144670069786,                -0.000599668683052613
         763,3057.73100202632,           1.00118403501147,                 0.000299755699105229
         764,3057.73010742105,           1.00137102272302,                  0.00134854694067143
         765,3057.72921281579,           1.00155791239739,                  0.00224698903469351
         766,3057.72831821053,           1.00159494410208,                  0.00269568017252353
         767,3057.72742360526,           1.00163195640131,                  0.00254525310296297
         768,     3057.726529,           1.00137108507313,                  0.00149681776543069
         769,3057.72563709091,           1.00140813666557,                 0.000897855472204639
         770,3057.72474518182,           1.00129706343044,                 0.000149603625195046
         771,3057.72385327273,           1.00118604800727,                -0.000149564691964039
         772,3057.72296136364,           1.00137414190894,                 -0.00104668045294349
         773,3057.72206945455,           1.00126316418892,                 -0.00179384263515483
         774,3057.72117754545,            1.0011522441861,                 -0.00239116822017877
         775,3057.72028563636,           1.00148960933987,                 -0.00358581987530311
         776,3057.71939372727,           1.00123081335253,                 -0.00477985767973759
         777,3057.71850181818,           1.00126931979392,                  -0.0059732696184574
         778,3057.71760990909,           1.00145859428536,                 -0.00656889954510371
         779,     3057.716718,           1.00105075254181,                  -0.0061194395190419
         780,3057.71582609091,           1.00109076964169,                 -0.00507334717063905
         781,3057.71493418182,           1.00127994367054,                 -0.00313272926356994
         782,3057.71404227273,           1.00117074189243,                -0.000894834567459341
         783,3057.71315036364,           1.00121069707524,                  0.00104370437520874
         784,3057.71225845455,           1.00110156947564,                  0.00208687045453529
         785,3057.71136654545,           1.00114301383091,                  0.00253340744791985
         786,3057.71047463636,            1.0008849742106,                  0.00178782668808086
         787,3057.70958272727,           1.00092645275836,                 0.000446842166409981
         788,3057.70869081818,           1.00096791005882,                 -0.00119127391854665
         789,3057.70779890909,           1.00086047501794,                 -0.00208419554518089
         790,     3057.706907,           1.00075309498224,                 -0.00238132800709636
         791,3057.70601509091,           1.00094335972955,                 -0.00297589820047436
         792,3057.70512318182,           1.00098477027481,                 -0.00267762310372219
         793,3057.70423127273,           1.00073021033329,                 -0.00252822314989835
         794,3057.70333936364,           1.00092033524587,                 -0.00193285269729594
         795,3057.70244745455,           1.00096320783885,                 -0.00118914548005803
         796,3057.70155554545,           1.00070884781766,                -0.000594421650025337
         797,3057.70066363636,           1.00060318469634,                 0.000594270636790701
         798,3057.69977172727,           1.00079463509911,                  0.00118823940053322
         799,3057.69887981818,           1.00068900385486,                  0.00163341431108524
         800,3057.69798790909,           1.00043497172684,                  0.00133609062851188
         801,     3057.697096,           1.00062631905464,                  0.00118733470074713
         802,3057.69620409091,           1.00022405256184,                  0.00103865426018883
         803,3057.69531218182,           1.00041684035015,                 0.000890050569706536
         804,3057.69442027273,           1.00046122656606,                  0.00133473925868582
         805,3057.69352836364,           1.00035584022774,                  0.00266880170803309
         806,3057.69263645455,           1.00010376057987,                  0.00459511139439396
         807,3057.69174454545,                          1,                  0.00637225844694724
         808,3057.69085263636,           1.00004444641984,                  0.00814851030416167
         809,3057.68996072727,           1.00023698788399,                  0.00992386764226679
         810,3057.68906881818,           1.00013327212687,                   0.0111060105729221
         811,3057.68817690909,            1.0000310890494,                   0.0113993181135165
         812,     3057.687285,           1.00007548298007,                   0.0109524324020312
         813,3057.68639309091,          0.999973365610268,                   0.0100618805654777
         814,3057.68550118182,           1.00001775179441,                  0.00813623910483618
         815,3057.68460927273,           1.00021148934345,                  0.00606368047657571
         816,3057.68371736364,          0.999961557000618,                  0.00399215762812608
         817,3057.68282545454,           1.00015521179018,                  0.00221731128833177
         818,3057.68193354545,           1.00005320218011,                 0.000295567667261743
         819,3057.68104163636,           1.00009899044521,                -0.000443240799429106
         820,3057.68014972727,           1.00014475585006,                 -0.00103397035754695
         821,3057.67925781818,            1.0003381715992,                 -0.00118138549937903
         822,3057.67836590909,           1.00038533142193,                 -0.00221454840190805
         823,     3057.677474,           1.00043099122077,                 -0.00265679519651428
         824,3057.67658209091,           1.00033054143868,                 -0.00295126284537153
         825,3057.67569018182,           1.00022866584544,                 -0.00295052703789214
         826,3057.67479827273,           1.00027580592113,                 -0.00309728574525857
         827,3057.67390636364,            1.0003229226416,                 -0.00280161195904928
         828,3057.67301445454,           1.00022259928149,                 -0.00206383439792791
         829,3057.67212254545,           1.00012232560127,                 -0.00103166169749616
         830,3057.67123063636,           1.00031678908477,                -0.000294687520720216
         831,3057.67033872727,           1.00021654172553,                 0.000147307296277692
         832,3057.66944681818,          0.999970545786575,                  0.00103089746988307
         833,3057.66855490909,           1.00016490279569,                  0.00176681566812134
         834,     3057.667663,           1.00006623930051,                  0.00250237357493505
         835,3057.66677109091,            1.0001133147811,                  0.00323756517439439
         836,3057.66587918182,           1.00030896438082,                  0.00382527328635113
         837,3057.66498727273,           1.00006324859493,                  0.00441269266919367
         838,3057.66409536364,          0.999817653494583,                  0.00441160900203522
         839,3057.66320345455,           1.00001176138502,                  0.00455753669552126
         840,3057.66231154545,            1.0000602623027,                  0.00426245555655176
         841,3057.66141963636,           1.00011020902979,                  0.00484919731089967
         842,3057.66052772727,           1.00015866206743,                  0.00499491693746952
         843,3057.65963581818,           1.00020709133609,                  0.00543431165630476
         844,3057.65874390909,           1.00010865958128,                  0.00572665360793861
         845,     3057.657852,           1.00001174411913,                  0.00631246403363516
         846,3057.65696009091,           1.00020693936677,                  0.00645768236715153
         847,3057.65606818182,          0.999963317559884,                  0.00645610946040131
         848,3057.65517627273,           1.00030659052269,                  0.00572106716972939
         849,3057.65428436364,            1.0002082545046,                  0.00425308495317207
         850,3057.65339245455,           1.00040467784125,                  0.00322569293749194
         851,3057.65250054546,            1.0000146586728,                  0.00249197437663994
         852,3057.65160863636,           1.00006448246956,                  0.00219826600777307
         853,3057.65071672727,           1.00040731287783,                  0.00161166966046516
         854,3057.64982481818,           1.00031053717071,                  0.00117183838005062
         855,3057.64893290909,           1.00036025270409,                 0.000585776754621046
         856,     3057.648041,           1.00041140876022,                                    0
         857,3057.64714909091,           1.00060744893404,                -0.000878239422703953
         858,3057.64625718182,           1.00051071850338,                  -0.0019023898406529
         859,3057.64536527273,            1.0005618010405,                 -0.00234083766875977
         860,3057.64447336364,           1.00090392901963,                 -0.00292533663311306
         861,3057.64358145455,           1.00066242887663,                  -0.0030708623420151
         862,3057.64268954545,           1.00042104524482,                 -0.00321631784237703
         863,3057.64179763636,           1.00076442207207,                 -0.00350786419303777
         864,3057.64090572727,           1.00052166822777,                 -0.00365313884996266
         865,3057.64001381818,           1.00057267409585,                  -0.0032139872726104
         866,3057.63912190909,           1.00062365538001,                 -0.00292110248249894
         867,      3057.63823,           1.00082063203269,                 -0.00277437875818807
         868,3057.63733809091,           1.00072700517663,                 -0.00306568447975334
         869,3057.63644618182,           1.00063196271858,                 -0.00291899639066096
         870,3057.63555427273,           1.00039105134446,                 -0.00291829361535723
         871,3057.63466236364,           1.00058789462244,                 -0.00306347073728988
         872,3057.63377045455,           1.00049441342004,                 -0.00262520400022752
         873,3057.63287854545,           1.00054532782368,                 -0.00160390536375116
         874,3057.63198663636,           1.00074345107072,                 -0.00102042303823671
         875,3057.63109472727,            1.0006485415103,                -0.000437218995707967
         876,3057.63020281818,           1.00040943060006,                 0.000291409679755332
         877,3057.62931090909,           1.00046177399877,                 0.000874020186952918
         878,     3057.628419,           1.00036700026797,                  0.00116508021577286
         879,3057.62752709091,            1.0005649289762,                  0.00174720301916682
         880,3057.62663518182,           1.00047163219676,                  0.00262017887087759
         881,3057.62574327273,           1.00052391070233,                  0.00291061501295224
         882,3057.62485136364,           1.00072166028424,                   0.0034919046011663
         883,3057.62395945455,           1.00033747025316,                  0.00334561026840522
         884,3057.62306754545,           1.00038974335109,                  0.00276310584731368
         885,3057.62217563636,           1.00044199152074,                   0.0021808792141856
         886,3057.62128372727,            1.0004956690733,                  0.00130821749551936
         887,3057.62039181818,           1.00011189859952,                 0.000435968569572591
         888,3057.61949990909,           1.00030946393002,                -0.000726441150275975
         889,     3057.618608,           1.00036313457767,                 -0.00145253831069794
         890,3057.61771609091,           1.00012488854424,                 -0.00217828856224242
         891,3057.61682418182,           1.00046894713383,                 -0.00188740332502392
         892,3057.61593227273,           1.00023078899354,                  -0.0018869540352512
         893,3057.61504036364,           1.00028442731431,                -0.000725579883442847
         894,3057.61414845455,           1.00019295860675,                -0.000290163318423775
         895,3057.61325654545,           1.00010008253183,                -0.000145047147575319
         896,3057.61236463636,           1.00044373935968,                -0.000145012862640916
         897,3057.61147272727,           1.00049727657711,                 -0.00115982875128487
         898,3057.61058081818,           1.00026089981447,                 -0.00202922077922078
         899,3057.60968890909,           1.00031445492789,                 -0.00318802231035977
         900,     3057.608797,           1.00036798474747,                 -0.00376677300556613
         901,3057.60790509091,           1.00013180592953,                 -0.00362104202002002
         902,3057.60701318182,           1.00018535359094,                 -0.00347537983005393
         903,3057.60612127273,           1.00009410265876,                 -0.00376410635048173
         904,3057.60522936364,           1.00029237311441,                 -0.00434217496649288
         905,3057.60433745455,            1.0002011399862,                 -0.00419644575515041
         906,3057.60344554545,          0.999965278983369,                 -0.00434012707892087
         907,3057.60255363636,           1.00002024918063,                 -0.00390519912176411
         908,3057.60166172727,          0.999929144572547,                 -0.00332586700291664
         909,3057.60076981818,          0.999982651739452,                 -0.00187939489267209
         910,3057.59987790909,          0.999893044109188,                -0.000722674937922223
         911,     3057.598986,          0.999946534650604,                                    0
         912,3057.59809409091,          0.999856977545475,                -0.000288934251566385
         913,3057.59720218182,          0.999910451469029,                -0.000433299343407062
         914,3057.59631027273,          0.999820944833681,                 -0.00187719125979749
         915,3057.59541836364,          0.999874402147002,                 -0.00332040301030624
         916,3057.59452645455,          0.999929277519344,                 -0.00490727416796445
         917,3057.59363454545,          0.999839829382218,                 -0.00533902059274672
         918,3057.59274263636,           0.99974898077539,                 -0.00562629296540263
         919,3057.59185072727,          0.999659616693782,                 -0.00548074815096865
         920,3057.59095881818,          0.999570294362781,                 -0.00475848524436985
         921,3057.59006690909,          0.999481013753135,                 -0.00446904823688839
         922,     3057.589175,          0.999391774835621,                 -0.00403561720441266
         923,3057.58828309091,          0.999590768663254,                  -0.0036023885276894
         924,3057.58739118182,          0.999357483872269,                 -0.00288123824094643
         925,3057.58649927273,          0.999266897015594,                  -0.0018723651861059
         926,3057.58560736364,          0.999177791441255,                -0.000431983480951688
         927,3057.58471545455,          0.999232688340462,                 0.000143960911733246
         928,3057.58382354545,          0.999145070337395,                 0.000575710210508438
         929,3057.58293163636,          0.999199949349311,                 0.000575576007689695
         930,3057.58203972727,           0.99911094231483,                 0.000143860466855987
         931,3057.58114781818,          0.998878149810148,                 0.000143826947416868
         932,3057.58025590909,           0.99922063953572,                 0.000143793443594146
         933,     3057.579364,          0.998987929914147,                                    0
         934,3057.57847209091,          0.998755328659348,                                    0
         935,3057.57758018182,          0.998811656969768,                 0.000574772928769828
         936,3057.57668827273,          0.998866524251927,                  0.00114927832504177
         937,3057.57579636364,          0.998777739636999,                  0.00172351637555996
         938,3057.57490445454,           0.99869043037742,                  0.00172311792444702
         939,3057.57401254545,          0.998601727885336,                  0.00114847812292736
         940,3057.57312063636,          0.998656593028062,                 0.000143526385890782
         941,3057.57222872727,          0.998712865746301,                -0.000717466139185561
         942,3057.57133681818,          0.998624219757581,                 -0.00215189818939286
         943,3057.57044490909,          0.998679041509077,                 -0.00387251674863494
         944,     3057.569553,          0.998448483040859,                 -0.00358483585753576
         945,3057.56866109091,           0.99850332022066,                 -0.00329728303877605
         946,3057.56776918182,          0.998416236088318,                 -0.00272321396578783
         947,3057.56687727273,          0.998471055373015,                 -0.00171952535368487
         948,3057.56598536364,          0.998527279707977,                -0.000859564372775877
         949,3057.56509345454,          0.998440250419299,                -0.000572910773443867
         950,3057.56420154546,          0.998351831672039,                 -0.00071597234055654
         951,3057.56330963636,          0.998408044528941,                 -0.00157477609547152
         952,3057.56241772727,          0.998176545856866,                 -0.00214692403037754
         953,3057.56152581818,          0.998232773115256,                 -0.00271881059191368
         954,3057.56063390909,          0.998145912136836,                 -0.00314737137265449
         955,     3057.559742,           0.99820069283338,                 -0.00243149617110868
         956,3057.55885009091,          0.998256875617565,                 -0.00142996257787934
         957,3057.55795818182,          0.997884142505861,                -0.000857780065191285
         958,3057.55706627273,          0.998081876159522,                  0.00014293024146635
         959,3057.55617436364,          0.997852252705404,                 0.000571589433026152
         960,3057.55528245454,          0.997908463863856,                 0.000714322450868902
         961,3057.55439054546,          0.997820392329381,                 0.000856988599195002
         962,3057.55349863636,          0.997733786290478,                  0.00114238876346412
         963,3057.55260672727,          0.997789985837635,                 0.000713828863812874
         964,3057.55171481818,          0.997703426590295,                                    0
         965,3057.55082290909,           0.99761548351744,                 -0.00085619981420464
         966,     3057.549931,          0.997814338623433,                 -0.00185467349186512
         967,3057.54903909091,          0.998013102398683,                   -0.002567419728909
         968,3057.54814718182,          0.997641368177579,                 -0.00313723700684773
         969,3057.54725527273,          0.997554942509071,                 -0.00327908584789319
         970,3057.54636336364,          0.997467134754988,                  -0.0027081845613525
         971,3057.54547145454,          0.997523292168872,                 -0.00156753660197966
         972,3057.54457954546,          0.997436953179873,                -0.000284941280725574
         973,3057.54368763636,          0.997493091758539,                 0.000854627809588924
         974,3057.54279572727,          0.997406799283986,                  0.00170886373378182
         975,3057.54190381818,          0.997462919038358,                  0.00170847202804172
         976,3057.54101190909,          0.997375253364914,                  0.00156573823134209
         977,      3057.54012,          0.997431354551341,                  0.00128076504365274
         978,3057.53922809091,          0.997202880776706,                 0.000711373149362752
         979,3057.53833618182,          0.997401237790298,                 0.000142242047602724
         980,3057.53744427273,           0.99745729449308,                -0.000142209480252792
         981,3057.53655236364,          0.997086794749122,                                    0
         982,3057.53566045454,           0.99714289775554,                                    0
         983,3057.53476854546,          0.997341086956831,                                    0
         984,3057.53387663636,          0.997111530718224,                -0.000426237473946234
         985,3057.53298472727,          0.997167589496501,                 -0.00113637332136353
         986,3057.53209281818,          0.997365636827119,                 -0.00184618443382494
         987,3057.53120090909,          0.997137648441893,                 -0.00212972586168708
         988,     3057.530309,          0.997193662816529,                   -0.001845340585995
         989,3057.52941709091,          0.997107734751745,                 -0.00113533473925619
         990,3057.52852518182,           0.99702184594473,                -0.000283768847572145
         991,3057.52763327273,          0.997219700408534,                 0.000141852019972764
         992,3057.52674136364,          0.996992005627403,                 0.000709098154784782
         993,3057.52584945455,          0.997047989314912,                  0.00113429805382811
         994,3057.52495754545,          0.997103947448624,                  0.00127579407549582
         995,3057.52406563636,          0.997016744495858,                  0.00141722351740705
         996,3057.52317372727,          0.996930994125532,                  0.00113352017524222
         997,3057.52228181818,          0.996986940576008,                 0.000708288534083553
         998,3057.52138990909,          0.996901236106548,                 0.000566501625859666
         999,     3057.520498,          0.997240350074832,                 0.000707965604199086
        1000,3057.51960609091,          0.996871505216517,                  0.00113248679945074
        1001,3057.51871418182,          0.996785885636405,                  0.00155681453102378
        1002,3057.51782227273,          0.996700305066135,                  0.00268843069225675
        1003,3057.51693036364,          0.996897691729866,                  0.00325367488431771
        1004,3057.51603845455,           0.99681212467506,                    0.003111502091778
        1005,3057.51514654545,          0.996867996295328,                  0.00339359317887771
        1006,3057.51425463636,          0.997065210015607,                   0.0032514532582389
        1007,3057.51336272727,           0.99697966325436,                  0.00310937802546015
        1008,3057.51247081818,          0.996751443763521,                  0.00310866625500389
        1009,3057.51157890909,          0.996807278275365,                   0.0032492300737434
        1010,     3057.510687,            0.9968630873943,                  0.00296601371993204
        1011,3057.50979509091,          0.997060077776617,                  0.00240051286251274
        1012,3057.50890318182,          0.997115804066674,                  0.00127057089573836
        1013,3057.50801127272,          0.996889220103203,                                    0
        1014,3057.50711936364,                          1,                                    0
        1015,3057.50622745455,                          1,                                    0
        1016,3057.50533554545,                          1,                                    0
        1017,3057.50444363636,                          1,                                    0
        1018,3057.50355172727,                          1,                                    0
        1019,3057.50265981818,                          1,                                    0
        1020,3057.50176790909,                          1,                                    0
        1021,     3057.500876,                          1,                                    0
        1022,3057.49998409091,                          1,                                    0
        1023,3057.49909218182,                          1,                                    0
