"SCAN INDEX",      WAVENUMBER,"SCIENCE DIRECT ABSORPTION","SCIENCE HARMONIC ABSORPTION SPECTRA"
           0, 3058.4135858421,                          1,                                    0
           1,3058.41269123684,                          1,                                    0
           2,3058.41179663158,                          1,                                    0
           3,3058.41090202631,                          1,                                    0
           4,3058.41000742105,                          1,                                    0
           5,3058.40911281578,                          1,                                    0
           6,3058.40821821052,                          1,                                    0
           7,3058.40732360526,                          1,                                    0
           8,     3058.406429,                          1,                                    0
           9,3058.40553439473,                          1,                                    0
          10,3058.40463978946,                          1,                                    0
          11, 3058.4037451842,                          1,                                    0
          12,3058.40285057895,                          1,                                    0
          13,3058.40195597368,                          1,                                    0
          14,3058.40106136841,                          1,                                    0
          15,3058.40016676315,                          1,                                    0
          16,3058.39927215789,                          1,                                    0
          17,3058.39837755263,                          1,                                    0
          18,3058.39748294736,                          1,                                    0
          19, 3058.3965883421,                          1,                                    0
          20,3058.39569373683,                          1,                                    0
          21,3058.39479913157,                          1,                                    0
          22,3058.39390452631,                          1,                                    0
          23,3058.39300992105,                          1,                                    0
          24,3058.39211531579,                          1,                                    0
          25,3058.39122071052,                          1,                                    0
          26,3058.39032610526,                          1,                                    0
          27,3058.38943149999,                          1,                                    0
          28,3058.38853689474,                          1,                                    0
          29,3058.38764228947,                          1,                                    0
          30,3058.38674768421,                          1,                                    0
          31,3058.38585307894,                          1,                                    0
          32,3058.38495847368,                          1,                                    0
          33,3058.38406386842,                          1,                                    0
          34,3058.38316926315,                          1,                                    0
          35,3058.38227465789,                          1,                                    0
          36,3058.38138005263,                          1,                                    0
          37,3058.38048544736,                          1,                                    0
          38, 3058.3795908421,                          1,                                    0
          39,3058.37869623684,                          1,                                    0
          40,3058.37780163157,                          1,                                    0
          41,3058.37690702632,                          1,                                    0
          42,3058.37601242105,                          1,                                    0
          43,3058.37511781578,                          1,                                    0
          44,3058.37422321052,                          1,                                    0
          45,3058.37332860526,                          1,                                    0
          46,     3058.372434,                          1,                                    0
          47,3058.37153939473,                          1,                                    0
          48,3058.37064478947,                          1,                                    0
          49, 3058.3697501842,                          1,                                    0
          50,3058.36885557895,                          1,                                    0
          51,3058.36796097368,                          1,                                    0
          52,3058.36706636842,                          1,                                    0
          53,3058.36617176315,                          1,                                    0
          54,3058.36527715789,                          1,                                    0
          55,3058.36438255263,                          1,                                    0
          56,3058.36348794736,                          1,                                    0
          57,3058.36259334211,                          1,                                    0
          58,3058.36169873684,                          1,                                    0
          59,3058.36080413157,                          1,                                    0
          60,3058.35990952631,                          1,                                    0
          61,3058.35901492105,                          1,                                    0
          62,3058.35812031579,                          1,                                    0
          63,3058.35722571053,                          1,                                    0
          64,3058.35633110526,                          1,                                    0
          65,3058.35543649999,                          1,                                    0
          66,3058.35454189473,                          1,                                    0
          67,3058.35364728947,                          1,                                    0
          68,3058.35275268421,                          1,                                    0
          69,3058.35185807894,                          1,                                    0
          70,3058.35096347368,                          1,                                    0
          71,3058.35006886841,                          1,                                    0
          72,3058.34917426315,                          1,                                    0
          73,3058.34827965789,                          1,                                    0
          74,3058.34738505263,                          1,                                    0
          75,3058.34649044737,                          1,                                    0
          76, 3058.3455958421,                          1,                                    0
          77,3058.34470123683,                          1,                                    0
          78,3058.34380663157,          0.982850405587609,                -0.000398318300136822
          79,3058.34291202632,          0.987093538010765,                 0.000398101850377401
          80,3058.34201742105,          0.990735232971987,                  0.00159154254292689
          81,3058.34112281579,          0.993378800230648,                  0.00258485276280993
          82,3058.34022821052,          0.995423318223461,                  0.00357708519225839
          83,3058.33933360526,          0.996867781447812,                  0.00377375729179287
          84,     3058.338439,          0.996526054590571,                  0.00377171215880893
          85,3058.33754439473,          0.995986294276253,                  0.00456328381839718
          86,3058.33664978947,          0.995248822120342,                  0.00515570220664054
          87,3058.33575518421,          0.994313959042272,                  0.00554929058265569
          88,3058.33486057894,          0.993578188819472,                  0.00594245328241311
          89,3058.33396597368,          0.992841248346914,                  0.00613720412736876
          90,3058.33307136841,          0.992502804770187,                   0.0059360215596303
          91,3058.33217676316,          0.992560247754429,                  0.00593281678275212
          92,3058.33128215789,          0.992024667200332,                  0.00652257701088084
          93,3058.33038755263,          0.992674947847525,                  0.00671660661230166
          94,3058.32949294736,          0.992532804719615,                  0.00730529416642645
          95, 3058.3285983421,          0.992590107645706,                  0.00749869266213456
          96,3058.32770373684,          0.993239032163904,                  0.00710019959449971
          97,3058.32680913158,          0.993098771735124,                  0.00689925704857668
          98,3058.32591452631,          0.993155677792795,                  0.00630449944244583
          99,3058.32501992105,           0.99340943236841,                  0.00511965217870737
         100,3058.32412531578,          0.993464155191382,                  0.00492008793181152
         101,3058.32323071052,          0.993520773258536,                  0.00393395673434384
         102,3058.32233610526,          0.993577330552208,                   0.0031454763135804
         103,3058.32144149999,          0.993633827170197,                   0.0027508154202853
         104,3058.32054689473,          0.993690263210091,                  0.00176743327448435
         105,3058.31965228947,          0.993746638769269,                  0.00117765748224681
         106,3058.31875768421,          0.993802953944903,                 0.000588513395545738
         107,3058.31786307894,           0.99366119447173,                                    0
         108,3058.31696847369,           0.99391345584806,                  -0.0005878825645789
         109,3058.31607386842,          0.993773735308346,                 0.000391712154240578
         110,3058.31517926315,          0.994221418336426,                  0.00137025987957373
         111,3058.31428465789,          0.994472976277818,                  0.00254340914649058
         112,3058.31339005263,          0.994137638395144,                  0.00273759381147365
         113,3058.31249544737,          0.994193534517297,                  0.00332244743204129
         114, 3058.3116008421,          0.994249371024956,                  0.00371134342818746
         115,3058.31070623684,           0.99430514801344,                  0.00409982487890874
         116,3058.30981163157,          0.994360865577865,                   0.0042927666881305
         117,3058.30891702631,          0.994609605978579,                  0.00390042982736698
         118,3058.30802242105,          0.994665102127137,                  0.00370343659424174
         119,3058.30712781578,          0.994330911145312,                  0.00292221074983928
         120,3058.30623321052,          0.994775917427173,                  0.00175239445230858
         121,3058.30533860526,          0.995220450865612,                 0.000583821148337277
         122,3058.30444399999,          0.995081001071715,                 -0.00116702228429052
         123,3058.30354939473,          0.995136099781883,                 -0.00213840537167429
         124,3058.30265478946,          0.995191140039831,                 -0.00330305532617671
         125,3058.30176018421,          0.995246121938526,                 -0.00485485913140744
         126,3058.30086557895,          0.995301045570736,                 -0.00524046962371487
         127,3058.29997097368,          0.995355911029032,                 -0.00581966036462112
         128,3058.29907636841,          0.995410718405792,                  -0.0054288079694901
         129,3058.29818176314,          0.995465467793194,                  -0.0048445856910317
         130,3058.29728715789,          0.995520159283225,                 -0.00406730026166298
         131,3058.29639255263,          0.995768371578014,                 -0.00367799359641957
         132,3058.29549794736,          0.995629368938144,                 -0.00309562182335995
         133, 3058.2946033421,          0.996072561884706,                  -0.0034807427905115
         134,3058.29370873684,          0.996126817728506,                 -0.00289908852656725
         135,3058.29281413159,          0.995987845703015,                 -0.00251121838520931
         136,3058.29191952631,           0.99604208900473,                 -0.00250989477748817
         137,3058.29102492105,          0.996096275155676,                 -0.00250857256432077
         138,3058.29013031578,          0.996343269764858,                 -0.00192865518731099
         139,3058.28923571053,          0.996204476366167,                 -0.00173487621658195
         140,3058.28834110526,          0.996453074034614,                -0.000770652029415788
         141,    3058.2874465,          0.996314368570845,                -0.000192561725661161
         142,3058.28655189474,          0.996175808863578,                -0.000192460550398682
         143,3058.28565728946,           0.99661447312738,                 0.000192359481398838
         144,3058.28476268421,          0.996477817169488,                -0.000576776664385195
         145,3058.28386807894,          0.996531547544701,                -0.000192158030764501
         146,3058.28297347368,          0.996777278855646,                -0.000384114558325875
         147,3058.28207886841,          0.996448795469815,                -0.000383914003263269
         148,3058.28118426315,           0.99688616964332,                 -0.00038371292134077
         149,3058.28028965789,          0.996556061791462,                -0.000575268074922914
         150,3058.27939505263,          0.996803176890879,                -0.000574968185093758
         151,3058.27850044736,          0.996665012901286,                -0.000766223342611021
         152, 3058.2776058421,          0.996528901252697,                  -0.0013401925665262
         153,3058.27671123685,          0.996965092826827,                 -0.00210491670270539
         154,3058.27581663158,          0.996635804299056,                 -0.00248632996658755
         155,3058.27492202631,          0.996882234086682,                 -0.00382313416715889
         156,3058.27402742104,          0.996937350378198,                 -0.00363009000712644
         157,3058.27313281578,          0.996990505579786,                  -0.0034372398200414
         158,3058.27223821053,          0.997045508332888,                 -0.00324459679204807
         159,3058.27134360526,          0.997098551946603,                 -0.00286138861281788
         160,     3058.270449,           0.99734410182786,                 -0.00266924439411012
         161,3058.26955439473,          0.997208274179871,                 -0.00247729936257182
         162,3058.26865978947,          0.997070688216853,                 -0.00209508645088546
         163, 3058.2677651842,          0.996935143058384,                 -0.00228436542232206
         164,3058.26687057895,          0.997180268730664,                 -0.00228318321403701
         165,3058.26597597368,          0.997044807113762,                 -0.00285250278594439
         166,3058.26508136842,          0.997287727107713,                 -0.00304109083928405
         167,3058.26418676315,          0.997152350213431,                 -0.00322948941772306
         168,3058.26329215789,          0.997017113150335,                 -0.00303794968775573
         169,3058.26239755263,          0.997071789548395,                 -0.00284660769760676
         170,3058.26150294736,           0.99693673359066,                 -0.00208643532524682
         171, 3058.2606083421,          0.997180973180382,                  -0.0013270469224834
         172,3058.25971373684,          0.997235480588678,                -0.000757921702898482
         173,3058.25881913157,          0.997100549020796,                -0.000189382820326837
         174,3058.25792452631,          0.997533612339888,                 0.000189285315434514
         175,3058.25702992105,          0.997209478314336,                 0.000567563732677482
         176,3058.25613531579,          0.997074768316734,                                    0
         177,3058.25524071052,          0.997131074731912,                -0.000377987518852127
         178,3058.25434610526,          0.997374336500501,                -0.000566689963920739
         179,    3058.2534515,          0.997239749123026,                -0.000755198598351402
         180,3058.25255689473,          0.997105299905271,                 -0.00075481097646122
         181,3058.25166228948,           0.99716147527843,                 -0.00113163776275214
         182,3058.25076768421,          0.997215713405105,                -0.000942547933275147
         183,3058.24987307894,          0.996894948261699,                -0.000376826667269589
         184,3058.24897847368,          0.997137584271779,                 0.000188316824225076
         185,3058.24808386841,          0.997193628350565,                 0.000564662303709267
         186,3058.24718926316,          0.996871490303125,                  0.00150499564491885
         187,3058.24629465789,          0.997115641346736,                  0.00206831454927665
         188,3058.24540005263,          0.996983678033471,                  0.00263105965927777
         189,3058.24450544736,          0.997037813429205,                  0.00413240992755134
         190, 3058.2436108421,          0.997093765488653,                   0.0054444961775882
         191,3058.24271623684,          0.997149660642612,                  0.00713053953790351
         192,3058.24182163157,           0.99720549897785,                  0.00843976818770045
         193,3058.24092702632,          0.997073825453032,                  0.00843548075679384
         194,3058.24003242105,           0.99731700553836,                  0.00805647778285731
         195,3058.23913781578,          0.996998144205182,                  0.00767785948768078
         196,3058.23824321052,          0.997053946102562,                   0.0071124554067763
         197,3058.23734860526,          0.997109691419806,                  0.00654762461532705
         198,     3058.236454,          0.997352360437982,                  0.00673128702207862
         199,3058.23555939473,          0.997594783652004,                   0.0067278778964916
         200,3058.23466478947,          0.997278451575304,                  0.00672448478305131
         201, 3058.2337701842,          0.996960577116954,                  0.00709447601693713
         202,3058.23287557894,          0.997016228804308,                  0.00653108141646094
         203,3058.23198097368,          0.997260192215514,                  0.00615477582627866
         204,3058.23108636842,          0.997129222280218,                  0.00577883826709418
         205,3058.23019176316,          0.997372882934918,                  0.00540329041754392
         206,3058.22929715789,          0.997616298558605,                  0.00484189355283251
         207,3058.22840255262,          0.997485346700146,                  0.00372265477402555
         208,3058.22750794737,          0.997356382355294,                  0.00297662788988709
         209, 3058.2266133421,          0.997413493345928,                  0.00204540425555653
         210,3058.22571873684,          0.997656399553211,                  0.00167267280103929
         211,3058.22482413158,          0.997713302782117,                  0.00204335250988704
         212,3058.22392952631,          0.997770148959991,                  0.00259932677436544
         213,3058.22303492105,          0.997826938172587,                  0.00352589024089253
         214,3058.22214031578,          0.997698190269336,                  0.00408056519537561
         215,3058.22124571053,           0.99757142062624,                  0.00444930572291949
         216,3058.22035110526,          0.997998814112066,                  0.00444707975096353
         217,    3058.2194565,          0.997684970830632,                  0.00388924900453746
         218,3058.21856189473,          0.997928617838321,                  0.00333198202951025
         219,3058.21766728947,          0.997985157884804,                  0.00314529990434588
         220,3058.21677268421,          0.998043487105138,                  0.00295880967086941
         221,3058.21587807895,          0.998101758322598,                  0.00258767122528081
         222,3058.21498347368,          0.997790488013952,                  0.00221690165824244
         223,3058.21408886842,          0.998031634186784,                  0.00203114671157347
         224,3058.21319426315,          0.998089824393035,                  0.00203013832624323
         225,3058.21229965789,          0.997963490400366,                  0.00221359739090654
         226,3058.21140505263,          0.997837281723095,                  0.00258124943535169
         227,3058.21051044737,          0.997897320696372,                  0.00294854240648974
         228, 3058.2096158421,          0.998139654823083,                  0.00294708146838334
         229,3058.20872123684,          0.998565850299809,                  0.00294562197728557
         230,3058.20782663157,          0.998441430351074,                  0.00239213759575451
         231,3058.20693202631,          0.998499216502733,                  0.00202311500857065
         232,3058.20603742105,          0.998558781140622,                 0.000735315744580723
         233,3058.20514281579,          0.998800190352649,                -0.000551214233086451
         234,3058.20424821052,          0.998492252824042,                 -0.00146918117023953
         235,3058.20335360526,          0.998735290176564,                 -0.00220268764604278
         236,3058.20245899999,          0.998794621479955,                  -0.0027520057535267
         237,3058.20156439474,          0.998853894466602,                 -0.00275065328015404
         238,3058.20066978947,          0.999096396031474,                 -0.00238272851741133
         239,3058.19977518421,          0.999338659475581,                 -0.00146557456935007
         240,3058.19888057894,          0.999216300940439,                -0.000732429027627223
         241,3058.19798597367,          0.999275250916917,                -0.000183017445222879
         242,3058.19709136842,          0.999335971155904,                -0.000182928056224767
         243,3058.19619676315,          0.999211966408925,                                    0
         244, 3058.1953021579,            0.9992726581603,                  -0.0001827492059547
         245,3058.19440755263,          0.999515950791375,                -0.000730640314905976
         246,3058.19351294737,          0.999209468847048,                -0.000730282820279224
         247, 3058.1926183421,          0.999270072992701,                 -0.00127737226277372
         248,3058.19172373684,          0.999513010996467,                   -0.001641535966965
         249,3058.19082913158,          0.999757535098162,                 -0.00218765324966775
         250,3058.18993452632,           0.99981778425656,                 -0.00255102040816327
         251,3058.18903992105,          0.999877974819102,                 -0.00273190703502487
         252,3058.18814531578,          0.999939927148014,                 -0.00254854523576774
         253,3058.18725071052,          0.999818049490539,                 -0.00218340611353712
         254,3058.18635610526,           1.00006183324665,                 -0.00200048739147356
         255,    3058.1854615,          0.999941832142104,                 -0.00163597100332284
         256,3058.18456689474,           1.00000363373413,                 -0.00127180694697292
         257,3058.18367228947,           1.00006537561925,                -0.000907994711838798
         258,3058.18277768421,           1.00012705788394,                -0.000544533788321565
         259,3058.18188307895,           1.00000725694671,                -0.000362847335612015
         260,3058.18098847368,           1.00006890773979,                 0.000181336157341757
         261,3058.18009386842,            1.0003135608734,                 0.000362498119541005
         262,3058.17919926316,           1.00019384303786,                 0.000724646870521909
         263,3058.17830465789,           1.00043820098577,                 0.000181074787508737
         264,3058.17741005263,           1.00050133659594,                -0.000361975881547013
         265,3058.17651544736,           1.00002170814128,                -0.000904505886524309
         266,3058.17562084211,           1.00026579731057,                 -0.00108488698189866
         267,3058.17472623684,           1.00032892477743,                 -0.00108436739813272
         268,3058.17383163158,           1.00039199180611,                -0.000903206926513278
         269,3058.17293702631,           1.00063555343704,                 -0.00036110990741142
         270,3058.17204242104,           1.00051975051975,                 0.000721875721875722
         271,3058.17114781579,           1.00058263600402,                  0.00126267864648064
         272,3058.17025321052,           1.00046696872391,                  0.00162267124139759
         273,3058.16935860526,           1.00053162252998,                  0.00216253232535299
         274,3058.16846399999,           1.00041608951508,                  0.00216150397446543
         275,3058.16756939474,           1.00066074576051,                  0.00270059575142276
         276,3058.16667478947,           1.00072521536017,                  0.00251935857130774
         277,3058.16578018421,            1.0007896237326,                  0.00269803097699299
         278,3058.16488557895,            1.0010355540214,                  0.00161805315843977
         279,3058.16399097368,           1.00092005577838,                  0.00143758715372119
         280,3058.16309636841,           1.00080646464937,                 0.000718454030616918
         281,3058.16220176315,           1.00069298078684,                 0.000538586103760408
         282,3058.16130715789,           1.00075904801382,                 0.000358887949798754
         283,3058.16041255263,           1.00100441223948,                -0.000358718656957348
         284,3058.15951794737,           1.00089099556654,                -0.000537824285634893
         285, 3058.1586233421,           1.00113786028509,                 -0.00107514357646511
         286,3058.15772873684,           1.00084538120961,                 -0.00143284950781619
         287,3058.15683413158,           1.00109203530317,                 -0.00196924398933028
         288,3058.15593952632,           1.00097879048694,                 -0.00250513104519435
         289,3058.15504492105,            1.0010462963791,                 -0.00286166531035655
         290,3058.15415031579,           1.00093496872413,                 -0.00303909527921241
         291,3058.15325571052,           1.00100243192487,                 -0.00285898588197034
         292,3058.15236110525,           1.00107161993213,                 -0.00303625647437042
         293,    3058.1514665,           1.00113895623052,                 -0.00285631656556496
         294,3058.15057189473,           1.00085114279749,                  -0.0026765496776542
         295,3058.14967728948,           1.00092030448524,                 -0.00303201090097096
         296,3058.14878268421,           1.00080934706728,                 -0.00320886502444086
         297,3058.14788807894,           1.00105665111091,                 -0.00356374742296515
         298,3058.14699347368,           1.00112740374768,                 -0.00445262143634443
         299,3058.14609886842,           1.00119630853367,                 -0.00445055258060841
         300,3058.14520426316,           1.00090927046615,                 -0.00355878851721297
         301,3058.14430965789,           1.00097999285014,                 -0.00284571426538776
         302,3058.14341505263,           1.00087287492289,                 -0.00231107413392497
         303,3058.14252044736,           1.00076407768715,                 -0.00159923236846314
         304, 3058.1416258421,           1.00101237944692,                 -0.00124327300499085
         305,3058.14073123684,           1.00090717198454,                -0.000710115056392012
         306,3058.13983663157,           1.00080028533455,                -0.000532340577305611
         307,3058.13894202631,           1.00087086229556,                -0.000532095088939694
         308,3058.13804742105,           1.00094314869838,                 -0.00124098512945248
         309,3058.13715281578,           1.00083816652402,                -0.000886011124755682
         310,3058.13625821052,           1.00091040160401,                -0.000708483738526992
         311,3058.13536360526,           1.00080553072082,                                    0
         312,     3058.134469,           1.00070075596704,                 0.000707834310144681
         313,3058.13357439473,           1.00094983223168,                  0.00106126506333099
         314,3058.13267978947,           1.00102365364794,                  0.00123757781270497
         315,3058.13178518421,           1.00092069152593,                  0.00159044601407721
         316,3058.13089057894,           1.00099269082803,                  0.00158971840787935
         317,3058.12999597369,           1.00106639171181,                  0.00194210411090474
         318,3058.12910136842,           1.00061236771004,                  0.00229417297711298
         319,3058.12820676315,            1.0008625692569,                  0.00246952343489542
         320,3058.12731215789,           1.00075991459336,                   0.0028210286528354
         321,3058.12641755262,            1.0008353512176,                  0.00334845424777856
         322,3058.12552294737,            1.0009107195389,                  0.00334693834411106
         323, 3058.1246283421,           1.00063386977498,                  0.00334542381237455
         324,3058.12373373684,           1.00070926104854,                  0.00369590124551872
         325,3058.12283913157,           1.00060866842348,                  0.00404606177456751
         326,3058.12194452632,           1.00103743559987,                  0.00404424047405532
         327,3058.12104992105,           1.00058527120202,                  0.00439392794309688
         328,3058.12015531578,           1.00066230633688,                  0.00439195183609938
         329,3058.11926071053,            1.0009148713122,                  0.00386318020506463
         330,3058.11836610526,           1.00064064872265,                  0.00368592415772245
         331,    3058.1174715,            1.0007193108651,                  0.00298250846506079
         332,3058.11657689473,           1.00079614762752,                  0.00263044370324386
         333,3058.11568228947,           1.00069938527715,                  0.00227869889798616
         334,3058.11478768421,           1.00060270938895,                  0.00157685595946429
         335,3058.11389307894,           1.00068124782185,                  0.00140102379814049
         336,3058.11299847368,           1.00058466633757,                   0.0014003984133486
         337,3058.11210386842,           1.00066314273666,                  0.00174971698327795
         338,3058.11120926315,           1.00091819334528,                  0.00139915176424293
         339,3058.11031465789,           1.00082163522892,                  0.00192297606768876
         340,3058.10942005263,            1.0010763886462,                  0.00157264574931328
         341,3058.10852544737,           1.00080693333892,                    0.001047965375224
         342, 3058.1076308421,           1.00088688389503,                  0.00157125099512563
         343,3058.10673623684,           1.00114301669153,                  0.00191957001631635
         344,3058.10584163158,           1.00122274764128,                  0.00261643575167583
         345,3058.10494702631,           1.00112980165704,                  0.00313833793622897
         346,3058.10405242105,           1.00086266240273,                  0.00365977989038088
         347,3058.10315781579,            1.0012925523205,                  0.00313557166697442
         348,3058.10226321053,           1.00102731974021,                   0.0029600738277237
         349,3058.10136860526,           1.00110866867515,                   0.0017404531791988
         350,     3058.100474,           1.00084374972817,                  0.00121778311282761
         351,3058.09957939473,           1.00092684852374,                 0.000695571124755898
         352,3058.09868478947,           1.00118369113483,                                    0
         353,3058.09779018421,           1.00109282781794,                 0.000347481023192621
         354,3058.09689557895,           1.00117570850765,                 0.000173664476757615
         355,3058.09600097368,           1.00143384356871,                -0.000173588809770967
         356,3058.09510636842,           1.00117121415868,                -0.000520539626079035
         357,3058.09421176315,           1.00142912642913,                 -0.00104062604062604
         358,3058.09331715789,           1.00151345204021,                 -0.00104017322351416
         359,3058.09242255263,           1.00142441749642,                 -0.00138629440041034
         360,3058.09152794737,           1.00133719480088,                 -0.00225175290302913
         361, 3058.0906333421,           1.00142145057213,                 -0.00259704733032191
         362,3058.08973873684,           1.00150736636617,                 -0.00276898528803504
         363,3058.08884413158,           1.00159320784875,                 -0.00190285410817553
         364,3058.08794952631,           1.00168070714197,                 -0.00172912257404103
         365,3058.08705492105,           1.00142072460412,                 -0.00103702525847855
         366,3058.08616031579,           1.00185374904764,                -0.000691052767061661
         367,3058.08526571052,           1.00159564547659,                -0.000172688904392515
         368,3058.08437110526,           1.00168299313857,                 0.000863073404393044
         369,    3058.0834765,           1.00177026574691,                  0.00120778364798973
         370,3058.08258189473,            1.0016867245465,                  0.00155220050291296
         371,3058.08168728947,            1.0016015280888,                  0.00155153420874341
         372,3058.08079268421,           1.00151813054544,                  0.00137855214114995
         373,3058.07989807895,           1.00177929506844,                 0.000516736225104079
         374,3058.07900347368,           1.00169761748167,                 0.000172172158384612
         375,3058.07810886842,           1.00178638424127,                 0.000172098674496009
         376,3058.07721426315,           1.00204882429138,                                    0
         377,3058.07631965789,           1.00179518395477,                                    0
         378,3058.07542505263,           1.00188551795023,                -0.000343758969960622
         379,3058.07453044737,           1.00214758182287,                -0.000171806545829396
         380, 3058.0736358421,           1.00189594295685,                 -0.00085866981741245
         381,3058.07274123684,           1.00181445833183,                 -0.00188827262536843
         382,3058.07184663158,           1.00207793901395,                 -0.00274541901099712
         383,3058.07095202631,            1.0019981647757,                 -0.00291577692591354
         384,3058.07005742105,           1.00192017555891,                 -0.00342888492662186
         385,3058.06916281579,           1.00201190692446,                 -0.00394155530344835
         386,3058.06826821053,           1.00193397753571,                  -0.0039399010913526
         387,3058.06737360526,           1.00236979808772,                 -0.00393824826717076
         388,     3058.066479,           1.00212062759623,                  -0.0032519712936513
         389,3058.06558439474,           1.00204275063045,                 -0.00239518499382384
         390,3058.06468978947,           1.00230867892262,                 -0.00171013253527148
         391,3058.06379518421,           1.00206155960574,                 -0.00119659346933473
         392,3058.06290057895,           1.00215638765767,                -0.000512611962996251
         393,3058.06200597368,           1.00208033722642,                -0.000341598887754021
         394,3058.06111136842,            1.0023458067424,                 0.000682913171004873
         395,3058.06021676316,             1.002100793728,                 0.000341314984239781
         396,3058.05932215789,           1.00236774409258,                 0.000341173500371879
         397,3058.05842755263,           1.00212292503261,                 0.000682064267505606
         398,3058.05753294737,           1.00204875421426,                  0.00102267265271059
         399, 3058.0566383421,           1.00214672709306,                   0.0013630013289263
         400,3058.05574373684,           1.00207260768789,                  0.00221396055403511
         401,3058.05484913157,           1.00200025535175,                  0.00255351747031536
         402,3058.05395452632,           1.00226829139632,                  0.00306295912481048
         403,3058.05305992105,           1.00202752811664,                  0.00272151425052899
         404,3058.05216531578,           1.00229533282326,                  0.00238034515004676
         405,3058.05127071052,           1.00239466613188,                  0.00186950514198892
         406,3058.05037610526,           1.00232403267237,                  0.00135908343413202
         407,    3058.0494815,           1.00225345702724,                  0.00101889541548008
         408,3058.04858689474,           1.00201489357729,                 0.000169746720917719
         409,3058.04769228947,           1.00228385656159,                -0.000339354615392447
         410,3058.04679768421,           1.00238469183879,                -0.000339216477779625
         411,3058.04590307895,           1.00231590583113,                -0.000678156905163148
         412,3058.04500847368,           1.00258781540589,                -0.000508411671098322
         413,3058.04411386842,           1.00251900263081,                -0.000508204969228189
         414,3058.04321926316,           1.00262127636516,                 -0.00033866619704954
         415,3058.04232465789,           1.00238493815918,                 0.000169264596109284
         416,3058.04143005263,           1.00248718339171,                 0.000169196149095647
         417,3058.04053544737,           1.00242021820863,                 0.000169127757416675
         418, 3058.0396408421,           1.00235500171596,                 0.000338119413633313
         419,3058.03874623684,           1.00228983768346,                 0.000506975132869733
         420,3058.03785163158,           1.00239364981765,                 0.000337847539540831
         421,3058.03695702631,           1.00232852262922,                                    0
         422,3058.03606242105,           1.00243392780585,                -0.000675153344203302
         423,3058.03516781579,           1.00236883663801,                -0.000843602791312916
         424,3058.03427321052,           1.00213683502183,                 -0.00185518431256145
         425,3058.03337860526,           1.00258105194304,                    -0.00236020425882
         426,     3058.032484,           1.00268618787137,                  -0.0030333363666697
         427,3058.03158939473,           1.00262447737862,                 -0.00320058216905138
         428,3058.03069478947,           1.00239274330293,                 -0.00269415150224204
         429,3058.02980018421,           1.00250120347273,                 -0.00235645010890166
         430,3058.02890557895,           1.00243963994279,                 -0.00185076133591318
         431,3058.02801097368,           1.00271449378223,                -0.000672736996834772
         432,3058.02711636842,           1.00231834451037,                 0.000336235607014547
         433,3058.02622176315,           1.00242666236455,                 0.000840257051437176
         434,3058.02532715789,           1.00253489469856,                  0.00100791041692214
         435,3058.02443255263,           1.00230888711641,                  0.00134335250409303
         436,3058.02353794737,           1.00241708070364,                   0.0011749697864912
         437,3058.02264334211,           1.00219129722782,                  0.00134229539223549
         438,3058.02174873684,           1.00230113312357,                  0.00184493180461166
         439,3058.02085413158,           1.00241256343667,                  0.00217952221519932
         440,3058.01995952631,           1.00252222659818,                  0.00284902672219476
         441,3058.01906492105,           1.00246595904364,                  0.00318296343947679
         442,3058.01817031579,           1.00224227637103,                   0.0030142624853264
         443,3058.01727571052,           1.00235355560987,                  0.00234351198706381
         444,3058.01638110526,           1.00246642549019,                  0.00167328730677715
         445,    3058.0154865,           1.00241026730383,                  0.00050179055596721
         446,3058.01459189473,           1.00252302743228,                 -0.00100319182198027
         447,3058.01369728947,           1.00230143250385,                 -0.00217273947349509
         448,3058.01280268421,           1.00241582213134,                 -0.00284017816270545
         449,3058.01190807895,           1.00236144465635,                 -0.00283907773394836
         450,3058.01101347368,           1.00230878255542,                 -0.00267104272499779
         451,3058.01011886842,           1.00242303687288,                 -0.00183563399460657
         452,3058.00922426315,           1.00253720313806,                 -0.00150130363198711
         453,3058.00832965789,           1.00248620580982,                 -0.00100048523533914
         454,3058.00743505263,            1.0024352475835,                 -0.00100010167700383
         455,3058.00654044737,           1.00238265824683,                 -0.00166619457820284
         456,3058.00564584211,           1.00233344825691,                 -0.00283145041880483
         457,3058.00475123684,           1.00244909919434,                 -0.00416230318549387
         458,3058.00385663157,           1.00223347280056,                 -0.00466000286257319
         459,3058.00296202632,           1.00234907367973,                 -0.00482458475298126
         460,3058.00206742105,           1.00213531653906,                  -0.0044901516008222
         461,3058.00117281579,           1.00241877166297,                 -0.00349101064758248
         462,3058.00027821052,           1.00220348502926,                 -0.00265880546517463
         463,3057.99938360526,           1.00215613901615,                 -0.00166112404942176
         464,     3057.998489,           1.00210882885276,                 -0.00182654467562227
         465,3057.99759439474,            1.0020615544984,                 -0.00165986674589764
         466,3057.99669978947,           1.00251375096443,                 -0.00149331740461435
         467,3057.99580518421,           1.00230216018258,                 -0.00116103179236771
         468,3057.99491057895,           1.00208906721491,                 -0.00099479391186126
         469,3057.99401597368,           1.00221093001594,                -0.000331473765508829
         470,3057.99312136842,           1.00199969184533,                 0.000497023656669312
         471,3057.99222676316,           1.00211983703753,                 0.000828061342784273
         472,3057.99133215789,           1.00207600083437,                  0.00182105336348556
         473,3057.99043755263,           1.00219768581036,                  0.00215134906134986
         474,3057.98954294737,           1.00199008431804,                  0.00231597509995914
         475, 3057.9886483421,           1.00211171065099,                  0.00248047453131434
         476,3057.98775373684,           1.00206959937052,                  0.00165303464099394
         477,3057.98685913158,           1.00202751940354,                  0.00132193604142948
         478,3057.98596452632,           1.00215065130707,                 0.000825902959705846
         479,3057.98506992105,           1.00210857249477,                                    0
         480,3057.98417531579,           1.00173806258016,                                    0
         481,3057.98328071052,           1.00186281805267,                -0.000329994340597059
         482,3057.98238610526,           1.00215241755251,                -0.000164936210920427
         483,    3057.9814915,           1.00194717725249,                  0.00016487529656944
         484,3057.98059689473,           1.00174373951366,                 0.000659258795336403
         485,3057.97970228947,           1.00186995955286,                  0.00115327901938333
         486,3057.97880768421,           1.00199608687919,                  0.00115285545827651
         487,3057.97791307895,           1.00179285524958,                 0.000987799035578875
         488,3057.97701847368,           1.00208349104889,                 0.000329145505353552
         489,3057.97612386842,           1.00188202469006,                -0.000329025295464715
         490,3057.97522926316,           1.00217406319584,                -0.000822262933373679
         491,3057.97433465789,           1.00213710340293,                 -0.00115074798619102
         492,3057.97344005263,           1.00177150538518,                 -0.00147899336424977
         493,3057.97254544737,           1.00173636493561,                 -0.00229982110677248
         494, 3057.9716508421,           1.00186546331146,                 -0.00229898647539099
         495,3057.97075623684,           1.00166616052595,                  -0.0021339987031854
         496,3057.96986163158,           1.00163109651037,                 -0.00180503637968776
         497,3057.96896702631,           1.00192577088248,                 -0.00196841998208738
         498,3057.96807242105,           1.00189063814367,                 -0.00163975554524332
         499,3057.96717781579,            1.0016932566423,                -0.000819582111473002
         500,3057.96628321052,           1.00182537367726,                                    0
         501,3057.96538860526,           1.00146435907264,                  0.00131038843189092
         502,     3057.964494,            1.0019239428548,                  0.00245609726145155
         503,3057.96359939473,           1.00189051387604,                  0.00278257453616938
         504,3057.96270478947,           1.00169676502013,                  0.00294520447082039
         505,3057.96181018421,           1.00182864395746,                  0.00245345790356929
         506,3057.96091557895,           1.00163341786557,                  0.00196206350218525
         507,3057.96002097369,           1.00176686242173,                 0.000980682195224405
         508,3057.95912636842,           1.00173682310056,                                    0
         509,3057.95823176316,           1.00187013580943,                  -0.0006533225535112
         510, 3057.9573371579,           1.00184171684583,                 -0.00195927324024608
         511,3057.95644255263,           1.00181168290653,                 -0.00277464949648272
         512,3057.95554794737,           1.00178330480807,                 -0.00342629469071164
         513,3057.95465334211,           1.00159184765235,                 -0.00342508203886979
         514,3057.95375873684,           1.00156520037826,                 -0.00374995923957348
         515,3057.95286413158,           1.00169992356048,                 -0.00309669680241608
         516,3057.95196952632,           1.00167325705106,                 -0.00228097358469662
         517,3057.95107492105,           1.00164660930408,                 -0.00146582430629865
         518,3057.95018031579,           1.00145716820931,                -0.000488436271277505
         519,3057.94928571052,           1.00159500016276,                 0.000162755118648481
         520,3057.94839110526,           1.00124301212425,                  0.00146428129819926
         521,    3057.9474965,           1.00138082234558,                  0.00243961545154842
         522,3057.94660189474,           1.00151853622213,                  0.00325168355916276
         523,3057.94570728947,           1.00182030945261,                  0.00341308022363802
         524,3057.94481268421,           1.00130789039716,                  0.00324941713580127
         525,3057.94391807894,           1.00112228341635,                  0.00308587335900563
         526,3057.94302347368,           1.00158623724069,                  0.00243536935623446
         527,3057.94212886842,           1.00123836094894,                  0.00162301566047811
         528,3057.94123426316,           1.00137746186832,                  0.00032449042834359
         529,3057.94033965789,           1.00119371225047,                -0.000486567493398901
         530,3057.93944505263,           1.00149648900656,                                    0
         531,3057.93855044736,           1.00131282516734,                -0.000162077181153665
         532, 3057.9376558421,           1.00112928809484,                 0.000162021247466393
         533,3057.93676123684,            1.0011094644607,                 0.000485896844099998
         534,3057.93586663158,           1.00108803357361,                 0.000809548789886469
         535,3057.93497202632,           1.00090638352972,                  0.00113297941214554
         536,3057.93407742105,           1.00088827621022,                  0.00210338629012816
         537,3057.93318281579,           1.00103030587307,                  0.00258789544255438
         538,3057.93228821052,           1.00101216866028,                   0.0030720774034155
         539,3057.93139360526,           1.00066916012323,                  0.00355592336015362
         540,     3057.930499,           1.00081273620651,                   0.0043625999156564
         541,3057.92960439474,           1.00079630823105,                  0.00436112012947681
         542,3057.92870978947,           1.00093974339515,                  0.00419816637010389
         543,3057.92781518421,           1.00092328353198,                  0.00371250371250371
         544,3057.92692057895,           1.00090683482375,                   0.0033885287008381
         545,3057.92602597368,           1.00072909340783,                  0.00258086162065205
         546,3057.92513136842,           1.00087397082679,                  0.00209623999045405
         547,3057.92423676316,           1.00102036375242,                  0.00128955924476963
         548,3057.92334215789,           1.00116504478896,                 0.000644561432344415
         549,3057.92244755263,           1.00082798258981,                 0.000161086106967618
         550,3057.92155294737,           1.00065217916408,                 0.000161031892366283
         551, 3057.9206583421,           1.00063908255433,                 0.000643911893535608
         552,3057.91976373684,           1.00062438446634,                  0.00128739065225647
         553,3057.91886913158,           1.00061130594254,                  0.00193043981853866
         554,3057.91797452631,            1.0005982361682,                  0.00225142643946558
         555,3057.91707992105,           1.00042441273495,                  0.00208991119485046
         556,3057.91618531579,           1.00057373084149,                  0.00192850703021167
         557,3057.91529071053,           1.00040163868584,                  0.00192786569202346
         558,3057.91439610526,           1.00070985998734,                  0.00176661987800687
         559,    3057.9135015,            1.0006983856855,                  0.00160548433448661
         560,3057.91260689474,           1.00068852506376,                 0.000962972117142348
         561,3057.91171228947,           1.00067706545073,                 0.000962652299615902
         562,3057.91081768421,           1.00050682936531,                 0.000641556158618345
         563,3057.90992307895,             1.000657377864,                 0.000160336064390963
         564,3057.90902847368,           1.00064754382141,                                    0
         565,3057.90813386842,           1.00047748605196,                -0.000640920875113363
         566,3057.90723926316,           1.00062949798737,                                    0
         567,3057.90634465789,           1.00078141012503,                 0.000160125025620004
         568,3057.90545005263,           1.00061147589793,                 0.000480216673763202
         569,3057.90455544737,           1.00060487548846,                -0.000320039940984635
         570, 3057.9036608421,           1.00059667875488,                -0.000959804967630577
         571,3057.90276623684,           1.00043017218081,                 -0.00175906839737675
         572,3057.90187163158,           1.00058190096174,                 -0.00191835481890731
         573,3057.90097702631,           1.00073512960655,                 -0.00223735097644389
         574,3057.90008242105,           1.00088825837455,                 -0.00223662180642358
         575,3057.89918781579,           1.00056376537778,                 -0.00191648287063581
         576,3057.89829321052,           1.00071685045605,                 -0.00175620378988778
         577,3057.89739860526,           1.00055222694293,                 -0.00175563478965899
         578,     3057.896504,           1.00054726153836,                 -0.00239327203365898
         579,3057.89560939474,           1.00038279954064,                 -0.00303049636340436
         580,3057.89471478947,           1.00053893571358,                 -0.00302952028343554
         581,3057.89382018421,           1.00021518573717,                  -0.0027097463199254
         582,3057.89292557894,           1.00053062063493,                  -0.0025495285762317
         583,3057.89203097368,           1.00052726400953,                 -0.00207082541508103
         584,3057.89113636842,           1.00036466652122,                 -0.00143318720131981
         585,3057.89024176316,           1.00036295791598,                -0.000636768273657533
         586,3057.88934715789,           1.00020051752619,                -0.000318281787597832
         587,3057.88845255263,            1.0005170425168,                 0.000795450025852126
         588,3057.88755794737,           1.00051528684301,                  0.00111327404353856
         589, 3057.8866633421,           1.00051353229132,                  0.00158988325487259
         590,3057.88576873684,           1.00051336905195,                  0.00158937786982042
         591,3057.88487413158,           1.00035431863573,                  0.00174776008656179
         592,3057.88397952631,           1.00019378059589,                  0.00206487520211952
         593,3057.88308492105,           1.00035250516849,                   0.0026993639028356
         594,3057.88219031579,           1.00035398117709,                  0.00253977526163654
         595,3057.88129571052,           1.00051255440932,                  0.00285634036151748
         596,3057.88040110526,           1.00035534347754,                  0.00285543865883219
         597,    3057.8795065,           1.00051381593971,                  0.00285453299840146
         598,3057.87861189474,           1.00035670405454,                  0.00237802703024058
         599,3057.87771728948,           1.00035817640663,                  0.00142636622111212
         600,3057.87682268421,           1.00051966817286,                 0.000633741674218755
         601,3057.87592807894,           1.00036270275321,                                    0
         602,3057.87503347368,           1.00020741993353,                                    0
         603,3057.87413886842,           1.00052709305804,                                    0
         604,3057.87324426316,           1.00068832925874,                 0.000158236611204734
         605, 3057.8723496579,            1.0006928603744,                 0.000632749200363198
         606,3057.87145505263,            1.0003795306471,                 0.000948826617749383
         607,3057.87056044737,           1.00070033214398,                  0.00189706224103124
         608, 3057.8696658421,           1.00038877668099,                  0.00173843231334768
         609,3057.86877123684,           1.00039339538132,                  0.00221186158170222
         610,3057.86787663158,           1.00039801120749,                  0.00189529146423901
         611,3057.86698202631,           1.00071998787389,                 0.000947352465642684
         612,3057.86608742105,            1.0007244992826,                 0.000157842980959401
         613,3057.86519281579,           1.00088838114234,                 -0.00047338249147517
         614,3057.86429821052,           1.00089441628689,                -0.000946472261264203
         615,3057.86340360526,            1.0007443292206,                 -0.00157696868770974
         616,     3057.862509,           1.00075040515572,                 -0.00173412956154899
         617,3057.86161439474,           1.00107325391359,                 -0.00204879601714054
         618,3057.86071978947,           1.00108080174693,                  -0.0020481665758121
         619,3057.85982518421,           1.00077333917144,                 -0.00204753752112507
         620,3057.85893057895,           1.00093842898171,                 -0.00188945432559077
         621,3057.85803597368,           1.00094601124825,                 -0.00236109296567443
         622,3057.85714136842,           1.00095516394358,                 -0.00267508847461734
         623,3057.85624676316,           1.00096273643674,                 -0.00314619750569462
         624,3057.85535215789,           1.00081461654835,                 -0.00361702328419424
         625,3057.85445755263,           1.00066816020123,                 -0.00377313995991039
         626,3057.85356294737,           1.00083455268133,                 -0.00330049083013631
         627, 3057.8526683421,           1.00084372540116,                 -0.00298524816053722
         628,3057.85177373684,           1.00101153527179,                 -0.00282727249880626
         629,3057.85087913158,           1.00070817415117,                  -0.0028264156809542
         630,3057.84998452631,           1.00071894788727,                 -0.00266858386103271
         631,3057.84908992105,           1.00088664307516,                 -0.00156927977904541
         632,3057.84819531579,            1.0008989264653,                 -0.00109816496634124
         633,3057.84730071053,           1.00075279947304,                -0.000470499670650231
         634,3057.84640610526,           1.00092190175161,                 0.000313572024358275
         635,    3057.8455115,           1.00077742459295,                 0.000783694146118206
         636,3057.84461689474,           1.00063303436562,                  0.00109684172260559
         637,3057.84372228947,            1.0008020200881,                 0.000939867290738548
         638,3057.84282768421,           1.00128566708269,                 0.000469793087464511
         639,3057.84193307895,            1.0009862704886,                -0.000156550871205598
         640,3057.84103847368,           1.00084199060351,                -0.000939022977892269
         641,3057.84014386842,            1.0006993630633,                 -0.00093874236685113
         642,3057.83924926316,           1.00071479628306,                 -0.00140769508698774
         643,3057.83835465789,           1.00072865555232,                 -0.00172000237673056
         644,3057.83746005263,           1.00074407088057,                  -0.0018758089426065
         645,3057.83656544737,           1.00060164240563,                 -0.00203151981122493
         646, 3057.8356708421,           1.00061708625929,                 -0.00187469243327267
         647,3057.83477623684,           1.00078869895907,                 -0.00203031415207053
         648,3057.83388163158,            1.0003372449585,                 -0.00140518732708389
         649,3057.83298702631,           1.00066492475112,                -0.000624342489315939
         650,3057.83209242105,           1.00052585341953,                -0.000156039590364867
         651,3057.83119781579,           1.00054129689745,                 0.000155993342204155
         652,3057.83030321053,           1.00055829156543,                 0.000155947364645485
         653,3057.82940860526,           1.00042093447453,                 0.000155901657234616
         654,     3057.828514,           1.00043795461169,                                    0
         655,3057.82761939474,           1.00045496472465,                -0.000311619674419764
         656,3057.82672478947,           1.00047352319952,                -0.000467292631106736
         657,3057.82583018421,           1.00064778941861,                -0.000778593051212736
         658,3057.82493557895,           1.00035493452392,                -0.000467019110421998
         659,3057.82404097368,           1.00021787848606,                 -0.00124501992031873
         660,3057.82314636842,           1.00023648459427,                -0.000466745909750011
         661,3057.82225176316,           1.00025663558525,                 -0.00015553671833078
         662,3057.82135715789,           1.00027521951477,                 0.000777456256423732
         663,3057.82046255263,           1.00029534749965,                  0.00124356841957998
         664,3057.81956794737,           1.00047086466604,                 0.000621603519519127
         665,3057.81867334211,           1.00018021265093,                -0.000155355733558703
         666,3057.81777873684,           1.00020190411108,                 -0.00155310854675633
         667,3057.81688413158,          0.999756232755797,                 -0.00263951793086637
         668,3057.81598952632,           1.00024369686593,                 -0.00310441867432009
         669,3057.81509492105,            1.0001101750542,                 -0.00310352265338773
         670,3057.81420031579,           1.00044212436881,                 -0.00232697036215415
         671,3057.81330571053,          0.999998449133919,                 -0.00139577947304672
         672,3057.81241110526,           1.00017519732956,                -0.000620167538260461
         673,    3057.8115165,          0.999888401852529,                 0.000309994854085422
         674,3057.81062189474,           1.00006508015706,                  0.00139457479414527
         675,3057.80972728947,          0.999933389410155,                  0.00185890018170749
         676,3057.80883268421,          0.999956638089103,                  0.00201323157738243
         677,3057.80793807895,          0.999979873450449,                  0.00201265495507909
         678,3057.80704347368,           1.00015941878696,                   0.0018573062558718
         679,3057.80614886842,          0.999718389186145,                  0.00185677459684782
         680,3057.80525426316,          0.999743219287635,                  0.00108281023286607
         681,3057.80435965789,          0.999922678419547,                 0.000927858965437254
         682,3057.80346505263,          0.999945890373897,                                    0
         683,3057.80257044737,          0.999663069651849,                 0.000154555205573879
         684, 3057.8016758421,          0.999842398509275,                -0.000154511265416361
         685,3057.80078123684,          0.999867158078797,                 0.000154467350236181
         686,3057.79988663158,          0.999739023949571,                 0.000617694793913853
         687,3057.79899202632,          0.999918178688482,                  0.00138941849748284
         688,3057.79809742105,          0.999790102726195,                  0.00216070723034374
         689,3057.79720281579,          0.999970684395921,                   0.0023143897957011
         690,3057.79630821053,          0.999688416818088,                  0.00185098919947802
         691,3057.79541360526,          0.999562055501755,                  0.00185046971089495
         692,     3057.794519,          0.999742548950386,                  0.00138746074642305
         693,3057.79362439474,          0.999462124469638,                  0.00123295250512831
         694,3057.79272978947,          0.999644084797182,                  0.00169483429913209
         695,3057.79183518421,          0.999671910451578,                  0.00184839182209845
         696,3057.79094057895,          0.999545731026571,                   0.0024638317202935
         697,3057.79004597368,          0.999419622308056,                  0.00230919506078571
         698,3057.78915136842,          0.999601390669464,                  0.00277025789561976
         699,3057.78825676316,          0.999630735144783,                  0.00276948641413054
         700,3057.78736215789,          0.999506245760405,                  0.00323016792258672
         701,3057.78646755263,          0.999534063352007,                  0.00369058731083818
         702,3057.78557294737,          0.999563402020649,                  0.00353582870600968
         703, 3057.7846783421,          0.999594260632216,                   0.0032274722437387
         704,3057.78378373684,          0.999777212700413,                  0.00261198902964608
         705,3057.78288913158,          0.999652855646318,                  0.00184324435583218
         706,3057.78199452632,           0.99953010260962,                  0.00107492867080463
         707,3057.78109992105,          0.999714455023596,                 0.000460556413555096
         708,3057.78020531579,          0.999743694815729,                 0.000306952316492395
         709,3057.77931071053,          0.999774452356513,                                    0
         710,3057.77841610526,          0.999653334887702,                -0.000460174927829232
         711,    3057.7775215,          0.999684100437659,                 -0.00076674651053663
         712,3057.77662689474,          0.999561542022978,                 -0.00122645587978279
         713,3057.77573228947,          0.999593847945867,                 -0.00122611940870392
         714,3057.77483768421,          0.999626136147731,                 -0.00137900601246621
         715,3057.77394307895,          0.999503694717106,                 -0.00153180642868522
         716,3057.77304847368,          0.999689128533866,                  -0.0013782478794125
         717,3057.77215386842,          0.999722894572867,                -0.000918581526406922
         718,3057.77125926316,          0.999449002081548,                                    0
         719,3057.77036465789,          0.999634298794716,                  0.00107109139622884
         720,3057.76947005263,          0.999668052077581,                  0.00168268532101812
         721,3057.76857544737,          0.999854716735867,                  0.00259980577921532
         722, 3057.7676808421,          0.999886862954345,                  0.00336353378975468
         723,3057.76678623684,          0.999767673618116,                  0.00382115759676699
         724,3057.76589163158,          0.999802881596017,                  0.00397292907251971
         725,3057.76499702632,          0.999836543147262,                  0.00397184875810983
         726,3057.76410242105,           1.00002290828287,                  0.00412349091686584
         727,3057.76320781579,           0.99990533801961,                  0.00458041840595332
         728,3057.76231321053,          0.999786305217206,                  0.00488445217816039
         729,3057.76141860526,           0.99997405835649,                  0.00534092660498659
         730,     3057.760524,           1.00000915340186,                  0.00594971121017126
         731,3057.75962939474,          0.999891713984605,                  0.00594810507098835
         732,3057.75873478947,          0.999926812310169,                  0.00579402544492016
         733,3057.75784018421,           1.00011584942014,                  0.00548760411204468
         734,3057.75694557895,           1.00030326073871,                  0.00457176993025003
         735,3057.75605097368,            1.0003397437753,                  0.00380878671860836
         736,3057.75515636842,           1.00037468357515,                  0.00258927673885164
         737,3057.75426176316,           1.00071566701689,                 0.000913617468365995
         738,3057.75336715789,           1.00044755261788,                -0.000304457563182556
         739,3057.75247255263,           1.00048395786218,                 -0.00121750405581039
         740,3057.75157794737,           1.00036971839022,                  -0.0024343597709876
         741,3057.75068334211,            1.0005582317894,                 -0.00289002833748838
         742,3057.74978873684,           1.00074664428254,                 -0.00364958508779533
         743,3057.74889413158,           1.00063242645002,                 -0.00380063972367829
         744,3057.74799952632,           1.00067025452954,                 -0.00364764369816356
         745,3057.74710492105,           1.00086000723257,                 -0.00319083955547047
         746,3057.74621031579,           1.00089775470182,                 -0.00364570437287049
         747,3057.74531571053,           1.00093548210739,                 -0.00379659946179406
         748,3057.74442110526,           1.00082136583574,                 -0.00409923799720341
         749,    3057.7435265,           1.00086061262869,                 -0.00470528950432052
         750,3057.74263189474,           1.00105006312518,                  -0.0045522967854715
         751,3057.74173728947,           1.00108922877142,                 -0.00485450148820811
         752,3057.74084268421,            1.0011268554061,                 -0.00515653887044499
         753,3057.73994807895,           1.00131760296332,                 -0.00545842424389453
         754,3057.73905347368,           1.00075033537718,                 -0.00530540165680115
         755,3057.73815886842,           1.00109414164436,                 -0.00515246757734005
         756,3057.73726426316,           1.00098174083254,                 -0.00484810287674304
         757,3057.73636965789,           1.00117232583994,                 -0.00514975175167291
         758,3057.73547505263,           1.00121290310858,                 -0.00545124992618099
         759,3057.73458044737,           1.00110055966562,                 -0.00529843030217705
         760, 3057.7336858421,           1.00114113441474,                 -0.00423763443138513
         761,3057.73279123684,           1.00103038345092,                 -0.00302608943002093
         762,3057.73189663158,           1.00107095532846,                 -0.00166391364590707
         763,3057.73100202632,           1.00111150597718,                                    0
         764,3057.73010742105,           1.00130322116359,                  0.00120948599868771
         765,3057.72921281579,           1.00104139743747,                   0.0018137546080703
         766,3057.72831821053,           1.00138565058335,                  0.00256881787534585
         767,3057.72742360526,           1.00127500921511,                  0.00256814652333388
         768,     3057.726529,           1.00146799410386,                  0.00211439479979702
         769,3057.72563709091,           1.00120791182244,                  0.00120791182243696
         770,3057.72474518182,            1.0012498641452,                -0.000150949775990532
         771,3057.72385327273,           1.00129179468915,                -0.000905463567164269
         772,3057.72296136364,           1.00133370347125,                 -0.00226307150098972
         773,3057.72206945455,           1.00137559050843,                 -0.00331831043699132
         774,3057.72117754545,           1.00126817248955,                  -0.0040714217857256
         775,3057.72028563636,           1.00115930056035,                 -0.00452262897407177
         776,3057.71939372727,           1.00150414015331,                 -0.00467217883291987
         777,3057.71850181818,           1.00124458695082,                 -0.00497232074783704
         778,3057.71760990909,           1.00143858882721,                  -0.0048204023529589
         779,     3057.716718,           1.00133129322185,                  -0.0046685622033204
         780,3057.71582609091,           1.00122405286463,                 -0.00496848026233576
         781,3057.71493418182,            1.0014179102231,                 -0.00466615890829944
         782,3057.71404227273,           1.00131070276843,                 -0.00391254557739391
         783,3057.71315036364,           1.00120505672492,                 -0.00346021281813272
         784,3057.71225845455,            1.0012483643419,                   -0.003158512190353
         785,3057.71136654545,           1.00129315529893,                 -0.00255623721881391
         786,3057.71047463636,           1.00118759489485,                 -0.00195427008012507
         787,3057.70958272727,           1.00108058390606,                 -0.00180347800733715
         788,3057.70869081818,             1.001125383329,                 -0.00180301734953445
         789,3057.70779890909,           1.00101994679453,                 -0.00195277000425103
         790,     3057.706907,           1.00121491355192,                 -0.00225262092444559
         791,3057.70601509091,           1.00095937158909,                 -0.00210190958485784
         792,3057.70512318182,           1.00100565870645,                 -0.00210137640154301
         793,3057.70423127273,           1.00105042016807,                 -0.00180072028811525
         794,3057.70333936364,           1.00109666066079,                  -0.0016502417604179
         795,3057.70244745455,           1.00084140870716,                 -0.00164982099442211
         796,3057.70155554545,           1.00103762437997,                 -0.00194929435544333
         797,3057.70066363636,           1.00093392516906,                 -0.00269833917223949
         798,3057.69977172727,           1.00083027848799,                  -0.0031472650266918
         799,3057.69887981818,           1.00087651611067,                 -0.00359596353093652
         800,3057.69798790909,           1.00077293643946,                 -0.00314567155593903
         801,     3057.697096,           1.00066940919771,                 -0.00254585153492384
         802,3057.69620409091,           1.00071565242648,                 -0.00149718080853752
         803,3057.69531218182,           1.00076337020461,                 0.000149680432277088
         804,3057.69442027273,           1.00065992377207,                  0.00149642578700773
         805,3057.69352836364,           1.00055802653095,                   0.0029920993616356
         806,3057.69263645455,           1.00045618049791,                  0.00463658866727989
         807,3057.69174454545,           1.00035288980866,                  0.00583165361771866
         808,3057.69085263636,           1.00040063862994,                  0.00702612522648042
         809,3057.68996072727,           1.00029890898221,                  0.00792108802869526
         810,3057.68906881818,           1.00034664738192,                  0.00836735059796673
         811,3057.68817690909,            1.0003958562071,                  0.00821588354358526
         812,     3057.687285,            1.0002942041777,                  0.00776579555348468
         813,3057.68639309091,           1.00034190790584,                  0.00642010478208223
         814,3057.68550118182,            1.0003910809657,                  0.00477656141314569
         815,3057.68460927273,            1.0004387365581,                  0.00298460243603251
         816,3057.68371736364,           1.00033866797559,                  0.00134273646708132
         817,3057.68282545454,           1.00038780502357,                -0.000149155778294851
         818,3057.68193354545,           1.00043542576289,                 -0.00178942094338272
         819,3057.68104163636,           1.00033543289479,                 -0.00387611345085908
         820,3057.68014972727,           1.00023548980389,                 -0.00506750210897514
         821,3057.67925781818,           1.00043510135477,                  -0.0062583071577153
         822,3057.67836590909,           1.00048415329038,                 -0.00700160143011433
         823,     3057.677474,            1.0003842476342,                 -0.00670199361970207
         824,3057.67658209091,           1.00043328782074,                 -0.00625363864986919
         825,3057.67569018182,           1.00018607420639,                 -0.00535893714413308
         826,3057.67479827273,           1.00023513934238,                 -0.00401820395212682
         827,3057.67390636364,           1.00028566837473,                 -0.00282692662488767
         828,3057.67301445454,           1.00048492132672,                 -0.00223123309840928
         829,3057.67212254545,           1.00023645197125,                -0.000594847726417634
         830,3057.67123063636,           1.00028694319268,                 -0.00029735045873742
         831,3057.67033872727,           1.00033740949771,                  0.00014863854524483
         832,3057.66944681818,           1.00023924902554,                 0.000891611275316188
         833,3057.66855490909,           1.00043826743227,                  0.00163421754406816
         834,     3057.667663,           1.00004455864661,                  0.00252498997430451
         835,3057.66677109091,          0.999946542804365,                  0.00326682862217048
         836,3057.66587918182,          0.999997030887675,                  0.00415675725428369
         837,3057.66498727273,           1.00019739761668,                  0.00474941634125744
         838,3057.66409536364,          0.999654268302635,                  0.00474824648741047
         839,3057.66320345455,           1.00000296692766,                  0.00504377701758498
         840,3057.66231154545,           1.00020170141072,                   0.0044492958247808
         841,3057.66141963636,          0.999957000662783,                  0.00429993372171125
         842,3057.66052772727,           1.00000889423861,                  0.00355769544348156
         843,3057.65963581818,           1.00006076243518,                  0.00296402122832004
         844,3057.65874390909,          0.999816275610291,                  0.00266696694738963
         845,     3057.657852,          0.999868165530767,                  0.00222192925673504
         846,3057.65696009091,          0.999771937670862,                  0.00148092421518421
         847,3057.65606818182,          0.999971869313715,                  0.00133250619245239
         848,3057.65517627273,           1.00002516345142,                  0.00074010151232343
         849,3057.65428436364,           1.00022493592286,                 0.000443952479326613
         850,3057.65339245455,          0.999982246209566,                  0.00118358602895051
         851,3057.65250054546,            1.0001819319397,                  0.00147912146101701
         852,3057.65160863636,           1.00023512327706,                  0.00162663902366168
         853,3057.65071672727,           1.00013896979033,                  0.00192192263226524
         854,3057.64982481818,           1.00019214567598,                  0.00206926112597366
         855,3057.64893290909,            1.0002452957883,                  0.00236429675470717
         856,     3057.648041,           1.00000295465491,                  0.00206825843775576
         857,3057.64714909091,           1.00005612484529,                  0.00132927265154447
         858,3057.64625718182,           1.00025693047816,                -0.000147661194342804
         859,3057.64536527273,           1.00001476254447,                 -0.00177150533665983
         860,3057.64447336364,           1.00021548098011,                  -0.0032469736729471
         861,3057.64358145455,           1.00056365627001,                 -0.00413151192678961
         862,3057.64268954545,           1.00047058407007,                 -0.00516314810416578
         863,3057.64179763636,           1.00037608123355,                 -0.00575183063071035
         864,3057.64090572727,           1.00013417692776,                 -0.00575043976119456
         865,3057.64001381818,           1.00018868703307,                 -0.00530682280518653
         866,3057.63912190909,           1.00038907294528,                 -0.00427390735347867
         867,      3057.63823,            1.0002961548492,                 -0.00338883658293294
         868,3057.63733809091,           1.00035058671718,                 -0.00191496946360232
         869,3057.63644618182,           1.00025624939251,                -0.000736348829058092
         870,3057.63555427273,           1.00031066463091,                -0.000147234422230042
         871,3057.63466236364,            1.0002178546615,                  0.00044159728682627
         872,3057.63377045455,           1.00027225300398,                 0.000882982715613342
         873,3057.63287854545,            1.0003266252549,                  0.00161841342518075
         874,3057.63198663636,           1.00038097143303,                   0.0022063982607698
         875,3057.63109472727,           1.00028823359863,                  0.00279410121116935
         876,3057.63020281818,            1.0003425629294,                  0.00323449976255831
         877,3057.62931090909,           1.00025134897968,                  0.00279276644094254
         878,     3057.628419,           1.00030566119807,                  0.00235123998518719
         879,3057.62752709091,            1.0003599474036,                  0.00161609038352763
         880,3057.62663518182,           1.00056255939555,                  0.00132194113836758
         881,3057.62574327273,            1.0004699110106,                  0.00117477752650592
         882,3057.62485136364,           1.00037877564443,                  0.00102768585698724
         883,3057.62395945455,           1.00043299256574,                  0.00117421712742457
         884,3057.62306754545,            1.0004886516882,                 0.000880453492245406
         885,3057.62217563636,           1.00025086960795,                -0.000293414746144897
         886,3057.62128372727,           1.00045175068056,                 -0.00117337839106355
         887,3057.62039181818,           1.00036072814295,                 -0.00190628693430935
         888,3057.61949990909,           1.00041635147101,                 -0.00307865524338969
         889,     3057.618608,           1.00047194838468,                 -0.00351762771187111
         890,3057.61771609091,           1.00038098587422,                 -0.00366332571361585
         891,3057.61682418182,           1.00043656479178,                 -0.00380895455917211
         892,3057.61593227273,           1.00049211733483,                   -0.004100977790276
         893,3057.61504036364,            1.0004012147729,                 -0.00424643372781238
         894,3057.61414845455,           1.00060314337245,                 -0.00512379078537465
         895,3057.61325654545,           1.00066008146371,                  -0.0055616620002371
         896,3057.61236463636,           1.00042287876549,                 -0.00556034362923629
         897,3057.61147272727,           1.00062465896108,                 -0.00526644557347935
         898,3057.61058081818,           1.00053529588992,                 -0.00482643835175668
         899,3057.60968890909,           1.00059073309392,                 -0.00438663188554985
         900,     3057.608797,           1.00049995760593,                 -0.00423940660002514
         901,3057.60790509091,           1.00070299129372,                 -0.00438456108351274
         902,3057.60701318182,           1.00046757649259,                 -0.00467576492591835
         903,3057.60612127273,           1.00052297740679,                 -0.00482074145925305
         904,3057.60522936364,           1.00028771598781,                 -0.00481960791759347
         905,3057.60433745455,           1.00063662274554,                 -0.00481847490888702
         906,3057.60344554545,           1.00039998481809,                  -0.0045253756791713
         907,3057.60255363636,           1.00016491848211,                 -0.00364863898468593
         908,3057.60166172727,           1.00022178513689,                 -0.00306413675971915
         909,3057.60076981818,           1.00013274807479,                 -0.00247990908945032
         910,3057.59987790909,           1.00018959557805,                 -0.00189595578047749
         911,     3057.598986,           1.00024641639121,                 -0.00174970218610707
         912,3057.59809409091,           1.00015743623832,                 -0.00189506583167151
         913,3057.59720218182,           1.00006849784232,                 -0.00247758153064987
         914,3057.59631027273,           1.00012530707519,                 -0.00305982392898877
         915,3057.59541836364,           1.00018208966095,                  -0.0032047780327033
         916,3057.59452645455,          0.999947570474021,                 -0.00320402658759517
         917,3057.59363454545,           1.00000436810295,                 -0.00305767206321519
         918,3057.59274263636,           1.00006113910894,                 -0.00291138614005514
         919,3057.59185072727,           1.00011933903638,                 -0.00261963738397189
         920,3057.59095881818,          0.999885053959164,                 -0.00247352239774531
         921,3057.59006690909,          0.999796345862912,                 -0.00247294309321541
         922,     3057.589175,          0.999854566608493,                 -0.00261780104712042
         923,3057.58828309091,          0.999911306398589,                 -0.00218099019863005
         924,3057.58739118182,          0.999969473238933,                 -0.00174438634668806
         925,3057.58649927273,          0.999735496641389,                  -0.0014533151572051
         926,3057.58560736364,             0.999793677224,                  -0.0013076795661991
         927,3057.58471545455,          0.999850378339432,                -0.000871582488745691
         928,3057.58382354545,           0.99961804511715,                 -0.00043568998043752
         929,3057.58293163636,          0.999529564818418,                -0.000580784174792805
         930,3057.58203972727,          0.999442576689254,                -0.000725811602533953
         931,3057.58114781818,          0.999645886184337,                 -0.00043538583893046
         932,3057.58025590909,          0.999557461132754,                -0.000290189421144652
         933,     3057.579364,          0.999325466189899,                -0.000725305172151183
         934,3057.57847209091,          0.999383633660853,                -0.000725136869584134
         935,3057.57758018182,          0.999295331498682,                -0.000869961112738261
         936,3057.57668827273,           0.99935347889239,                 -0.00072479944799274
         937,3057.57579636364,          0.999411599319426,                -0.000869557656020382
         938,3057.57490445454,          0.999324800120551,                -0.000869356067960462
         939,3057.57401254545,          0.999382900252924,                 -0.00115887276446201
         940,3057.57312063636,          0.999296147930588,                 -0.00130342975817033
         941,3057.57222872727,          0.999064643826215,                 -0.00130312779629506
         942,3057.57133681818,          0.999122763843973,                 -0.00144758441588521
         943,3057.57044490909,          0.999036132023862,                 -0.00173669905610406
         944,     3057.569553,          0.998949540315369,                 -0.00130222274954205
         945,3057.56866109091,          0.999007646618042,                 -0.00115726341919264
         946,3057.56776918182,          0.998921101575539,                -0.000578497814724505
         947,3057.56687727273,          0.998834596576664,                                    0
         948,3057.56598536364,          0.998748131593631,                -0.000433672658095367
         949,3057.56509345454,          0.998661706598682,                -0.000144524125412255
         950,3057.56420154546,          0.998719812277665,                -0.000577962854327352
         951,3057.56330963636,          0.998922348413714,                -0.000866743903178928
         952,3057.56241772727,          0.998692961489302,                 -0.00101096901379973
         953,3057.56152581818,          0.998606628980673,                 -0.00158829857125324
         954,3057.56063390909,           0.99852033635281,                 -0.00158793171893609
         955,     3057.559742,          0.998578407672269,                 -0.00129891684767313
         956,3057.55885009091,           0.99820502017188,                -0.000577163931871569
         957,3057.55795818182,          0.998407395225648,                -0.000288515357672489
         958,3057.55706627273,          0.998177003709451,                                    0
         959,3057.55617436364,          0.998235100731914,                  0.00072095558336842
         960,3057.55528245454,          0.998150452007617,                  0.00144158066436686
         961,3057.55439054546,          0.997920278795059,                  0.00273837164891769
         962,3057.55349863636,           0.99812248650222,                  0.00389047309593763
         963,3057.55260672727,          0.998037921983629,                  0.00489799211135153
         964,3057.55171481818,          0.997951958889391,                  0.00532893959863003
         965,3057.55082290909,           0.99786747225626,                  0.00532771954884295
         966,     3057.549931,          0.997781587899361,                  0.00503857388204842
         967,3057.54903909091,          0.997839669200246,                  0.00417385697487482
         968,3057.54814718182,          0.997899159663865,                  0.00345343616898814
         969,3057.54725527273,          0.997813327195304,                  0.00201404074116699
         970,3057.54636336364,          0.997728969233933,                 0.000719135771395368
         971,3057.54547145454,           0.99778700935668,                -0.000718970319467272
         972,3057.54457954546,          0.997558934902056,                  -0.0018688955402402
         973,3057.54368763636,          0.997760715651132,                 -0.00258710643643336
         974,3057.54279572727,          0.997820142344561,                 -0.00316129653392574
         975,3057.54190381818,          0.997590783778231,                 -0.00316056987948172
         976,3057.54101190909,           0.99779385151012,                 -0.00272895972055452
         977,      3057.54012,          0.997566036516632,                 -0.00157956332253965
         978,3057.53922809091,          0.997480457393888,                 -0.00028712736251983
         979,3057.53833618182,           0.99739634914757,                 0.000861185507970272
         980,3057.53744427273,          0.997310848159065,                  0.00186547352893062
         981,3057.53655236364,          0.997513747555711,                  0.00229544368774506
         982,3057.53566045454,          0.997284826439738,                  0.00229491690249328
         983,3057.53476854546,          0.997487638954215,                  0.00157739563376889
         984,3057.53387663636,          0.997546992090447,                  0.00114693531714912
         985,3057.53298472727,          0.997461554228282,                 0.000286668071340216
         986,3057.53209281818,           0.99737758479859,                -0.000429904131378703
         987,3057.53120090909,          0.997436922358375,                -0.000716343667307078
         988,     3057.530309,          0.997638040017246,                 -0.00114588719599971
         989,3057.52941709091,          0.997410884595336,                 -0.00128882957090567
         990,3057.52852518182,           0.99732700328004,                 -0.00157487755327023
         991,3057.52763327273,          0.997241732712878,                 -0.00171765477143025
         992,3057.52674136364,          0.997301033506682,                 -0.00171726394060556
         993,3057.52584945455,          0.997217234546352,                 -0.00171687328759774
         994,3057.52495754545,          0.997132047403466,                 -0.00143040029752326
         995,3057.52406563636,          0.996905317591067,                 -0.00114406004027091
         996,3057.52317372727,          0.996964640853961,                 -0.00100082496572174
         997,3057.52228181818,          0.997022511982138,                -0.000285884591249359
         998,3057.52138990909,          0.997224691386254,                 0.000285819630663873
         999,     3057.520498,           0.99714102423057,                 0.000571509399186456
        1000,3057.51960609091,          0.996770281446902,                  0.00128560225466067
        1001,3057.51871418182,          0.996972380109109,                  0.00157093484904744
        1002,3057.51782227273,          0.997031607172688,                  0.00185613789105613
        1003,3057.51693036364,          0.996948059919662,                  0.00228395890015959
        1004,3057.51603845455,          0.996863127909599,                  0.00242615220822665
        1005,3057.51514654545,          0.997207704282043,                  0.00256828425770164
        1006,3057.51425463636,          0.996838873863079,                   0.0028530019286293
        1007,3057.51336272727,          0.996754024667131,                  0.00313758599837986
        1008,3057.51247081818,          0.996955805713389,                  0.00313687467472748
        1009,3057.51157890909,          0.996872389500124,                  0.00299361077927965
        1010,     3057.510687,          0.997074052273702,                  0.00285041181324672
        1011,3057.50979509091,          0.996846738376177,                  0.00270727387494959
        1012,3057.50890318182,          0.996763403668522,                  0.00270666066452793
        1013,3057.50801127272,          0.996964953833401,                  0.00213635347250015
        1014,3057.50711936364,          0.997024021415655,                  0.00156630451807658
        1015,3057.50622745455,          0.997081642821553,                 0.000996512207274539
        1016,3057.50533554545,          0.996856003837127,                 0.000284653342043726
        1017,3057.50444363636,          0.996630466953532,                -0.000426883409603169
        1018,3057.50355172727,          0.996831818951328,                -0.000995835982968359
        1019,3057.50265981818,          0.996889431891075,                 -0.00128006918062772
        1020,3057.50176790909,          0.997090634002895,                 -0.00184857077039898
        1021,     3057.500876,          0.996723082719059,                 -0.00213248413076393
        1022,3057.49998409091,          0.996782098003877,                 -0.00255840264709394
        1023,3057.49909218182,          0.996839670097936,                 -0.00269992212856177
