"SCAN INDEX",      WAVENUMBER,"SCIENCE DIRECT ABSORPTION","SCIENCE HARMONIC ABSORPTION SPECTRA"
           0, 3058.4135858421,                          1,                                    0
           1,3058.41269123684,                          1,                                    0
           2,3058.41179663158,                          1,                                    0
           3,3058.41090202631,                          1,                                    0
           4,3058.41000742105,                          1,                                    0
           5,3058.40911281578,                          1,                                    0
           6,3058.40821821052,                          1,                                    0
           7,3058.40732360526,                          1,                                    0
           8,     3058.406429,                          1,                                    0
           9,3058.40553439473,                          1,                                    0
          10,3058.40463978946,                          1,                                    0
          11, 3058.4037451842,                          1,                                    0
          12,3058.40285057895,                          1,                                    0
          13,3058.40195597368,                          1,                                    0
          14,3058.40106136841,                          1,                                    0
          15,3058.40016676315,                          1,                                    0
          16,3058.39927215789,                          1,                                    0
          17,3058.39837755263,                          1,                                    0
          18,3058.39748294736,                          1,                                    0
          19, 3058.3965883421,                          1,                                    0
          20,3058.39569373683,                          1,                                    0
          21,3058.39479913157,                          1,                                    0
          22,3058.39390452631,                          1,                                    0
          23,3058.39300992105,                          1,                                    0
          24,3058.39211531579,                          1,                                    0
          25,3058.39122071052,                          1,                                    0
          26,3058.39032610526,                          1,                                    0
          27,3058.38943149999,                          1,                                    0
          28,3058.38853689474,                          1,                                    0
          29,3058.38764228947,                          1,                                    0
          30,3058.38674768421,                          1,                                    0
          31,3058.38585307894,                          1,                                    0
          32,3058.38495847368,                          1,                                    0
          33,3058.38406386842,                          1,                                    0
          34,3058.38316926315,                          1,                                    0
          35,3058.38227465789,                          1,                                    0
          36,3058.38138005263,                          1,                                    0
          37,3058.38048544736,                          1,                                    0
          38, 3058.3795908421,                          1,                                    0
          39,3058.37869623684,                          1,                                    0
          40,3058.37780163157,                          1,                                    0
          41,3058.37690702632,                          1,                                    0
          42,3058.37601242105,                          1,                                    0
          43,3058.37511781578,                          1,                                    0
          44,3058.37422321052,                          1,                                    0
          45,3058.37332860526,                          1,                                    0
          46,     3058.372434,                          1,                                    0
          47,3058.37153939473,                          1,                                    0
          48,3058.37064478947,                          1,                                    0
          49, 3058.3697501842,                          1,                                    0
          50,3058.36885557895,                          1,                                    0
          51,3058.36796097368,                          1,                                    0
          52,3058.36706636842,                          1,                                    0
          53,3058.36617176315,                          1,                                    0
          54,3058.36527715789,                          1,                                    0
          55,3058.36438255263,                          1,                                    0
          56,3058.36348794736,                          1,                                    0
          57,3058.36259334211,                          1,                                    0
          58,3058.36169873684,                          1,                                    0
          59,3058.36080413157,                          1,                                    0
          60,3058.35990952631,                          1,                                    0
          61,3058.35901492105,                          1,                                    0
          62,3058.35812031579,                          1,                                    0
          63,3058.35722571053,                          1,                                    0
          64,3058.35633110526,                          1,                                    0
          65,3058.35543649999,                          1,                                    0
          66,3058.35454189473,                          1,                                    0
          67,3058.35364728947,                          1,                                    0
          68,3058.35275268421,                          1,                                    0
          69,3058.35185807894,                          1,                                    0
          70,3058.35096347368,                          1,                                    0
          71,3058.35006886841,                          1,                                    0
          72,3058.34917426315,                          1,                                    0
          73,3058.34827965789,                          1,                                    0
          74,3058.34738505263,                          1,                                    0
          75,3058.34649044737,                          1,                                    0
          76, 3058.3455958421,                          1,                                    0
          77,3058.34470123683,                          1,                                    0
          78,3058.34380663157,                          1,                                    0
          79,3058.34291202632,                          1,                                    0
          80,3058.34201742105,                          1,                                    0
          81,3058.34112281579,                          1,                                    0
          82,3058.34022821052,                          1,                                    0
          83,3058.33933360526,                          1,                                    0
          84,     3058.338439,                          1,                                    0
          85,3058.33754439473,                          1,                                    0
          86,3058.33664978947,                          1,                                    0
          87,3058.33575518421,                          1,                                    0
          88,3058.33486057894,                          1,                                    0
          89,3058.33396597368,                          1,                                    0
          90,3058.33307136841,                          1,                                    0
          91,3058.33217676316,                          1,                                    0
          92,3058.33128215789,                          1,                                    0
          93,3058.33038755263,                          1,                                    0
          94,3058.32949294736,                          1,                                    0
          95, 3058.3285983421,                          1,                                    0
          96,3058.32770373684,                          1,                                    0
          97,3058.32680913158,                          1,                                    0
          98,3058.32591452631,                          1,                                    0
          99,3058.32501992105,                          1,                                    0
         100,3058.32412531578,                          1,                                    0
         101,3058.32323071052,                          1,                                    0
         102,3058.32233610526,                          1,                                    0
         103,3058.32144149999,                          1,                                    0
         104,3058.32054689473,                          1,                                    0
         105,3058.31965228947,                          1,                                    0
         106,3058.31875768421,                          1,                                    0
         107,3058.31786307894,                          1,                                    0
         108,3058.31696847369,          0.992254331175434,                  0.00157033326397695
         109,3058.31607386842,          0.992915593346033,                 0.000980948027411612
         110,3058.31517926315,           0.99239964233611,                 0.000588262977081274
         111,3058.31428465789,           0.99266817053118,                -0.000587957455398527
         112,3058.31339005263,          0.993132304027768,                 -0.00117530450180801
         113,3058.31249544737,          0.992618987019598,                 -0.00137047986373515
         114, 3058.3116008421,          0.992691302944025,                 -0.00176113182071678
         115,3058.31070623684,          0.992959123802073,                 -0.00215137883825543
         116,3058.30981163157,          0.993422145768378,                 -0.00136835006304184
         117,3058.30891702631,          0.993298556161225,                -0.000976886856964226
         118,3058.30802242105,          0.993567587200787,                -0.000585829945283483
         119,3058.30712781578,          0.993444049972773,                                    0
         120,3058.30623321052,          0.993125565716783,                  0.00156059802116171
         121,3058.30533860526,          0.993392332454001,                  0.00311958337963965
         122,3058.30444399999,          0.993660760046224,                  0.00467696768799949
         123,3058.30354939473,          0.993732202610738,                  0.00564841902699165
         124,3058.30265478946,          0.993803571463334,                  0.00642419546685407
         125,3058.30176018421,          0.993874866718034,                  0.00661545526006522
         126,3058.30086557895,          0.994140560429238,                  0.00602863015909749
         127,3058.29997097368,          0.994602285427726,                   0.0050536758688921
         128,3058.29907636841,          0.994478787431373,                  0.00369116955678767
         129,3058.29818176314,          0.994549588646368,                  0.00213589329853769
         130,3058.29728715789,          0.994620317036439,                 0.000776289027930879
         131,3058.29639255263,          0.994692902144564,                -0.000387945749666367
         132,3058.29549794736,          0.994375737929938,                -0.000969366092737315
         133, 3058.2946033421,           0.99483399410153,                 -0.00213151031069669
         134,3058.29370873684,          0.994712683748765,                 -0.00309879340731703
         135,3058.29281413159,          0.994783147339792,                 -0.00425865523282262
         136,3058.29191952631,           0.99485353867585,                 -0.00483689974074217
         137,3058.29102492105,          0.995117234711143,                 -0.00541455160744501
         138,3058.29013031578,          0.995189306305314,                 -0.00521851063706418
         139,3058.28923571053,          0.995259381749199,                 -0.00444312223995178
         140,3058.28834110526,          0.995715546253372,                 -0.00347544693282154
         141,    3058.2874465,          0.995208256542573,                 -0.00308771225609485
         142,3058.28655189474,          0.995663981730087,                 -0.00250748387494985
         143,3058.28565728946,          0.995733671606457,                  -0.0026989876868326
         144,3058.28476268421,          0.995612522327579,                 -0.00250492796405236
         145,3058.28386807894,          0.995874755894169,                  -0.0025036495506912
         146,3058.28297347368,          0.995753658283061,                 -0.00250237725839548
         147,3058.28207886841,           0.99582316058418,                  -0.0025011014465986
         148,3058.28118426315,           0.99589259205132,                 -0.00249982693505834
         149,3058.28028965789,          0.995771670190275,                  -0.0024985585239285
         150,3058.27939505263,          0.996033156282117,                 -0.00230518763266835
         151,3058.27850044736,          0.996296289185126,                 -0.00192001597453291
         152, 3058.2776058421,          0.995789627207375,                 -0.00287855933862221
         153,3058.27671123685,          0.996052616436307,                 -0.00191806781520567
         154,3058.27581663158,          0.996121720092864,                 -0.00153367470376115
         155,3058.27492202631,          0.996192662396266,                -0.000574837081590459
         156,3058.27402742104,           0.99607010985307,                 0.000574545343118479
         157,3058.27313281578,          0.996141006401029,                  0.00153134666625831
         158,3058.27223821053,          0.996403152980791,                  0.00191321649957909
         159,3058.27134360526,          0.996471904311161,                  0.00210347168440276
         160,     3058.270449,           0.99635136245745,                  0.00114676926429018
         161,3058.26955439473,          0.996802133439292,                -0.000573094365718259
         162,3058.26865978947,          0.996490611718073,                 -0.00190935162237607
         163, 3058.2677651842,          0.996561081827932,                 -0.00229006759516185
         164,3058.26687057895,          0.996820322469276,                 -0.00228891004011315
         165,3058.26597597368,          0.996509262560268,                -0.000953232506753652
         166,3058.26508136842,          0.996389066206805,                 0.000381101191893978
         167,3058.26418676315,          0.996459445509933,                  0.00152363829588675
         168,3058.26329215789,          0.996718215805865,                  0.00190358711956811
         169,3058.26239755263,          0.996217569655319,                  0.00285394643713327
         170,3058.26150294736,          0.996668264074302,                  0.00323284878635053
         171, 3058.2606083421,          0.996358217579393,                  0.00285108227083001
         172,3058.25971373684,          0.996618412553668,                    0.002469698696759
         173,3058.25881913157,           0.99649858348334,                   0.0015190527187246
         174,3058.25792452631,          0.996758447394991,                  0.00056935935685167
         175,3058.25702992105,          0.996828359624563,                 0.000758765640056756
         176,3058.25613531579,          0.996708605404258,                -0.000189596462888388
         177,3058.25524071052,          0.997536479060072,                -0.000758006443054766
         178,3058.25434610526,            0.9968482699578,                 -0.00170466168147828
         179,    3058.2534515,          0.996917997531369,                 -0.00265037067326988
         180,3058.25255689473,          0.996987655442277,                  -0.0034059172135056
         181,3058.25166228948,          0.996868120645439,                 -0.00416070928745962
         182,3058.25076768421,          0.996937733923103,                 -0.00415863294393407
         183,3058.24987307894,          0.996818343271287,                   -0.004156558671715
         184,3058.24897847368,          0.997076752249088,                 -0.00453216705567767
         185,3058.24808386841,          0.996770546477895,                 -0.00415242416635366
         186,3058.24718926316,          0.996840069801443,                 -0.00377305098335141
         187,3058.24629465789,          0.996532406630476,                  -0.0035826141392581
         188,3058.24540005263,          0.996792322682538,                 -0.00358083836849465
         189,3058.24450544736,          0.997050103039185,                 -0.00376742906872921
         190, 3058.2436108421,          0.997119349311845,                  -0.0035772786323499
         191,3058.24271623684,          0.996625849418415,                 -0.00338732350633147
         192,3058.24182163157,          0.996695237719056,                 -0.00300945910615303
         193,3058.24092702632,          0.996954429237479,                 -0.00300797112347721
         194,3058.24003242105,          0.996647775957188,                 -0.00244276415675781
         195,3058.23913781578,          0.996906734379196,                 -0.00206593332294106
         196,3058.23824321052,          0.996977717707571,                 -0.00056315819113589
         197,3058.23734860526,          0.997046760254722,                 0.000750505653183833
         198,     3058.236454,          0.996555002747371,                  0.00187533873305866
         199,3058.23555939473,          0.997000937207123,                  0.00318650421743205
         200,3058.23466478947,          0.996697035950412,                  0.00412167947197539
         201, 3058.2337701842,          0.996766081115749,                  0.00505592413866715
         202,3058.23287557894,          0.996836923767991,                  0.00542776394841753
         203,3058.23198097368,          0.996907696711084,                  0.00561216567861372
         204,3058.23108636842,          0.996791419852809,                  0.00560940585173218
         205,3058.23019176316,          0.996862145589717,                   0.0052328721553266
         206,3058.22929715789,          0.996746005357323,                  0.00429631898860915
         207,3058.22840255262,          0.997003388691293,                  0.00317398082542172
         208,3058.22750794737,          0.997075766934706,                  0.00223936163264392
         209, 3058.2266133421,          0.996959692611866,                 0.000932609628261802
         210,3058.22571873684,          0.997030162586014,                                    0
         211,3058.22482413158,          0.997286902596822,                 -0.00055901732208342
         212,3058.22392952631,          0.996986504456919,                -0.000744992717696184
         213,3058.22303492105,          0.997429171917845,                -0.000930784968195078
         214,3058.22214031578,          0.997315064109124,                 0.000186066243303941
         215,3058.22124571053,          0.997013237717265,                 0.000743900942150543
         216,3058.22035110526,           0.99689944383309,                  0.00148707729827796
         217,    3058.2194565,          0.997155496431829,                  0.00204373215218001
         218,3058.21856189473,          0.997041744275227,                  0.00241414465926205
         219,3058.21766728947,          0.996928102755427,                  0.00278419689840465
         220,3058.21677268421,          0.997369290079366,                  0.00333940610517645
         221,3058.21587807895,          0.997255600059338,                  0.00389408099688474
         222,3058.21498347368,          0.997142020454385,                  0.00352150527669764
         223,3058.21408886842,          0.997399055953642,                  0.00370504849908485
         224,3058.21319426315,          0.997285516955335,                  0.00370325108412675
         225,3058.21229965789,          0.997542233606254,                   0.0037014554122681
         226,3058.21140505263,          0.997613718344772,                  0.00406962762907194
         227,3058.21051044737,          0.997870027290275,                  0.00517701700280298
         228, 3058.2096158421,           0.99757167620871,                  0.00609853006944932
         229,3058.20872123684,          0.997644885707689,                    0.006834449318864
         230,3058.20782663157,          0.997716182609386,                  0.00738501985647214
         231,3058.20693202631,          0.997602874336362,                   0.0073814493106649
         232,3058.20603742105,          0.997860410211008,                  0.00682455363730264
         233,3058.20514281579,          0.997747141524496,                  0.00608382403368595
         234,3058.20424821052,          0.997635820543485,                   0.0049752802280521
         235,3058.20335360526,          0.997892968703955,                  0.00368362114693228
         236,3058.20245899999,           0.99777984779255,                   0.0023931988969194
         237,3058.20156439474,          0.997852675507437,                  0.00184003812558996
         238,3058.20066978947,          0.998109348792043,                  0.00165523938439808
         239,3058.19977518421,          0.998365775778554,                  0.00147061797205458
         240,3058.19888057894,          0.998254478640331,                  0.00165365181442352
         241,3058.19798597367,          0.998143288198035,                  0.00202016120886447
         242,3058.19709136842,          0.998766456425807,                  0.00275344547810827
         243,3058.19619676315,          0.998656959591363,                  0.00330255838189317
         244, 3058.1953021579,          0.998545735962134,                  0.00330097763954424
         245,3058.19440755263,          0.998434618754514,                  0.00329939840968997
         246,3058.19351294737,          0.998691862062901,                  0.00311461413595107
         247, 3058.1926183421,          0.998580781028247,                  0.00274687542919929
         248,3058.19172373684,          0.999020747343663,                  0.00256253031564882
         249,3058.19082913158,          0.998726664666408,                  0.00256130670550096
         250,3058.18993452632,          0.998800415465863,                  0.00237722544874702
         251,3058.18903992105,          0.999239649361379,                  0.00164498936240212
         252,3058.18814531578,          0.998947706877905,                 0.000913448890707667
         253,3058.18725071052,          0.999021247690072,                 0.000182603042897107
         254,3058.18635610526,           0.99909471870574,                 -0.00109509833983092
         255,    3058.1854615,          0.999350549843475,                 -0.00200672801173389
         256,3058.18456689474,          0.999606138405882,                 -0.00364686661220679
         257,3058.18367228947,          0.999498792545678,                 -0.00437417414680822
         258,3058.18277768421,          0.999571898312186,                 -0.00491861513658266
         259,3058.18188307895,          0.999644934859203,                 -0.00564462531523412
         260,3058.18098847368,          0.999901720617195,                 -0.00582396342550969
         261,3058.18009386842,           0.99961252508127,                 -0.00582121943632405
         262,3058.17919926316,          0.999685439103374,                 -0.00527298612840994
         263,3058.17830465789,          0.999941842713619,                 -0.00454353799851699
         264,3058.17741005263,          0.999834693028587,                 -0.00363312025083062
         265,3058.17651544736,          0.999727644121652,                 -0.00344984112573763
         266,3058.17562084211,          0.999802181089601,                 -0.00290376382236951
         267,3058.17472623684,            1.0002394479636,                 -0.00235819964155365
         268,3058.17383163158,          0.999952858070154,                 -0.00163183603311539
         269,3058.17293702631,           1.00020841450927,                 -0.00181230008064735
         270,3058.17204242104,           1.00010144118947,                 -0.00271717471795726
         271,3058.17114781579,          0.999815318430858,                 -0.00362120723806903
         272,3058.17025321052,           1.00025336615028,                 -0.00452439554075575
         273,3058.16935860526,           0.99996563070372,                 -0.00578851305761922
         274,3058.16846399999,           1.00004158552968,                 -0.00650903942850634
         275,3058.16756939474,           1.00029819187292,                 -0.00650600449998645
         276,3058.16667478947,           1.00019328279079,                 -0.00596105803360953
         277,3058.16578018421,            1.0000884714481,                 -0.00415274144129017
         278,3058.16488557895,           1.00016422761587,                 -0.00234610879808846
         279,3058.16399097368,           1.00024171756565,                -0.000541158729070686
         280,3058.16309636841,           1.00049763443342,                 0.000901511654742673
         281,3058.16220176315,            1.0005748980412,                   0.0016219693952397
         282,3058.16130715789,           1.00029001745509,                  0.00144108052217553
         283,3058.16041255263,           1.00036730549014,                 0.000360103421702713
         284,3058.15951794737,           1.00044452203084,                -0.000719873734147031
         285, 3058.1586233421,           1.00052166717634,                 -0.00215862279865446
         286,3058.15772873684,           1.00041893891583,                  -0.0028768337567673
         287,3058.15683413158,           1.00049602461432,                 -0.00269578594740701
         288,3058.15593952632,           1.00057303913732,                  -0.0019759970252263
         289,3058.15504492105,           1.00064998258334,                 -0.00089776599908787
         290,3058.15415031579,           1.00036970965229,                 0.000358941409993647
         291,3058.15325571052,           1.00044847071486,                  0.00107632971566957
         292,3058.15236110525,           1.00070467109073,                   0.0012551393473634
         293,    3058.1514665,           1.00060398270136,                    0.001254563474639
         294,3058.15057189473,            1.0006825278251,                  0.00107484696866284
         295,3058.14967728948,           1.00076100094006,                 0.000358118089439993
         296,3058.14878268421,           1.00048144813873,                -0.000357954006489706
         297,3058.14788807894,           1.00091773153937,                 -0.00107337022148995
         298,3058.14699347368,           1.00081896567139,                 -0.00160932118832277
         299,3058.14609886842,           1.00071850122789,                 -0.00196604813600764
         300,3058.14520426316,           1.00044126605842,                 -0.00232245293906419
         301,3058.14430965789,           1.00087677162331,                  -0.0021428227046351
         302,3058.14341505263,           1.00077820456071,                 -0.00178487284565848
         303,3058.14252044736,           1.00067972718142,                 -0.00142724867488881
         304, 3058.1416258421,            1.0007596643211,                -0.000534974874013417
         305,3058.14073123684,           1.00066128488902,                 0.000534731716185794
         306,3058.13983663157,           1.00074115777396,                  0.00124714048503075
         307,3058.13894202631,            1.0006446580641,                  0.00178082338149867
         308,3058.13804742105,           1.00054646462309,                  0.00213601807071288
         309,3058.13715281578,            1.0006280613543,                  0.00160128957186854
         310,3058.13625821052,           1.00070958436851,                 0.000711362775453005
         311,3058.13536360526,           1.00079103376559,                                    0
         312,     3058.134469,           1.00051704930092,                -0.000888400860682754
         313,3058.13357439473,           1.00077611208692,                 -0.00142080015912962
         314,3058.13267978947,           1.00067990136992,                 -0.00159767945934527
         315,3058.13178518421,           1.00076121730891,                 -0.00070975972858788
         316,3058.13089057894,           1.00084423508045,                                    0
         317,3058.12999597369,           1.00057261685905,                 0.000886403806572507
         318,3058.12910136842,           1.00047667060643,                  0.00177200968934898
         319,3058.12820676315,           1.00055970413614,                  0.00230258030691624
         320,3058.12731215789,           1.00046562105528,                  0.00318676007414528
         321,3058.12641755262,           1.00055035578466,                  0.00353926549623157
         322,3058.12552294737,              1.00081012909,                  0.00371456569651644
         323, 3058.1246283421,           1.00053925512071,                  0.00371290410983124
         324,3058.12373373684,            1.0004471173303,                  0.00353452435022188
         325,3058.12283913157,           1.00052994170641,                    0.003003003003003
         326,3058.12194452632,           1.00043789021669,                   0.0024719609006413
         327,3058.12104992105,           1.00016943050173,                  0.00211788127157592
         328,3058.12015531578,           1.00043044441622,                   0.0024697630438771
         329,3058.11926071053,            1.0003403237837,                   0.0026450035002213
         330,3058.11836610526,           1.00024851989657,                  0.00246757344115454
         331,    3058.1174715,           1.00033297451952,                  0.00193794693901281
         332,3058.11657689473,           1.00041911591196,                  0.00176099122674171
         333,3058.11568228947,           1.00032915986784,                   0.0012321492379157
         334,3058.11478768421,           1.00059117044711,                 0.000351887170897523
         335,3058.11389307894,           1.00050121787149,                 0.000175865919822727
         336,3058.11299847368,           1.00058713299793,                 0.000175788322733297
         337,3058.11210386842,           1.00032155075318,                 0.000175710794089792
         338,3058.11120926315,            1.0004092263865,                  0.00052690092681873
         339,3058.11031465789,           1.00031951237496,                  0.00122889374984639
         340,3058.10942005263,           1.00040711182239,                  0.00140383387029979
         341,3058.10852544737,            1.0004946344441,                  0.00175402285140971
         342, 3058.1076308421,           1.00023142953321,                  0.00245455565529623
         343,3058.10673623684,           1.00049420102415,                  0.00332972321237676
         344,3058.10584163158,           1.00023297896007,                  0.00367861515904755
         345,3058.10494702631,           1.00049552018238,                  0.00385210035772005
         346,3058.10405242105,           1.00058456400976,                  0.00402544078576604
         347,3058.10315781579,           1.00084847318562,                  0.00384874434715674
         348,3058.10226321053,           1.00041093614752,                  0.00402192825229731
         349,3058.10136860526,           1.00050164914973,                  0.00419497546813304
         350,     3058.100474,           1.00059053536049,                  0.00454257969606648
         351,3058.09957939473,           1.00067934426688,                  0.00488988161247339
         352,3058.09868478947,           1.00059525991562,                   0.0045386386527924
         353,3058.09779018421,           1.00085847693628,                  0.00471115391863314
         354,3058.09689557895,           1.00059997628001,                  0.00383705760469935
         355,3058.09600097368,           1.00051603545303,                  0.00366106233568804
         356,3058.09510636842,           1.00078068909754,                  0.00278817534834766
         357,3058.09421176315,           1.00069848580123,                   0.0019160458387839
         358,3058.09331715789,           1.00078872180058,                  0.00104466463653506
         359,3058.09242255263,           1.00070658586759,                 0.000348071855953943
         360,3058.09152794737,            1.0009707015145,                -0.000173960844893031
         361, 3058.0906333421,            1.0007146719899,                -0.000347772257859218
         362,3058.08973873684,           1.00098029673095,                -0.000347622954238914
         363,3058.08884413158,           1.00089995865055,                 0.000173737191225577
         364,3058.08794952631,            1.0009916138298,                 0.000868313336077204
         365,3058.08705492105,            1.0012585166862,                  0.00208306210128889
         366,3058.08616031579,            1.0010029115668,                   0.0032967681261517
         367,3058.08526571052,            1.0010961413051,                  0.00416256191810853
         368,3058.08437110526,           1.00084255929988,                  0.00537434944366815
         369,    3058.0834765,           1.00093577790871,                  0.00554535057013136
         370,3058.08258189473,           1.00120386970492,                  0.00519655987736119
         371,3058.08168728947,           1.00095056540461,                  0.00432862206108205
         372,3058.08079268421,           1.00139149457594,                  0.00380757222272221
         373,3058.07989807895,           1.00148605375743,                  0.00311396596435201
         374,3058.07900347368,           1.00123468318445,                  0.00293972186772635
         375,3058.07810886842,           1.00115637709993,                  0.00311132851999288
         376,3058.07721426315,           1.00107813731046,                  0.00362834671790123
         377,3058.07631965789,           1.00134710372699,                   0.0036268177265034
         378,3058.07542505263,            1.0012705778367,                  0.00379792288144956
         379,3058.07453044737,           1.00136494860304,                  0.00327863760528309
         380, 3058.0736358421,           1.00146096699801,                  0.00206984698656152
         381,3058.07274123684,           1.00121380147449,                 0.000689659928689163
         382,3058.07184663158,            1.0013098028402,                -0.000344684957948435
         383,3058.07095202631,           1.00157971895818,                -0.000861351667490693
         384,3058.07005742105,           1.00167548607177,                 -0.00120538566314292
         385,3058.06916281579,           1.00142864519683,                 -0.00137700741862747
         386,3058.06826821053,           1.00152611865185,                 -0.00189259359305453
         387,3058.06737360526,           1.00162351063537,                 -0.00206378470597947
         388,     3058.066479,           1.00155063280259,                 -0.00206292612317732
         389,3058.06558439474,           1.00181977210748,                 -0.00206206471102741
         390,3058.06468978947,           1.00157510610925,                 -0.00223297485498546
         391,3058.06379518421,           1.00167403528351,                 -0.00223204704468386
         392,3058.06290057895,           1.00160125766518,                  -0.0020594953893047
         393,3058.06200597368,           1.00170181229285,                 -0.00171553658553322
         394,3058.06111136842,           1.00180056589214,                 -0.00154334219326074
         395,3058.06021676316,           1.00190095493417,                 -0.00137129300931965
         396,3058.05932215789,           1.00217088478547,                 -0.00154206496205663
         397,3058.05842755263,           1.00192849827189,                 -0.00119888880135098
         398,3058.05753294737,           1.00185922610997,                 -0.00136959566112095
         399, 3058.0566383421,           1.00195942534932,                 -0.00136903081174971
         400,3058.05574373684,           1.00171913889103,                 -0.00205270315346522
         401,3058.05484913157,           1.00216128966069,                 -0.00273580969707747
         402,3058.05395452632,           1.00209203590645,                 -0.00324744135804579
         403,3058.05305992105,           1.00202283894512,                  -0.0032461097936841
         404,3058.05216531578,           1.00195540982487,                 -0.00273245041029451
         405,3058.05127071052,           1.00188632542101,                 -0.00204849819476097
         406,3058.05037610526,           1.00181900708833,                 -0.00102383138179696
         407,    3058.0494815,           1.00192060367678,                -0.000170568710193527
         408,3058.04858689474,           1.00219432476348,                 0.000681996818484842
         409,3058.04769228947,            1.0019582412301,                  0.00136344036908331
         410,3058.04679768421,           1.00206136390739,                   0.0020443278420416
         411,3058.04590307895,           1.00165523442343,                  0.00204349928818108
         412,3058.04500847368,           1.00175839664185,                  0.00187244560119973
         413,3058.04411386842,           1.00186317965646,                  0.00204184071940855
         414,3058.04321926316,           1.00213796235349,                  0.00221109869494152
         415,3058.04232465789,           1.00207419497433,                  0.00238022374103166
         416,3058.04143005263,           1.00200877607415,                  0.00254920821592813
         417,3058.04053544737,           1.00194511216247,                  0.00220842428926961
         418, 3058.0396408421,           1.00171168907032,                   0.0015282938127874
         419,3058.03874623684,           1.00215742222841,                  0.00101845266486627
         420,3058.03785163158,           1.00192410149211,                 0.000678695411679669
         421,3058.03695702631,           1.00186227319446,                 0.000339211875129324
         422,3058.03606242105,           1.00179879594262,                 0.000339075578251014
         423,3058.03516781579,           1.00190653730458,                 0.000169469982629327
         424,3058.03427321052,           1.00201419251886,                 0.000169402230349765
         425,3058.03337860526,           1.00229279344877,                                    0
         426,     3058.032484,           1.00223094136247,                  0.00016926717469388
         427,3058.03158939473,           1.00217083434148,                 0.000338399741462598
         428,3058.03069478947,           1.00227990772124,                 0.000676530481080825
         429,3058.02980018421,           1.00205076358398,                 0.000676261692987335
         430,3058.02890557895,           1.00199079973366,                  0.00101398967758508
         431,3058.02801097368,           1.00193088349323,                  0.00168931189258679
         432,3058.02711636842,           1.00204157104718,                  0.00236410212245711
         433,3058.02622176315,           1.00215217116091,                  0.00303835928598557
         434,3058.02532715789,           1.00192522175484,                  0.00354335292301306
         435,3058.02443255263,           1.00203578048653,                  0.00404794794338945
         436,3058.02353794737,           1.00197765402688,                  0.00387775299387821
         437,3058.02264334211,           1.00225832546852,                  0.00337063502763921
         438,3058.02174873684,           1.00220184537217,                  0.00202158718178954
         439,3058.02085413158,           1.00248220859309,                   0.0010103969849754
         440,3058.01995952631,           1.00225735154252,                 -0.00016833344836119
         441,3058.01906492105,           1.00220093825931,                 -0.00134613960813876
         442,3058.01817031579,            1.0023144566073,                 -0.00218662324817837
         443,3058.01727571052,           1.00209161404004,                 -0.00235390647593299
         444,3058.01638110526,           1.00220508648914,                 -0.00218491801515325
         445,    3058.0154865,           1.00215046537415,                 -0.00134404085884211
         446,3058.01459189473,           1.00209588682211,                                    0
         447,3058.01369728947,           1.00237878200318,                  0.00151087071479294
         448,3058.01280268421,           1.00199022006531,                  0.00234933228620237
         449,3058.01190807895,           1.00210519252866,                  0.00234842194432563
         450,3058.01101347368,           1.00205239647471,                  0.00217983285712369
         451,3058.01011886842,           1.00216893561245,                 0.000838074038812885
         452,3058.00922426315,           1.00228370560136,                -0.000167549934069101
         453,3058.00832965789,            1.0020650948721,                 -0.00100491234652057
         454,3058.00743505263,           1.00234891519629,                 -0.00167420897811307
         455,3058.00654044737,           1.00213044766178,                 -0.00234299035859467
         456,3058.00564584211,           1.00241570138986,                 -0.00267667744029336
         457,3058.00475123684,           1.00236628009064,                 -0.00267565239930767
         458,3058.00385663157,           1.00214805713665,                 -0.00234029571307975
         459,3058.00296202632,           1.00226587617221,                 -0.00200520015239521
         460,3058.00206742105,           1.00205120667076,                 -0.00133629099072614
         461,3058.00117281579,           1.00200200033061,                -0.000834862523188306
         462,3058.00027821052,           1.00212141291775,                -0.000667635851377583
         463,3057.99938360526,           1.00224073465397,                 -0.00100107281636821
         464,     3057.998489,            1.0023599656429,                 -0.00133425619386742
         465,3057.99759439474,           1.00214566873342,                  -0.0016671862730551
         466,3057.99669978947,           1.00193320445304,                 -0.00216652223185121
         467,3057.99580518421,           1.00188749339877,                 -0.00166592532989486
         468,3057.99491057895,           1.00217320710414,                 -0.00133223424008526
         469,3057.99401597368,           1.00246204144686,                 -0.00133173303413731
         470,3057.99312136842,           1.00208337493427,                -0.000499211246230955
         471,3057.99222676316,           1.00203934301883,                -0.000166341192400204
         472,3057.99133215789,           1.00199367809498,                 0.000166278406587285
         473,3057.99043755263,            1.0021159289726,                 0.000997295666584113
         474,3057.98954294737,           1.00207359948958,                  0.00132923044203558
         475, 3057.9886483421,           1.00219572879261,                  0.00166091436657709
         476,3057.98775373684,           1.00215340119508,                  0.00116220573365897
         477,3057.98685913158,           1.00194347491988,                 0.000829835576378896
         478,3057.98596452632,           1.00173536799424,                                    0
         479,3057.98506992105,             1.001860764406,                -0.000663374119785465
         480,3057.98417531579,           1.00215018824508,                 -0.00116047168200423
         481,3057.98328071052,           1.00177817697915,                 -0.00215436167092291
         482,3057.98238610526,            1.0017377590694,                 -0.00248487950819265
         483,    3057.9814915,           1.00169737114469,                 -0.00347754088180501
         484,3057.98059689473,           1.00165701317168,                 -0.00347625140912334
         485,3057.97970228947,           1.00194929193377,                 -0.00264759515622466
         486,3057.97880768421,           1.00190887045816,                 -0.00115789369212599
         487,3057.97791307895,           1.00187013553935,                -0.000496057172242625
         488,3057.97701847368,           1.00183142917592,                 0.000495874325610917
         489,3057.97612386842,           1.00162917579567,                 0.000991384865518643
         490,3057.97522926316,           1.00175575658574,                 0.000330339903243442
         491,3057.97433465789,            1.0017187889555,                -0.000165109409750371
         492,3057.97344005263,           1.00184689732802,                 -0.00132039129796115
         493,3057.97254544737,            1.0016449349368,                 -0.00164988459057289
         494, 3057.9716508421,            1.0016097004242,                  -0.0023089965101167
         495,3057.97075623684,            1.0019025762267,                 -0.00214328344428947
         496,3057.96986163158,           1.00170246569111,                 -0.00164807908142664
         497,3057.96896702631,           1.00150250087316,                -0.000988487416555187
         498,3057.96807242105,           1.00146901885351,                -0.000329376424553036
         499,3057.96717781579,           1.00176316902881,                 0.000823141470031889
         500,3057.96628321052,           1.00156504824331,                   0.0013165495211874
         501,3057.96538860526,           1.00169608912447,                  0.00148058216490724
         502,     3057.964494,           1.00166258557547,                  0.00148004650635022
         503,3057.96359939473,           1.00179349639739,                  0.00115073096074528
         504,3057.96270478947,           1.00159729708411,                 0.000492992927194804
         505,3057.96181018421,            1.0017281370945,                                    0
         506,3057.96091557895,           1.00169631523547,                                    0
         507,3057.96002097369,           1.00150200677955,                                    0
         508,3057.95912636842,           1.00163438375856,                 0.000164094754875255
         509,3057.95823176316,           1.00144023673686,                                    0
         510, 3057.9573371579,           1.00157254103939,                -0.000327954335638306
         511,3057.95644255263,           1.00170803431805,                -0.000655675362014759
         512,3057.95554794737,           1.00167792933034,                 -0.00114702200315923
         513,3057.95465334211,           1.00164784584287,                 -0.00131041418916484
         514,3057.95375873684,           1.00145568034635,                  -0.0011462049971263
         515,3057.95286413158,           1.00159102218265,                 -0.00114579786816122
         516,3057.95196952632,            1.0015626406172,                -0.000981763738556316
         517,3057.95107492105,            1.0016978484106,                -0.000327138422080535
         518,3057.95018031579,           1.00167108692595,                -0.000490534322686558
         519,3057.94928571052,           1.00147925367157,                 -0.00049036033311812
         520,3057.94839110526,           1.00161598402643,                -0.000980374535751808
         521,    3057.9474965,           1.00142594168503,                 -0.00130670486600558
         522,3057.94660189474,           1.00140094898782,                -0.000979684606868895
         523,3057.94570728947,           1.00153756255529,                -0.000489669603596134
         524,3057.94481268421,           1.00134938233533,                 0.000326331882788114
         525,3057.94391807894,           1.00165066026411,                 0.000652434886998278
         526,3057.94302347368,           1.00146257233374,                 0.000489154626669036
         527,3057.94212886842,           1.00127624825392,                  0.00032598933688879
         528,3057.94123426316,           1.00108842295986,                -0.000325875137682246
         529,3057.94033965789,           1.00139100181449,                -0.000977284647183954
         530,3057.93944505263,           1.00104207372672,                 -0.00130259215839521
         531,3057.93855044736,           1.00118169063144,                -0.000976603827635935
         532, 3057.9376558421,           1.00116012867177,                 -0.00113897625559929
         533,3057.93676123684,           1.00113858165257,                 -0.00081327260897853
         534,3057.93586663158,           1.00111542176276,                -0.000487793773800271
         535,3057.93497202632,           1.00125807426864,                -0.000325083790346962
         536,3057.93407742105,           1.00123651572292,                 0.000162485640331536
         537,3057.93318281579,           1.00121497209462,                 0.000324858848830183
         538,3057.93228821052,           1.00103269553018,                                    0
         539,3057.93139360526,           1.00133749732176,                -0.000324635272271603
         540,     3057.930499,           1.00099304221403,                 -0.00146035619710265
         541,3057.92960439474,           1.00113544201135,                 -0.00227088402270884
         542,3057.92870978947,           1.00111721697846,                 -0.00291870908740074
         543,3057.92781518421,           1.00109900441223,                 -0.00275561578287044
         544,3057.92692057895,           1.00091714279233,                 -0.00275466916423338
         545,3057.92602597368,           1.00090063238648,                  -0.0022677793904209
         546,3057.92513136842,           1.00088251248877,                 -0.00194314676425582
         547,3057.92423676316,           1.00086440496887,                 -0.00145686230708715
         548,3057.92334215789,           1.00084792936943,                 -0.00113273007365982
         549,3057.92244755263,           1.00083146496362,                 -0.00113234528119369
         550,3057.92155294737,           1.00065330306147,                -0.000485126035744086
         551, 3057.9206583421,           1.00063853347451,                 0.000646616176720201
         552,3057.91976373684,           1.00062215686433,                  0.00177759104094115
         553,3057.91886913158,           1.00060740779033,                  0.00306934787665745
         554,3057.91797452631,           1.00075415877384,                     0.00419874263807
         555,3057.91707992105,           1.00057793950039,                  0.00484306843901447
         556,3057.91618531579,           1.00056322026431,                  0.00451867260764527
         557,3057.91529071053,           1.00038879809763,                  0.00419450229810328
         558,3057.91439610526,           1.00053703873936,                  0.00322545789406629
         559,    3057.9135015,           1.00036274233203,                  0.00274071984200556
         560,3057.91260689474,           1.00067205709101,                  0.00193397724031118
         561,3057.91171228947,           1.00065894301673,                  0.00161110762037793
         562,3057.91081768421,           1.00048639228988,                  0.00112739934739683
         563,3057.90992307895,           1.00031234604077,                 0.000805015569001104
         564,3057.90902847368,           1.00030097551476,                 0.000482848419395699
         565,3057.90813386842,           1.00077230016733,                 -0.00032179173638821
         566,3057.90723926316,           1.00060155116563,                 -0.00128674046123212
         567,3057.90634465789,           1.00059009571771,                 -0.00209025731067494
         568,3057.90545005263,           1.00058025618069,                 -0.00305397989838284
         569,3057.90455544737,           1.00040974057798,                 -0.00337433417156079
         570, 3057.9036608421,           1.00056059664188,                 -0.00353384702618741
         571,3057.90276623684,            1.0007113529033,                 -0.00353267807507583
         572,3057.90187163158,           1.00054256920968,                 -0.00337099213114123
         573,3057.90097702631,            1.0005343671921,                 -0.00320941256517113
         574,3057.90008242105,            1.0005261705691,                 -0.00336877498508114
         575,3057.89918781579,           1.00051797933535,                 -0.00336766750537624
         576,3057.89829321052,           1.00034948106871,                 -0.00272531108624487
         577,3057.89739860526,           1.00050161301437,                 -0.00288467548202126
         578,     3057.896504,           1.00033483340836,                 -0.00240311058634296
         579,3057.89560939474,           1.00032831781164,                 -0.00176170533076018
         580,3057.89471478947,           1.00048190919294,                 -0.00112071905334463
         581,3057.89382018421,           1.00031529938237,                 -0.00112035313530825
         582,3057.89292557894,           1.00015039855617,                -0.000639993856058982
         583,3057.89203097368,           1.00030389789031,                -0.000959677548343756
         584,3057.89113636842,           1.00013910807738,                 -0.00111926039273248
         585,3057.89024176316,           1.00029411012506,                 -0.00127873967417713
         586,3057.88934715789,           1.00044901161518,                 -0.00159790610384153
         587,3057.88845255263,            1.0004456719503,                 -0.00175712955316195
         588,3057.88755794737,           1.00012136232402,                 -0.00143718541608115
         589, 3057.8866633421,           1.00043740202354,                -0.000798178875078621
         590,3057.88576873684,           1.00027448502142,                -0.000159584314776869
         591,3057.88487413158,           1.00011167302139,                 0.000478598663114401
         592,3057.88397952631,           1.00010844741576,                 0.000797407468837316
         593,3057.88308492105,           1.00010681835937,                 0.000797151935564615
         594,3057.88219031579,          0.999945811033511,                 0.000637517252810654
         595,3057.88129571052,          0.999944235104798,                 0.000637313088020904
         596,3057.88040110526,           1.00026121471212,                 0.000796386317445957
         597,    3057.8795065,          0.999941086273579,                  0.00111458401336227
         598,3057.87861189474,           1.00009868871351,                  0.00143257809938272
         599,3057.87771728948,           1.00025778199281,                  0.00143212218229961
         600,3057.87682268421,           1.00009862591825,                  0.00222703686382306
         601,3057.87592807894,           1.00025761801927,                  0.00254437549893613
         602,3057.87503347368,           1.00009856320286,                  0.00302048524890388
         603,3057.87413886842,           1.00025745425419,                  0.00333736996176328
         604,3057.87324426316,           1.00010008944501,                  0.00285969842891346
         605, 3057.8723496579,            1.0001016460304,                  0.00254115076012172
         606,3057.87145505263,           1.00026197337398,                 0.000793858709026967
         607,3057.87056044737,          0.999946034658447,                  -0.0011110511496205
         608, 3057.8696658421,           1.00026498136404,                 -0.00317342950940366
         609,3057.86877123684,           1.00026648393483,                 -0.00475864169331506
         610,3057.86787663158,           1.00026957169814,                 -0.00586714872429158
         611,3057.86698202631,           1.00011413570736,                 -0.00570678536780232
         612,3057.86608742105,           1.00027574141161,                 -0.00491263434470212
         613,3057.86519281579,            1.0004372457321,                  -0.0038021368008821
         614,3057.86429821052,           1.00028190338632,                 -0.00158372688946537
         615,3057.86340360526,           1.00012824186733,                -0.000316646585995671
         616,     3057.862509,           1.00029122402725,                 0.000158273927852413
         617,3057.86161439474,           1.00029429727822,                                    0
         618,3057.86071978947,            1.0001407757853,                -0.000790875198311956
         619,3057.85982518421,           1.00046330922966,                 -0.00173938618642741
         620,3057.85893057895,           1.00015175370374,                 -0.00205499807146335
         621,3057.85803597368,           1.00047408343869,                 -0.00189633375474083
         622,3057.85714136842,           1.00032069662257,                 -0.00157978631810261
         623,3057.85624676316,           1.00032691454264,                 -0.00126343784596482
         624,3057.85535215789,           1.00017682684231,                 -0.00157881109209521
         625,3057.85445755263,           1.00002525316296,                 -0.00126265814793303
         626,3057.85356294737,           1.00018934014958,                 -0.00126226766385812
         627, 3057.8526683421,           1.00019716865807,                 -0.00141961433810481
         628,3057.85177373684,           1.00020499235221,                 -0.00157686424775691
         629,3057.85087913158,           1.00021281123643,                 -0.00204929338787607
         630,3057.84998452631,           1.00022062531518,                 -0.00220625315179022
         631,3057.84908992105,           1.00038597569141,                 -0.00204803428094304
         632,3057.84819531579,           1.00039530733964,                   -0.001889915568022
         633,3057.84730071053,           1.00040305820412,                 -0.00125955688788684
         634,3057.84640610526,           1.00025498238733,                -0.000786982676937315
         635,    3057.8455115,           1.00042169395089,                -0.000629393956559229
         636,3057.84461689474,           1.00043100329387,                -0.000471901416648053
         637,3057.84372228947,           1.00044188017656,                 -0.00110076912311159
         638,3057.84282768421,           1.00045117769956,                 -0.00235807160048608
         639,3057.84193307895,           1.00014772766562,                 -0.00330029891278724
         640,3057.84103847368,           1.00031578996982,                 -0.00392773594302583
         641,3057.84014386842,            1.0004837503848,                 -0.00471185439741665
         642,3057.83924926316,           1.00049459478556,                 -0.00533848339967184
         643,3057.83835465789,           1.00035003618087,                 -0.00533687450653532
         644,3057.83746005263,           1.00051783388517,                 -0.00517833885166413
         645,3057.83656544737,           1.00053022768416,                 -0.00470616287715974
         646, 3057.8356708421,           1.00069943888065,                 -0.00376379666715805
         647,3057.83477623684,           1.00039821524318,                  -0.0036058860602716
         648,3057.83388163158,           1.00025390337253,                 -0.00360480096796742
         649,3057.83298702631,           1.00042304498378,                 -0.00344703320119706
         650,3057.83209242105,           1.00028037924818,                 -0.00360263838438898
         651,3057.83119781579,            1.0004494114589,                 -0.00391473396250938
         652,3057.83030321053,           1.00046336591505,                 -0.00391356347173781
         653,3057.82940860526,           1.00016432053459,                  -0.0040688894279298
         654,     3057.828514,           1.00033636584088,                 -0.00406767993616871
         655,3057.82761939474,           1.00050674407547,                 -0.00359725732589275
         656,3057.82672478947,           1.00020795319333,                 -0.00343982725812933
         657,3057.82583018421,           1.00053614106606,                 -0.00281356827670506
         658,3057.82493557895,             1.000239082299,                 -0.00234394410787143
         659,3057.82404097368,           1.00041084955252,                 -0.00187459871871178
         660,3057.82314636842,           1.00011400425095,                 -0.00140553186106474
         661,3057.82225176316,           1.00044183058373,                 -0.00124899104941789
         662,3057.82135715789,            1.0003027909837,                 -0.00124862261317984
         663,3057.82046255263,           1.00031986518853,                -0.000780158996403467
         664,3057.81956794737,           1.00002339783336,                -0.000311971111475077
         665,3057.81867334211,          0.999884604708752,                -0.000467818748304157
         666,3057.81777873684,           1.00021357428254,                -0.000623574547557692
         667,3057.81688413158,          0.999920517539909,                -0.000155847960963203
         668,3057.81598952632,          0.999937679172379,                -0.000467406207154431
         669,3057.81509492105,          0.999800631748148,                -0.000467269340277994
         670,3057.81420031579,          0.999817818587798,                 0.000311421217438965
         671,3057.81330571053,          0.999680886668068,                 0.000466995119900997
         672,3057.81241110526,          0.999855273866973,                 0.000311238995756256
         673,    3057.8115165,           1.00003111484489,                 0.000155574224462491
         674,3057.81062189474,           1.00004976919536,                -0.000155528735489169
         675,3057.80972728947,           1.00006841264017,                -0.000466449819328437
         676,3057.80883268421,          0.999933161626069,                                    0
         677,3057.80793807895,          0.999953382126707,                 0.000621571643901605
         678,3057.80704347368,          0.999507547571371,                 0.000932086615702242
         679,3057.80614886842,          0.999683182586224,                  0.00124242123049399
         680,3057.80525426316,          0.999548200487198,                  0.00186309077444026
         681,3057.80435965789,          0.999725273446049,                  0.00170734016579825
         682,3057.80346505263,          0.999435189552869,                  0.00186201246307009
         683,3057.80257044737,          0.999457069727759,                  0.00170635228418522
         684, 3057.8016758421,          0.999478937280177,                   0.0013957037138125
         685,3057.80078123684,          0.999345758749314,                  0.00124026777381237
         686,3057.79988663158,          0.999367645782445,                  0.00123991023049931
         687,3057.79899202632,          0.999700957401149,                  0.00108461046215252
         688,3057.79809742105,          0.999722729518773,                   0.0010842979712785
         689,3057.79720281579,          0.999591181917852,                  0.00139369800732156
         690,3057.79630821053,          0.999614520651011,                  0.00123848786823728
         691,3057.79541360526,          0.999481532497079,                  0.00108336493147717
         692,     3057.794519,          0.999351713318037,                  0.00108305650924698
         693,3057.79362439474,          0.999529778624726,                 0.000928068503829829
         694,3057.79272978947,          0.999553108217397,                  0.00170097218291946
         695,3057.79183518421,          0.999268790009786,                  0.00231884774909449
         696,3057.79094057895,          0.999292180917321,                  0.00324545867603831
         697,3057.79004597368,           0.99900809897998,                  0.00324453604679548
         698,3057.78915136842,          0.999496467549959,                  0.00370698736226225
         699,3057.78825676316,          0.999521316841926,                   0.0040147619709393
         700,3057.78736215789,          0.999238954419081,                  0.00401362781011836
         701,3057.78646755263,           0.99910953629527,                  0.00385816163228016
         702,3057.78557294737,          0.999288756960076,                  0.00370278372194563
         703, 3057.7846783421,           0.99916093925447,                  0.00401021679848969
         704,3057.78378373684,          0.999341584853059,                   0.0041632807886179
         705,3057.78288913158,           0.99952212853201,                  0.00477871467990319
         706,3057.78199452632,          0.999240244539547,                  0.00523969283071323
         707,3057.78109992105,          0.999266649822209,                  0.00554634588245444
         708,3057.78020531579,          0.999294579350582,                  0.00492870322737648
         709,3057.77931071053,          0.999474933057814,                  0.00523527156431454
         710,3057.77841610526,          0.999348853104031,                  0.00507986940117576
         711,    3057.7775215,           0.99922284377621,                  0.00446287732473588
         712,3057.77662689474,          0.999250754245854,                  0.00307698461661541
         713,3057.77573228947,          0.999124842925455,                  0.00230709246365176
         714,3057.77483768421,            0.9991527651991,                 0.000922578730562419
         715,3057.77394307895,          0.999335928132667,                 0.000461161018981388
         716,3057.77304847368,            0.9993637757909,                -0.000153677345193126
         717,3057.77215386842,           0.99939314328732,                -0.000921807664830733
         718,3057.77125926316,          0.999268902555155,                 -0.00122873520142042
         719,3057.77036465789,          0.999298280095262,                 -0.00138194291961545
         720,3057.76947005263,          0.999327641310455,                                    0
         721,3057.76857544737,          0.999356986214337,                 0.000613855642637799
         722, 3057.7676808421,          0.999386314820497,                  0.00230131942313593
         723,3057.76678623684,          0.999417160035584,                  0.00352771557409736
         724,3057.76589163158,           0.99944645570649,                  0.00490676382059031
         725,3057.76499702632,          0.999170679138671,                   0.0056718801976267
         726,3057.76410242105,          0.999354810036765,                  0.00720283331877441
         727,3057.76320781579,          0.999385629867275,                  0.00781368497979933
         728,3057.76231321053,          0.999569599973043,                  0.00781153073837345
         729,3057.76141860526,          0.999447218559981,                  0.00689062736865316
         730,     3057.760524,          0.999479517482089,                  0.00535790827261037
         731,3057.75962939474,          0.999510269045943,                  0.00367298215542836
         732,3057.75873478947,          0.999695531969908,                  0.00229498515144607
         733,3057.75784018421,          0.999727736326398,                  0.00107069984000685
         734,3057.75694557895,          0.999759923053045,                 0.000458745758513174
         735,3057.75605097368,          0.999792092164321,                 0.000305746817175633
         736,3057.75515636842,          0.999824243674683,                 0.000152831587232449
         737,3057.75426176316,          0.999857905279354,                  0.00030558004440078
         738,3057.75336715789,          0.999431776523205,                -0.000152748246450131
         739,3057.75247255263,          0.999923646636634,                                    0
         740,3057.75157794737,            1.0001099189653,                 0.000457995688733917
         741,3057.75068334211,           1.00014193987549,                  0.00106836465422378
         742,3057.74978873684,           1.00002288731051,                  0.00198356691105228
         743,3057.74889413158,           1.00005796553186,                  0.00244065397323213
         744,3057.74799952632,           1.00009149967975,                  0.00228749199377802
         745,3057.74710492105,           1.00012501562695,                  0.00228687122475675
         746,3057.74621031579,          0.999855203895777,                  0.00137175256632043
         747,3057.74531571053,           1.00004266523637,                  0.00045712753248653
         748,3057.74442110526,           1.00022850178993,                -0.000152334526620459
         749,    3057.7435265,           1.00041576115512,                -0.000761467317061284
         750,3057.74263189474,           1.00029841474778,                 -0.00137027180102435
         751,3057.74173728947,           1.00033334297339,                 -0.00136990263036526
         752,3057.74084268421,            1.0003697746505,                -0.000456511914200107
         753,3057.73994807895,           1.00040466490399,                  -0.0001521296631545
         754,3057.73905347368,           1.00059314687229,                  0.00106462259129139
         755,3057.73815886842,           1.00047591027343,                  0.00182457612815823
         756,3057.73726426316,           1.00051226471165,                   0.0021281026596723
         757,3057.73636965789,           1.00039663302631,                  0.00212753347445972
         758,3057.73547505263,           1.00058491526325,                  0.00151926042402558
         759,3057.73458044737,           1.00062121140781,                  0.00121508343826085
         760, 3057.7336858421,           1.00065900760136,                 0.000607380277755001
         761,3057.73279123684,           1.00069526461042,                 0.000607218000370403
         762,3057.73189663158,           1.00073302100265,                 0.000303528365484575
         763,3057.73100202632,           1.00061751528237,                 0.000758618283004068
         764,3057.73010742105,           1.00080695559317,                  0.00151683382175382
         765,3057.72921281579,           1.00099629535836,                  0.00227464693688461
         766,3057.72831821053,            1.0010339317605,                  0.00257724925638779
         767,3057.72742360526,           1.00091998551061,                  0.00242500299336307
         768,     3057.726529,           1.00080761613838,                  0.00166675000416688
         769,3057.72563709091,           1.00099675524357,                 0.000605930239251555
         770,3057.72474518182,           1.00103586767548,                -0.000302885285227073
         771,3057.72385327273,            1.0012248463643,                -0.000908415103309508
         772,3057.72296136364,           1.00111251542007,                 -0.00181635170623538
         773,3057.72206945455,           1.00100024362969,                 -0.00257248739859482
         774,3057.72117754545,           1.00119059685664,                 -0.00317694205711537
         775,3057.72028563636,            1.0012296067527,                 -0.00362983543233609
         776,3057.71939372727,           1.00126859612224,                  -0.0034776770931458
         777,3057.71850181818,           1.00115791478594,                 -0.00347676763401428
         778,3057.71760990909,           1.00149915068278,                  -0.0036269774583351
         779,     3057.716718,           1.00138846711116,                 -0.00392819857345958
         780,3057.71582609091,           1.00142737385867,                 -0.00422925587753283
         781,3057.71493418182,           1.00116576164101,                 -0.00453016181738012
         782,3057.71404227273,           1.00105525203011,                  -0.0048309105813548
         783,3057.71315036364,           1.00139757974204,                 -0.00467872267852346
         784,3057.71225845455,            1.0015903528652,                 -0.00482839579567436
         785,3057.71136654545,           1.00132897080941,                 -0.00407289578364778
         786,3057.71047463636,           1.00121853377812,                 -0.00316698135402026
         787,3057.70958272727,           1.00095889419598,                 -0.00211077338736913
         788,3057.70869081818,           1.00115007152149,                 -0.00120584170011621
         789,3057.70779890909,           1.00149334924632,                 -0.00015069114493625
         790,     3057.706907,           1.00138449277699,                                    0
         791,3057.70601509091,           1.00127569270716,                -0.000602452282013938
         792,3057.70512318182,           1.00131752305665,                 -0.00120459250894033
         793,3057.70423127273,           1.00120879666776,                 -0.00195695600010236
         794,3057.70333936364,           1.00140262586009,                 -0.00240794139070655
         795,3057.70244745455,           1.00129393355802,                 -0.00285869041887338
         796,3057.70155554545,           1.00118680346745,                 -0.00345962987977034
         797,3057.70066363636,           1.00092784326817,                 -0.00375949460362145
         798,3057.69977172727,           1.00127188590913,                 -0.00451023372031139
         799,3057.69887981818,            1.0010145417653,                 -0.00495998196370195
         800,3057.69798790909,            1.0009075937346,                 -0.00540949908038516
         801,     3057.697096,           1.00095092591341,                 -0.00555833472291701
         802,3057.69620409091,            1.0008440491531,                 -0.00510634718955662
         803,3057.69531218182,           1.00088737539583,                 -0.00390385114915864
         804,3057.69442027273,           1.00093218189105,                 -0.00180131766387112
         805,3057.69352836364,           1.00097546334509,                   0.0004502138515795
         806,3057.69263645455,           1.00087019144212,                  0.00270059413070876
         807,3057.69174454545,           1.00091496797612,                  0.00449984250551231
         808,3057.69085263636,           1.00080826439093,                  0.00614820779742705
         809,3057.68996072727,           1.00085303381702,                   0.0070461492794188
         810,3057.68906881818,           1.00059802068642,                  0.00764387343544149
         811,3057.68817690909,           1.00064432024214,                  0.00764193775566777
         812,     3057.687285,           1.00053929352548,                  0.00749018785391138
         813,3057.68639309091,           1.00058408590556,                  0.00733851522367495
         814,3057.68550118182,           1.00063035370179,                  0.00643829196605972
         815,3057.68460927273,           1.00067510017978,                   0.0052391366501559
         816,3057.68371736364,            1.0007213214849,                  0.00374129400884143
         817,3057.68282545454,           1.00061790549487,                  0.00149613921276147
         818,3057.68193354545,           1.00051454178857,                -0.000448728303986502
         819,3057.68104163636,           1.00070881048441,                 -0.00224307115320774
         820,3057.68014972727,           1.00090597314373,                  -0.0031395108941028
         821,3057.67925781818,           1.00065315224426,                   -0.003886031659201
         822,3057.67836590909,           1.00069930905874,                 -0.00418390035144763
         823,     3057.677474,           1.00059605527927,                 -0.00418284406506713
         824,3057.67658209091,           1.00064369766223,                 -0.00418179455739438
         825,3057.67569018182,           1.00039119775196,                 -0.00388211509575386
         826,3057.67479827273,           1.00043886754261,                 -0.00358259218457515
         827,3057.67390636364,           1.00063575067828,                 -0.00268627047161955
         828,3057.67301445454,           1.00038493559043,                 -0.00164119825376506
         829,3057.67212254545,           1.00058173356603,                -0.000447487358482123
         830,3057.67123063636,           1.00018193260143,                  0.00119300066509787
         831,3057.67033872727,           1.00052777057187,                  0.00253449144683681
         832,3057.66944681818,           1.00027723374382,                   0.0032791087978489
         833,3057.66855490909,           1.00047386161453,                  0.00342730098557255
         834,     3057.667663,           1.00037392979356,                  0.00357542432093009
         835,3057.66677109091,           1.00057043536282,                  0.00327665221464455
         836,3057.66587918182,           1.00047052937533,                  0.00282913232000762
         837,3057.66498727273,            1.0002218083784,                  0.00282842898633571
         838,3057.66409536364,           1.00041969406981,                  0.00282772600228004
         839,3057.66320345455,           1.00046720211402,                  0.00282701916123829
         840,3057.66231154545,           1.00051617471398,                  0.00297507039760328
         841,3057.66141963636,           1.00026917740278,                  0.00327176953655385
         842,3057.66052772727,           1.00046685479626,                  0.00386567665696283
         843,3057.65963581818,           1.00036714812123,                  0.00386471706555006
         844,3057.65874390909,           1.00041609701005,                  0.00371515187540867
         845,     3057.657852,           1.00061507741953,                  0.00326852735014545
         846,3057.65696009091,            1.0005154080264,                  0.00267358630410856
         847,3057.65606818182,           1.00056576960258,                  0.00207894342155478
         848,3057.65517627273,           1.00031918763037,                  0.00178151235553048
         849,3057.65428436364,            1.0005179955206,                  0.00103895949690613
         850,3057.65339245455,           1.00071522054612,                 0.000296772010838114
         851,3057.65250054546,           1.00061713376968,                -0.000741747319325188
         852,3057.65160863636,           1.00066889235283,                -0.000889878961629902
         853,3057.65071672727,           1.00057086512014,                 -0.00177931985498543
         854,3057.64982481818,             1.000769366466,                 -0.00237184266974611
         855,3057.64893290909,           1.00037495535364,                 -0.00251946285052027
         856,     3057.648041,           1.00042672229861,                 -0.00266701436631739
         857,3057.64714909091,            1.0007732439807,                 -0.00237009649255345
         858,3057.64625718182,           1.00097298305943,                 -0.00207332767611067
         859,3057.64536527273,            1.0007269669193,                 -0.00118446748562723
         860,3057.64447336364,           1.00048255261452,                  -0.0011841781951348
         861,3057.64358145455,           1.00068221606271,                -0.000443958392219481
         862,3057.64268954545,           1.00043793201401,                 0.000591800018937601
         863,3057.64179763636,           1.00063750889332,                  0.00162705285998914
         864,3057.64090572727,           1.00083698837976,                  0.00192241147295167
         865,3057.64001381818,           1.00074068707967,                  0.00177410078962269
         866,3057.63912190909,           1.00064443275137,                  0.00118244541536351
         867,      3057.63823,           1.00069747372652,                 0.000147769857313426
         868,3057.63733809091,           1.00074901055263,                -0.000295467673620498
         869,3057.63644618182,            1.0005066043184,                 -0.00073849026005196
         870,3057.63555427273,           1.00070582467788,                -0.000147662066501088
         871,3057.63466236364,           1.00061117295013,                 0.000442878949373031
         872,3057.63377045455,           1.00081174821046,                  0.00103313408604531
         873,3057.63287854545,           1.00071711665983,                  0.00147554868277769
         874,3057.63198663636,           1.00062105479001,                  0.00147518952497422
         875,3057.63109472727,           1.00067399855171,                  0.00103238290196934
         876,3057.63020281818,           1.00102181192468,                 0.000884685649071744
         877,3057.62931090909,           1.00107610890812,                  0.00103188525435972
         878,     3057.628419,           1.00098152782322,                  0.00103163585023005
         879,3057.62752709091,           1.00073965150921,                  0.00117872750472228
         880,3057.62663518182,           1.00079250274724,                  0.00103113740347817
         881,3057.62574327273,            1.0009940723832,                 0.000589079930783108
         882,3057.62485136364,           1.00104683674206,                -0.000147234422230042
         883,3057.62395945455,           1.00095385013954,                -0.000883194573652539
         884,3057.62306754545,           1.00085943524509,                 -0.00132447212427669
         885,3057.62217563636,            1.0009136665985,                  -0.0030896938113433
         886,3057.62128372727,            1.0008207789457,                 -0.00353023202449981
         887,3057.62039181818,           1.00102205130845,                 -0.00397055904000706
         888,3057.61949990909,           1.00092918220204,                 -0.00382258500840969
         889,     3057.618608,           1.00083635759652,                 -0.00382166915810098
         890,3057.61771609091,           1.00103748159425,                 -0.00352684961219349
         891,3057.61682418182,           1.00094467551204,                 -0.00352600502161882
         892,3057.61593227273,           1.00099879557005,                 -0.00381892423841838
         893,3057.61504036364,           1.00119973626361,                 -0.00337747050954282
         894,3057.61414845455,           1.00110842772097,                 -0.00337666722944454
         895,3057.61325654545,           1.00101569334281,                 -0.00322908288175099
         896,3057.61236463636,           1.00121795530251,                 -0.00322831525965927
         897,3057.61147272727,           1.00141865197254,                  -0.0032275432674181
         898,3057.61058081818,            1.0011807068107,                 -0.00293343307005772
         899,3057.60968890909,            1.0010880435452,                 -0.00249282213860678
         900,     3057.608797,           1.00114349381341,                  -0.0020524247932915
         901,3057.60790509091,           1.00119891774955,                 -0.00175880354457541
         902,3057.60701318182,           1.00140084754207,                 -0.00190491820574289
         903,3057.60612127273,           1.00116318930686,                 -0.00175796872573637
         904,3057.60522936364,           1.00107210648419,                 -0.00161108897897968
         905,3057.60433745455,            1.0011274947652,                 -0.00102499524109352
         906,3057.60344554545,           1.00089007044439,                -0.000731965825979517
         907,3057.60255363636,           1.00123819253162,                -0.000731792276371598
         908,3057.60166172727,           1.00100085453077,                -0.000438971285424983
         909,3057.60076981818,           1.00105767163026,                 -0.00073144649395752
         910,3057.59987790909,           1.00111299779594,                -0.000731273190501054
         911,     3057.598986,           1.00102207775687,                -0.000877319962977098
         912,3057.59809409091,           1.00107884957796,                 -0.00102329905768775
         913,3057.59720218182,           1.00128028248059,                 -0.00146150968104013
         914,3057.59631027273,           1.00089861700651,                 -0.00219174879636462
         915,3057.59541836364,           1.00109999751661,                 -0.00335988617289974
         916,3057.59452645455,           1.00086460213697,                 -0.00423538208988357
         917,3057.59363454545,           1.00106735740704,                   -0.005256479706338
         918,3057.59274263636,           1.00112403836328,                 -0.00613111834518196
         919,3057.59185072727,           1.00132663739016,                 -0.00700534595463163
         920,3057.59095881818,           1.00094403905725,                 -0.00583640839100434
         921,3057.59006690909,           1.00085483301581,                 -0.00510565794425788
         922,     3057.589175,           1.00091151055529,                 -0.00364604222116892
         923,3057.58828309091,           1.00096816148467,                 -0.00262453414518923
         924,3057.58739118182,           1.00088047160625,                 -0.00131196100268806
         925,3057.58649927273,           1.00079136407557,                 -0.00102017468305359
         926,3057.58560736364,           1.00070229835149,                -0.000874230313061875
         927,3057.58471545455,           1.00061327440461,                -0.000582683519816338
         928,3057.58382354545,           1.00081556565304,                 -0.00131073051380636
         929,3057.58293163636,           1.00072801397787,                  -0.0017472335468841
         930,3057.58203972727,           1.00063904646698,                 -0.00247466741197826
         931,3057.58114781818,           1.00069711157132,                 -0.00232855639690826
         932,3057.58025590909,           1.00060819285242,                 -0.00305551433036221
         933,     3057.579364,           1.00037530438932,                 -0.00290933635128491
         934,3057.57847209091,           1.00057736804522,                 -0.00276322238268303
         935,3057.57758018182,            1.0003445954493,                 -0.00261718062762899
         936,3057.57668827273,            1.0002572962381,                 -0.00174438127522993
         937,3057.57579636364,           1.00016858406822,                -0.000871986559780492
         938,3057.57490445454,           1.00022666379947,                  -0.0001452973073503
         939,3057.57401254545,           1.00013945299562,                -0.000290527074218046
         940,3057.57312063636,           1.00005228272172,                 0.000435689347685909
         941,3057.57222872727,           1.00040074108061,                  0.00101637230588741
         942,3057.57133681818,           1.00016838829179,                   0.0015967855255747
         943,3057.57044490909,           1.00022494902365,                  0.00217692603530974
         944,     3057.569553,          0.999992745264471,                  0.00261170479030187
         945,3057.56866109091,          0.999762099558434,                  0.00261110240743642
         946,3057.56776918182,          0.999820165795534,                  0.00261049651643743
         947,3057.56687727273,          0.999878205091027,                  0.00217490908880009
         948,3057.56598536364,           1.00008117777353,                  0.00101472216907011
         949,3057.56509345454,           0.99984927623608,                -0.000724633480385621
         950,3057.56420154546,          0.999907268417362,                 -0.00217339646808585
         951,3057.56330963636,          0.999821822538145,                 -0.00362149312713034
         952,3057.56241772727,          0.999734968131004,                 -0.00448961089556151
         953,3057.56152581818,          0.999648153966666,                 -0.00521253382717265
         954,3057.56063390909,          0.999707586254817,                 -0.00579037119174525
         955,     3057.559742,          0.999620818511003,                 -0.00636793340299467
         956,3057.55885009091,          0.999534090941975,                 -0.00622176692392949
         957,3057.55795818182,          0.999304190336491,                  -0.0060756768955027
         958,3057.55706627273,          0.999506827046704,                 -0.00520651798201148
         959,3057.55617436364,          0.999421631000578,                 -0.00433776749566223
         960,3057.55528245454,          0.999335029489997,                 -0.00332485255001735
         961,3057.55439054546,          0.999394437788238,                 -0.00231240940052232
         962,3057.55349863636,          0.999164834021599,                 -0.00187840098948384
         963,3057.55260672727,          0.999078351665179,                  -0.0013001308798419
         964,3057.55171481818,          0.999137777893318,                 -0.00101098069460151
         965,3057.55082290909,          0.999340126516662,                -0.000433177341359628
         966,     3057.549931,          0.998966387379532,                                    0
         967,3057.54903909091,          0.999025798304167,                 0.000144326177160382
         968,3057.54814718182,          0.998940888902997,                 0.000432879194960132
         969,3057.54725527273,          0.998854577506441,                  0.00115407807915245
         970,3057.54636336364,          0.998769746435077,                  0.00201917349459799
         971,3057.54547145454,          0.998684954261786,                  0.00230709778633967
         972,3057.54457954546,          0.998744361520087,                  0.00230656896424962
         973,3057.54368763636,          0.998659614026491,                  0.00172953028839918
         974,3057.54279572727,          0.998574905365935,                 0.000720472514694037
         975,3057.54190381818,          0.998634297008707,                -0.000576245987887309
         976,3057.54101190909,           0.99840560443723,                 -0.00129625655509738
         977,      3057.54012,          0.998319574580218,                 -0.00158394855335099
         978,3057.53922809091,          0.998522946160956,                 -0.00129566126231958
         979,3057.53833618182,          0.998582295242413,                -0.000287858834027793
         980,3057.53744427273,          0.998497720679652,                  0.00057558594649353
         981,3057.53655236364,          0.998269321237284,                  0.00115090857038453
         982,3057.53566045454,          0.998473954385475,                  0.00172597053480635
         983,3057.53476854546,          0.998245664490524,                  0.00201317189612033
         984,3057.53387663636,           0.99844877433045,                  0.00258777220128842
         985,3057.53298472727,          0.998220594534149,                   0.0028746453406311
         986,3057.53209281818,          0.998136218434625,                  0.00359248566957466
         987,3057.53120090909,          0.998195547484685,                  0.00416633144459641
         988,     3057.530309,          0.998111215644593,                  0.00517081648628656
         989,3057.52941709091,           0.99817052331075,                  0.00545683784862732
         990,3057.52852518182,          0.997942667468734,                  0.00545559219735461
         991,3057.52763327273,          0.998003419019336,                  0.00473667666153287
         992,3057.52674136364,          0.997919207863959,                  0.00344406974241228
         993,3057.52584945455,           0.99812197546947,                  0.00229552272639234
         994,3057.52495754545,          0.997894338236982,                 0.000860624698781355
         995,3057.52406563636,          0.997810209557353,                -0.000143404744115745
         996,3057.52317372727,          0.997870921955311,                -0.000716861294508126
         997,3057.52228181818,           0.99778683683942,                 -0.00100337708057405
         998,3057.52138990909,          0.997559483120594,                  -0.0012897622968087
         999,     3057.520498,          0.998048604365281,                 -0.00128946848109209
        1000,3057.51960609091,          0.997679482037472,                 -0.00128917664584885
        1001,3057.51871418182,          0.997881935444142,                -0.000859255397914014
        1002,3057.51782227273,          0.997654766779585,                -0.000572706525131794
        1003,3057.51693036364,          0.997857133655026,                -0.000715720222102299
        1004,3057.51603845455,          0.997774613419582,                -0.000572446708789204
        1005,3057.51514654545,          0.997690703004948,                -0.000286158239783435
        1006,3057.51425463636,          0.997892923914956,                 0.000429139732188198
        1007,3057.51336272727,          0.997381409005035,                 0.000286028508461438
        1008,3057.51247081818,          0.997869572055649,                 0.000285963482463289
        1009,3057.51157890909,           0.99778571622574,                                    0
        1010,     3057.510687,          0.997701898506234,                  0.00014291675956256
        1011,3057.50979509091,          0.997333775322705,                  0.00142884495031906
        1012,3057.50890318182,          0.997250098210778,                  0.00185707653298096
        1013,3057.50801127272,          0.997452098305588,                  0.00242793322897981
        1014,3057.50711936364,          0.997369856441567,                  0.00257017285840347
        1015,3057.50622745455,          0.997571737941844,                  0.00271234445061463
        1016,3057.50533554545,          0.997202637513202,                  0.00171267091028459
        1017,3057.50444363636,          0.997405888547383,                  0.00114152319147054
        1018,3057.50355172727,          0.997322308720543,                 0.000427974099007528
        1019,3057.50265981818,          0.997381392483056,                -0.000427877045252276
        1020,3057.50176790909,          0.997299278191458,                -0.000570374193989967
        1021,     3057.500876,          0.997215779246792,                -0.000570244905930975
        1022,3057.49998409091,           0.99727484706647,                -0.000142528919117689
        1023,3057.49909218182,          0.997335309289368,                 0.000142496829445545
