"SCAN INDEX",      WAVENUMBER,"SCIENCE DIRECT ABSORPTION","SCIENCE HARMONIC ABSORPTION SPECTRA"
           0,3058.41469805405,                          1,                                    0
           1,3058.41377927027,                          1,                                    0
           2,3058.41286048648,                          1,                                    0
           3, 3058.4119417027,                          1,                                    0
           4,3058.41102291891,                          1,                                    0
           5,3058.41010413513,                          1,                                    0
           6,3058.40918535135,                          1,                                    0
           7,3058.40826656757,                          1,                                    0
           8,3058.40734778377,                          1,                                    0
           9,     3058.406429,                          1,                                    0
          10,3058.40551021621,                          1,                                    0
          11,3058.40459143243,                          1,                                    0
          12,3058.40367264864,                          1,                                    0
          13,3058.40275386486,                          1,                                    0
          14,3058.40183508107,                          1,                                    0
          15,3058.40091629729,                          1,                                    0
          16,3058.39999751351,                          1,                                    0
          17,3058.39907872973,                          1,                                    0
          18,3058.39815994594,                          1,                                    0
          19,3058.39724116216,                          1,                                    0
          20,3058.39632237837,                          1,                                    0
          21,3058.39540359459,                          1,                                    0
          22,3058.39448481081,                          1,                                    0
          23,3058.39356602702,                          1,                                    0
          24,3058.39264724324,                          1,                                    0
          25,3058.39172845946,                          1,                                    0
          26,3058.39080967567,                          1,                                    0
          27,3058.38989089189,                          1,                                    0
          28,3058.38897210811,                          1,                                    0
          29,3058.38805332432,                          1,                                    0
          30,3058.38713454054,                          1,                                    0
          31,3058.38621575675,                          1,                                    0
          32,3058.38529697297,                          1,                                    0
          33,3058.38437818918,                          1,                                    0
          34, 3058.3834594054,                          1,                                    0
          35,3058.38254062161,                          1,                                    0
          36,3058.38162183783,                          1,                                    0
          37,3058.38070305405,                          1,                                    0
          38,3058.37978427027,                          1,                                    0
          39,3058.37886548648,                          1,                                    0
          40, 3058.3779467027,                          1,                                    0
          41,3058.37702791892,                          1,                                    0
          42,3058.37610913513,                          1,                                    0
          43,3058.37519035135,                          1,                                    0
          44,3058.37427156757,                          1,                                    0
          45,3058.37335278378,                          1,                                    0
          46,     3058.372434,                          1,                                    0
          47,3058.37151521621,                          1,                                    0
          48,3058.37059643243,                          1,                                    0
          49,3058.36967764864,                          1,                                    0
          50,3058.36875886486,                          1,                                    0
          51,3058.36784008107,                          1,                                    0
          52,3058.36692129729,                          1,                                    0
          53, 3058.3660025135,                          1,                                    0
          54,3058.36508372972,                          1,                                    0
          55,3058.36416494595,                          1,                                    0
          56,3058.36324616216,                          1,                                    0
          57,3058.36232737837,                          1,                                    0
          58,3058.36140859459,                          1,                                    0
          59,3058.36048981081,                          1,                                    0
          60,3058.35957102702,                          1,                                    0
          61,3058.35865224324,                          1,                                    0
          62,3058.35773345945,                          1,                                    0
          63,3058.35681467567,                          1,                                    0
          64,3058.35589589189,                          1,                                    0
          65, 3058.3549771081,                          1,                                    0
          66,3058.35405832432,                          1,                                    0
          67,3058.35313954054,                          1,                                    0
          68,3058.35222075675,                          1,                                    0
          69,3058.35130197297,                          1,                                    0
          70,3058.35038318919,                          1,                                    0
          71,3058.34946440541,                          1,                                    0
          72,3058.34854562161,                          1,                                    0
          73,3058.34762683784,                          1,                                    0
          74,3058.34670805405,                          1,                                    0
          75,3058.34578927026,                          1,                                    0
          76,3058.34487048648,                          1,                                    0
          77, 3058.3439517027,          0.996479700512414,                  -0.0015533588472524
          78,3058.34303291892,           0.99827281724854,                 -0.00174658929922956
          79,3058.34211413513,          0.998900239930019,                 -0.00116376726982138
          80,3058.34119535134,          0.998945417606873,                 -0.00077542823024015
          81,3058.34027656756,          0.998215534729259,                -0.000581259045843901
          82,3058.33935778379,          0.997099136712381,                                    0
          83,     3058.338439,          0.996177481008371,                  0.00038709053079789
          84,3058.33752021621,          0.995256813011653,                     0.00116064934462
          85,3058.33660143243,          0.994337131135339,                  0.00154670368444151
          86,3058.33568264865,          0.993998137219665,                  0.00173911027118526
          87,3058.33476386486,          0.993852637108596,                  0.00135191769525071
          88,3058.33384508108,          0.993707292591592,                 0.000965139173068756
          89,3058.33292629729,          0.993560186596391,                 0.000578772924230907
          90,3058.33200751351,          0.993800796351822,                 0.000771285057316121
          91,3058.33108872973,          0.994233867548546,                   0.0011563099835804
          92,3058.33016994594,          0.994473861112663,                  0.00173353956033584
          93,3058.32925116215,           0.99413606034121,                  0.00250266630217578
          94,3058.32833237837,          0.994375850212517,                   0.0028861528160193
          95,3058.32741359459,          0.994230769230769,                  0.00230769230769231
          96,3058.32649481081,          0.994085842733774,                  0.00134543714213775
          97,3058.32557602703,          0.994133173503613,                  0.00019210302869635
          98,3058.32465724323,          0.994372454788597,                -0.000384001720327707
          99,3058.32373845945,          0.994419582888768,                -0.000191898800248701
         100,3058.32281967568,          0.994274864063983,                 0.000767187395111098
         101,3058.32190089189,          0.994130298929192,                  0.00172525505020492
         102, 3058.3209821081,           0.99456066705113,                  0.00287389905716952
         103,3058.32006332432,          0.994033120394626,                  0.00402132450939841
         104,3058.31914454054,          0.994271693592067,                  0.00497614322105751
         105,3058.31822575675,          0.994318725252023,                  0.00592995007364615
         106,3058.31730697297,          0.994365707097068,                  0.00592680963661009
         107,3058.31638818918,          0.994603725416759,                  0.00592367252409597
         108, 3058.3154694054,          0.994268536538318,                  0.00572955361047821
         109,3058.31455062162,          0.994506354532926,                  0.00515387170295374
         110,3058.31363183784,           0.99455313790768,                  0.00438801499556429
         111,3058.31271305405,          0.994601768392791,                  0.00438570565050502
         112,3058.31179427027,          0.994839034281924,                  0.00457397257141115
         113,3058.31087548648,          0.994504604893473,                  0.00495252245302247
         114, 3058.3099567027,          0.994551290594027,                  0.00514029189242702
         115,3058.30903791892,          0.994788207916063,                  0.00589870590003787
         116,3058.30811913513,          0.994834695026397,                   0.0058955984602979
         117,3058.30720035134,          0.994881133183677,                  0.00627265521495249
         118,3058.30628156757,          0.995307483329217,                  0.00626935425651158
         119,3058.30536278378,          0.995165633081805,                  0.00721547301223213
         120,3058.30444399999,          0.995211824118514,                  0.00759124198412292
         121,3058.30352521621,          0.995447647951442,                  0.00796661608497724
         122,3058.30260643244,          0.995304060650986,                  0.00796243248520788
         123,3058.30168764865,          0.995350106299526,                  0.00738980661444537
         124,3058.30076886486,          0.995587371929625,                  0.00606026172755336
         125,3058.29985008107,          0.995633220835613,                  0.00492138093949162
         126,3058.29893129729,          0.995868206377794,                  0.00340532441390583
         127,3058.29801251351,          0.995913860163635,                  0.00226902721130883
         128,3058.29709372972,          0.996150335357384,                 0.000566960919383827
         129,3058.29617494595,           0.99600690574862,                -0.000566664274084176
         130,3058.29525616216,          0.996429994090894,                 -0.00113273587808741
         131,3058.29433737837,          0.996099757154691,                 -0.00169821894570794
         132,3058.29341859459,          0.996522355745657,                 -0.00150873937281704
         133,3058.29249981081,          0.996757897911483,                  -0.0013194601523034
         134,3058.29158102702,          0.996802920890661,                -0.000941979702221376
         135,3058.29066224323,          0.997036194579286,                -0.000564893028090247
         136,3058.28974345946,          0.996706502305448,                -0.000940999341300461
         137,3058.28882467568,          0.996939583580217,                -0.000564305424668047
         138,3058.28790589188,          0.997174296817277,                -0.000376008407547993
         139,3058.28698710811,          0.997218986057349,                                    0
         140,3058.28606832432,          0.997265501750379,                 0.000751235782862809
         141,3058.28514954054,          0.997124257600445,                 0.000938558224398009
         142,3058.28423075676,          0.997356517432163,                  0.00168852683538177
         143,3058.28331197297,          0.997590406630601,                  0.00168765294354801
         144,3058.28239318918,          0.997449213866831,                  0.00206161994598556
         145, 3058.2814744054,          0.997680944406355,                  0.00206055020436912
         146,3058.28055562162,          0.997727076991054,                  0.00187225948018588
         147,3058.27963683783,          0.997960291173113,                  0.00112277550103857
         148,3058.27871805405,           0.99800623192797,                 0.000374065304320828
         149,3058.27779927028,          0.998050259560364,                -0.000186935804375419
         150,3058.27688048648,           0.99809610645362,                 0.000186839405925425
         151, 3058.2759617027,          0.998328649193737,                 0.000186743106845069
         152,3058.27504291892,          0.998374305440197,                 0.000186646906980781
         153,3058.27412413513,          0.998419914671661,                 0.000373101612358618
         154,3058.27320535135,          0.998465476960712,                 0.000745819217150859
         155,3058.27228656756,          0.998697351280938,                 0.000559076703460126
         156,3058.27136778378,          0.998928987194412,                 0.000186263096623981
         157,     3058.270449,          0.998788050287535,                -0.000372334781095074
         158,3058.26953021622,           0.99901940170479,                 -0.00130250247940651
         159,3058.26861143243,          0.999066397372522,                 -0.00167378957117511
         160,3058.26769264865,          0.999297369037396,                 -0.00185881207038206
         161,3058.26677386486,          0.999156532046209,                 -0.00222943071486696
         162,3058.26585508108,          0.999758602120588,                 -0.00222828811765361
         163, 3058.2649362973,           0.99943393249877,                 -0.00222715082450979
         164,3058.26401751351,          0.999478742526633,                 -0.00241151144262179
         165,3058.26309872972,          0.999338100738472,                  -0.0029664952897617
         166,3058.26217994594,          0.999570077386071,                 -0.00389154090194799
         167,3058.26126116216,           0.99979996592012,                 -0.00518606873763678
         168,3058.26034237837,          0.999661225917883,                 -0.00647928572354184
         169,3058.25942359459,          0.999707655358973,                  -0.0074011301525743
         170,3058.25850481081,           1.00012205631604,                 -0.00813708773629918
         171,3058.25758602702,          0.999983364417228,                 -0.00794811176893545
         172,3058.25666724324,           0.99984481344359,                  -0.0081288196214926
         173,3058.25574845945,          0.999891055268216,                 -0.00812469186182854
         174,3058.25482967567,           1.00012180852438,                 -0.00756689318130645
         175,3058.25391089189,           1.00035048237443,                 -0.00756304071129475
         176,3058.25299210811,           1.00021202651253,                 -0.00737483521852559
         177,3058.25207332431,          0.999889433531124,                 -0.00700254302878414
         178,3058.25115454054,           1.00012156173679,                 -0.00589390238960905
         179,3058.25023575675,           1.00035161420374,                 -0.00460228015367934
         180,3058.24931697297,           1.00002943968912,                 -0.00275997085470777
         181,3058.24839818919,           1.00025930605287,                 -0.00128733501422505
         182, 3058.2474794054,           1.00030512798832,                -0.000367624082318385
         183,3058.24656062161,           1.00016902195081,                 0.000918597558735128
         184,3058.24564183784,           1.00021484328376,                 0.000734506953026444
         185,3058.24472305406,           1.00007891978996,                 0.000367068790526689
         186,3058.24380427027,           1.00049162404702,                 0.000366883617178959
         187,3058.24288548648,           1.00053904797527,                 0.000550048954356938
         188, 3058.2419667027,            1.0004031666911,                 0.000549772760592288
         189,3058.24104791892,           1.00044875493401,                 0.000183165279189677
         190,3058.24012913513,           1.00067920231258,                -0.000366146799236218
         191,3058.23921035135,           1.00054345538817,                 -0.00146385289742234
         192,3058.23829156756,           1.00059073443104,                 -0.00201178908403243
         193,3058.23737278378,           1.00063796611285,                   -0.002193579757646
         194,     3058.236454,           1.00050244370347,                 -0.00200977481386745
         195,3058.23553521621,           1.00036705691574,                 -0.00182615380963077
         196,3058.23461643243,            1.0007793777025,                  -0.0010951443126418
         197,3058.23369764865,            1.0006458133417,                 -0.00036486629474629
         198,3058.23277886486,           1.00051055760184,                 0.000182342000656431
         199,3058.23186008108,           1.00055768789161,                 0.000364501889942299
         200,3058.23094129729,           1.00042443352697,                  0.00109296187202509
         201,3058.23002251351,           1.00083752093802,                 0.000910348845677664
         202,3058.22910372973,           1.00052045989729,                -0.000181978985066804
         203,3058.22818494595,           1.00056931138786,                 -0.00200077484553109
         204,3058.22726616215,           1.00061811438752,                 -0.00399956368396175
         205,3058.22634737838,           1.00048516080264,                 -0.00545124497349786
         206,3058.22542859459,           1.00053395713087,                  -0.0061750144386367
         207,3058.22450981081,           1.00040117702799,                 -0.00580889814278635
         208,3058.22359102702,           1.00044996661538,                 -0.00471739193543705
         209,3058.22267224324,           1.00068005621798,                 -0.00326426984630729
         210,3058.22175345945,           1.00054740093312,                 -0.00108755152275339
         211,3058.22083467567,           1.00041668931283,                 0.000724677065782561
         212,3058.21991589189,           1.00046537484405,                  0.00217295647024951
         213, 3058.2189971081,           1.00033483253848,                  0.00289584898147562
         214,3058.21807832432,           1.00056441167319,                  0.00289441883687779
         215,3058.21715954054,           1.00007232488338,                  0.00271218312660471
         216,3058.21624075675,           1.00030361518943,                  0.00253012657861826
         217,3058.21532197297,           1.00017340915167,                  0.00180634532987478
         218,3058.21440318918,          0.999862785172132,                  0.00162491243527432
         219, 3058.2134844054,          0.999913380540939,                  0.00108274323826848
         220,3058.21256562162,           1.00014429493886,                 0.000721474694275098
         221,3058.21164683784,           1.00019470264579,                 0.000180280227585759
         222,3058.21072805405,          0.999884677204287,                 0.000540575604904102
         223,3058.20980927027,           1.00011706754798,                 0.000360207839923636
         224,3058.20889048649,          0.999807383165289,                                    0
         225, 3058.2079717027,           0.99985965619366,                -0.000719711827384315
         226,3058.20705291892,          0.999910080028774,                -0.000359679884902437
         227,3058.20613413513,          0.999962252009182,                -0.000179752337229765
         228,3058.20521535135,          0.999834708368069,                  0.00107798890390088
         229,3058.20429656756,          0.999707288866382,                  0.00215492859105381
         230,3058.20337778379,          0.999759483355889,                  0.00341031062545097
         231,3058.20245899999,          0.999811627093406,                  0.00358805536369426
         232,3058.20154021621,          0.999865513067647,                  0.00448289774510243
         233,3058.20062143243,          0.999738325931183,                  0.00519763561348231
         234,3058.19970264865,          0.999790404090166,                  0.00573253770487104
         235,3058.19878386486,          0.999844221978309,                  0.00572976631506194
         236,3058.19786508108,           0.99954005050496,                  0.00536906025338385
         237,3058.19694629729,          0.999413267313981,                  0.00465092982820181
         238,3058.19602751351,          0.999645984788074,                  0.00482748016263244
         239,3058.19510872973,          0.999521059102736,                  0.00411031367054585
         240,3058.19418994594,          0.999574877017995,                  0.00357246203365974
         241,3058.19327116216,          0.999630427757554,                  0.00321367167344811
         242,3058.19235237838,          0.999684141212077,                  0.00249831809656713
         243,3058.19143359459,          0.999559437578369,                  0.00249711494041705
         244,3058.19051481081,          0.999436635788603,                  0.00213935776479901
         245,3058.18959602702,          0.999668559087362,                  0.00160374635147705
         246,3058.18867724324,          0.999723931570651,                  0.00106865198457579
         247,3058.18775845946,          0.999601227649166,                   0.0010681402254488
         248,3058.18683967568,          0.999656579352412,                 0.000533814478116275
         249,3058.18592089189,           0.99971187809242,                 0.000177853029370649
         250, 3058.1850021081,          0.999767123945169,                 0.000177767980786837
         251,3058.18408332433,          0.999644633972992,                 0.000533049040511727
         252,3058.18316454054,          0.999701634616068,                  0.00195358287098539
         253,3058.18224575675,           0.99957929267916,                   0.0030177318372484
         254,3058.18132697297,          0.999636270082771,                  0.00425830147000115
         255,3058.18040818918,          0.999515848426862,                  0.00532034695755959
         256, 3058.1794894054,          0.999750062484379,                  0.00584960142942988
         257,3058.17857062162,          0.999806877636607,                  0.00584682384582811
         258,3058.17765183783,          0.999686546468158,                  0.00584404889875097
         259,3058.17673305405,          0.999920346228394,                  0.00513324305905885
         260,3058.17581427027,          0.999976999821306,                  0.00424618683575926
         261,3058.17489548649,          0.999858527268869,                  0.00353681827827686
         262, 3058.1739767027,          0.999915156571477,                  0.00300487142685436
         263,3058.17305791892,          0.999973498935541,                  0.00229675891981661
         264,3058.17213913513,           1.00020837674516,                  0.00247226646794353
         265,3058.17122035135,          0.999913511452672,                  0.00264760859166639
         266,3058.17030156756,          0.999971772144752,                  0.00352848190594479
         267,3058.16938278378,           1.00002997797501,                   0.0045848667655352
         268,3058.16846399999,           1.00008989175975,                   0.0066978173928217
         269,3058.16754521622,          0.999971811929192,                  0.00845642124253016
         270,3058.16662643243,           1.00003169672573,                  0.00968511063918208
         271,3058.16570764864,           1.00026577535118,                  0.00985656931544366
         272,3058.16478886486,           1.00032546642858,                  0.00932417335925336
         273,3058.16387008108,           1.00038510166508,                  0.00756135689428695
         274,3058.16295129729,           1.00044468113902,                   0.0059759520658339
         275,3058.16203251352,           1.00050596262904,                  0.00456771817881563
         276,3058.16111372972,           1.00056543009563,                  0.00333638876304265
         277,3058.16019494594,           1.00045108057493,                  0.00245724826807877
         278,3058.15927616216,           1.00068595408143,                   0.0014034866116149
         279,3058.15835737837,           1.00057165502899,                 0.000876771516849795
         280,3058.15743859459,           1.00080800786625,                 0.000701091424074428
         281,3058.15651981081,            1.0006937582778,                 0.000175191484292332
         282,3058.15560102702,           1.00110494528682,                -0.000175110188085853
         283,3058.15468224324,           1.00099241598157,                -0.000350058547292035
         284,3058.15376345946,           1.00105318772984,                -0.000174948127880084
         285,3058.15284467567,           1.00111565377661,                -0.000174867363105085
         286,3058.15192589189,           1.00152763552085,                                    0
         287,3058.15100710811,           1.00123866378053,                -0.000174705751837468
         288,3058.15008832433,           1.00112633260864,                                    0
         289,3058.14916954053,           1.00136494227795,                                    0
         290,3058.14825075676,           1.00160158553479,                  0.00104678793123301
         291,3058.14733197297,           1.00131660403352,                   0.0019182310422098
         292,3058.14641318919,           1.00137874776237,                  0.00261456592105057
         293, 3058.1454944054,           1.00144257908051,                  0.00331026600600726
         294,3058.14457562162,           1.00150635192909,                  0.00330874990204359
         295,3058.14365683783,           1.00157006638839,                  0.00330723518619734
         296,3058.14273805406,           1.00145973717771,                  0.00295775113481952
         297,3058.14181927027,           1.00152515638505,                  0.00295640348299112
         298,3058.14090048648,           1.00176260155818,                  0.00278122533835345
         299, 3058.1399817027,           1.00182782322239,                  0.00225871690979727
         300,3058.13906291892,           1.00189298553342,                  0.00156301557805526
         301,3058.13814413513,           1.00195808857226,                 0.000867947062172784
         302,3058.13722535135,           1.00184962192062,                 0.000520531497360905
         303,3058.13630656756,           1.00208811715655,                 0.000173431657521037
         304,3058.13538778378,           1.00215478012748,                -0.000693412752207219
         305,     3058.134469,           1.00204637171883,                 -0.00173274489316761
         306,3058.13355021621,           1.00176660085213,                 -0.00242474626762271
         307,3058.13263143243,           1.00235267233455,                 -0.00294300439200126
         308,3058.13171264865,           1.00224605555959,                  -0.0038068738298189
         309,3058.13079386486,           1.00196657344036,                 -0.00449700171059027
         310,3058.12987508108,           1.00238061072952,                 -0.00484074803387832
         311, 3058.1289562973,           1.00227412542942,                  -0.0055297882782313
         312,3058.12803751351,            1.0023421954455,                 -0.00587276144152111
         313,3058.12711872972,           1.00223755360806,                 -0.00604277594767992
         314,3058.12619994595,           1.00247815222343,                 -0.00534977151298441
         315,3058.12528116215,           1.00271853502701,                 -0.00482988456575888
         316,3058.12436237837,           1.00261386521007,                 -0.00396562663797622
         317,3058.12344359459,           1.00251101693601,                 -0.00327449017049753
         318,3058.12252481081,            1.0025805251317,                 -0.00275623512063697
         319,3058.12160602703,           1.00213168216929,                 -0.00258281361383837
         320,3058.12068724324,           1.00237340819007,                 -0.00240955146199535
         321,3058.11976845946,            1.0024446092152,                 -0.00258051641294456
         322,3058.11884967567,           1.00268598096771,                 -0.00343915616864246
         323,3058.11793089189,            1.0024132170039,                 -0.00412515727162098
         324,3058.11701210811,           1.00231077819106,                 -0.00515415209902844
         325,3058.11609332432,           1.00255360948493,                 -0.00618224219620719
         326,3058.11517454054,           1.00245291990161,                 -0.00669446299249362
         327,3058.11425575675,           1.00252389637441,                 -0.00737780721275022
         328,3058.11333697297,           1.00242502821196,                 -0.00686005151898691
         329,3058.11241818918,            1.0023245289229,                 -0.00565703941413643
         330, 3058.1114994054,           1.00256853569476,                 -0.00445509860332659
         331,3058.11058062162,           1.00246977861055,                 -0.00308294140013496
         332,3058.10966183784,           1.00202871009989,                 -0.00205438997457692
         333,3058.10874305405,           1.00261477278172,                 -0.00154011485834366
         334,3058.10782427026,           1.00217574252345,                  -0.0013683915241829
         335,3058.10690548649,           1.00259025278474,                 -0.00068389512468263
         336, 3058.1059867027,            1.0023225171369,                -0.000683595919615956
         337,3058.10506791892,            1.0022258399001,                -0.000170824244060014
         338,3058.10414913513,           1.00195849760865,                 -0.00051224872065882
         339,3058.10323035135,           1.00220341384072,                 0.000170674968297125
         340,3058.10231156757,           1.00210862488996,                 0.000170600719252632
         341,3058.10139278378,           1.00218444491055,                 0.000170526534781445
         342,     3058.100474,           1.00208803852218,                 0.000170452124259599
         343,3058.09955521621,           1.00233417954441,                  -0.0005111342068049
         344,3058.09863643243,           1.00207090111447,                -0.000851521839832148
         345,3058.09771764865,           1.00214660586035,                -0.000851152204739556
         346,3058.09679886487,           1.00205379339213,                -0.000680627470465022
         347,3058.09588008108,           1.00195935694993,                  0.00017008306857069
         348,3058.09496129729,           1.00186670565554,                 0.000340019245089272
         349,3058.09404251351,           1.00194407058472,                  0.00101961743953669
         350,3058.09312372973,           1.00185320761191,                 0.000679452836630661
         351,3058.09220494595,            1.0019305117639,                  0.00084894976424665
         352,3058.09128616216,           1.00183973279748,                 0.000678868190952045
         353,3058.09036737838,           1.00191867596091,                 0.000339288410416833
         354,3058.08944859459,           1.00165840853826,                     -0.0008478571259
         355,3058.08852981081,           1.00173736175262,                 -0.00118649095300648
         356,3058.08761102703,           1.00164682122841,                 -0.00186368657535732
         357,3058.08669224324,           1.00172740821027,                 -0.00169353746104864
         358,3058.08577345945,           1.00163864493544,                 -0.00169281501594632
         359,3058.08485467567,           1.00154995735925,                 -0.00118446523086919
         360,3058.08393589189,           1.00146134538492,                -0.000845685986644927
         361, 3058.0830171081,           1.00154187405324,                -0.000338130274832287
         362,3058.08209832432,           1.00145503338465,                 0.000168993424465854
         363,3058.08117954054,           1.00153718812818,                 0.000506765316981706
         364,3058.08026075675,           1.00145042305413,                  0.00101310108553781
         365,3058.07934197297,           1.00136373149342,                  0.00135022920140694
         366,3058.07842318918,           1.00144582053268,                  0.00168707180008874
         367,3058.07750440541,           1.00152952901636,                  0.00236090476616081
         368,3058.07658562162,           1.00127434917167,                   0.0026970352839641
         369,3058.07566683784,           1.00118956552215,                  0.00370686140045224
         370,3058.07474805405,           1.00127327602468,                  0.00454741437387157
         371,3058.07382927027,           1.00135860186905,                  0.00538726887353891
         372,3058.07291048648,           1.00144217096373,                  0.00588984640963377
         373, 3058.0719917027,           1.00135914360496,                  0.00622380116132765
         374,3058.07107291892,           1.00127618576826,                  0.00588491460988901
         375,3058.07015413513,           1.00136136741794,                  0.00537824165112019
         376,3058.06923535135,           1.00111047831207,                  0.00436799336065009
         377,3058.06831656757,           1.00136526909907,                  0.00453410401906339
         378,3058.06739778378,           1.00111458766971,                  0.00419648972027878
         379,     3058.066479,           1.00120137453354,                  0.00453032296169025
         380,3058.06556021622,           1.00112036925224,                   0.0053670383340713
         381,3058.06464143243,           1.00120708154506,                  0.00637070815450644
         382,3058.06372264865,           1.00112781891887,                  0.00703839444167936
         383,3058.06280386486,           1.00104694501445,                  0.00787302650864777
         384,3058.06188508108,           1.00096781431361,                   0.0080372122929162
         385,3058.06096629729,           1.00122349444072,                  0.00887075312694048
         386,3058.06004751351,           1.00114435618253,                  0.00903439091474881
         387,3058.05912872973,           1.00106695743208,                   0.0088634394827765
         388,3058.05820994594,           1.00132395420991,                  0.00885979458649834
         389,3058.05729116216,            1.0014119691539,                  0.00885613788839595
         390,3058.05637237837,           1.00133455598036,                  0.00851844242785631
         391,3058.05545359459,           1.00142583805552,                  0.00801407806379874
         392,3058.05453481081,           1.00151537403704,                  0.00684254796459232
         393,3058.05361602702,            1.0012728610346,                  0.00567198888290179
         394,3058.05269724324,              1.00153081133,                  0.00433563121787881
         395,3058.05177845946,           1.00128849009963,                  0.00316705199132561
         396,3058.05085967567,           1.00121298561079,                  0.00216604573355638
         397,3058.04994089189,           1.00163719548247,                  0.00166550913781588
         398,3058.04902210811,           1.00156327778897,                  0.00099889954566719
         399,3058.04810332432,           1.00148942012465,                 0.000665662625539811
         400,3058.04718454054,           1.00158197052644,                 0.000665392440143791
         401,3058.04626575676,           1.00150816520977,                 0.000332561236994777
         402,3058.04534697297,           1.00176851119281,                  0.00033242691594253
         403,3058.04442818919,           1.00186083604705,                -0.000498438226889081
         404, 3058.0435094054,           1.00162259206175,                 -0.00166079023721067
         405,3058.04259062162,           1.00171656434792,                 -0.00315422849231198
         406,3058.04167183784,           1.00164451576395,                 -0.00398268197122844
         407,3058.04075305405,            1.0015741866564,                 -0.00398108321956835
         408,3058.03983427027,           1.00200134970892,                 -0.00381367384466409
         409,3058.03891548649,           1.00176518849395,                 -0.00314916257137411
         410, 3058.0379967027,           1.00202625348547,                 -0.00215382627237287
         411,3058.03707791892,           1.00195588413084,                 -0.00182173797114698
         412,3058.03615913513,           1.00205111735404,                -0.000993277169027631
         413,3058.03524035135,           1.00181697230855,                -0.000165480173820375
         414,3058.03432156756,            1.0020792565624,                 0.000165414205441135
         415,3058.03340278378,           1.00217598349163,                 0.000992089737823752
         416,     3058.032484,           1.00210900724599,                 0.000991696197175649
         417,3058.03156521622,           1.00220564546108,                 0.000495650665411018
         418,3058.03064643243,             1.002138710663,                 0.000165151402548286
         419,3058.02972764865,           1.00223691487342,                                    0
         420,3058.02880886486,           1.00266508246904,                -0.000825102931590716
         421,3058.02789008108,           1.00226978806514,                 -0.00164955527989654
         422, 3058.0269712973,           1.00236782397636,                 -0.00197868298860279
         423,3058.02605251351,           1.00246743464265,                 -0.00214272881459297
         424,3058.02513372973,           1.00273172724906,                 -0.00263616622346122
         425,3058.02421494594,           1.00266642072133,                 -0.00214104196277551
         426,3058.02329616216,           1.00260281617796,                  -0.0021402030558807
         427,3058.02237737838,           1.00253761161706,                 -0.00164566252727686
         428,3058.02145859459,           1.00280311105847,                -0.000822509113400976
         429,3058.02053981081,            1.0029039652445,                -0.000164437443063535
         430,3058.01962102702,           1.00267764242543,                 0.000986240304025011
         431,3058.01870224324,           1.00261415785833,                   0.0018074001534647
         432,3058.01778345946,           1.00255236956472,                   0.0018066966030819
         433,3058.01686467567,           1.00249062935593,                  0.00229853730936506
         434,3058.01594589189,           1.00259305455262,                  0.00213352589772205
         435, 3058.0150271081,           1.00285945366881,                  0.00213269636801809
         436,3058.01410832433,            1.0026353205104,                  0.00245985112980962
         437,3058.01318954054,           1.00290314067036,                  0.00262282612793818
         438,3058.01227075676,           1.00267916396975,                  0.00278567507558192
         439,3058.01135197297,           1.00294676011997,                    0.002948398118922
         440,3058.01043318919,           1.00272458148856,                  0.00245605302454743
         441, 3058.0095144054,           1.00266460656135,                  0.00147306259533988
         442,3058.00859562162,           1.00293353970095,                 0.000327221383262953
         443,3058.00767683784,           1.00303871830852,                -0.000817739049656386
         444,3058.00675805406,           1.00281684614592,                  -0.0016348497654808
         445,3058.00583927027,           1.00308705024097,                 -0.00179764704344259
         446,3058.00492048648,           1.00286696779358,                 -0.00228703983533313
         447, 3058.0040017027,           1.00313694623754,                 -0.00228616592012463
         448,3058.00308291892,            1.0030802480522,                 -0.00212205748164012
         449,3058.00216413514,           1.00318676602806,                  -0.0019580743644009
         450,3058.00124535135,           1.00313172832257,                 -0.00179421935147126
         451,3058.00032656757,           1.00291204831457,                 -0.00211963203187927
         452,3057.99940778378,           1.00318313022474,                 -0.00228181378117732
         453,     3057.998489,           1.00312979101598,                 -0.00260680147088773
         454,3057.99757021622,           1.00307485847182,                 -0.00342012859683524
         455,3057.99665143243,           1.00318440228964,                 -0.00374444032013337
         456,3057.99573264865,           1.00329386338929,                 -0.00406850715080817
         457,3057.99481386486,           1.00340324186443,                 -0.00374161390448798
         458,3057.99389508108,           1.00334992031743,                 -0.00357758480502163
         459,3057.99297629729,           1.00313571348454,                 -0.00243834641099792
         460,3057.99205751351,           1.00308253290933,                 -0.00178744660003282
         461,3057.99113872973,           1.00303102167846,                -0.000812170867755842
         462,3057.99021994594,           1.00314355117364,                -0.000487120533104711
         463,3057.98930116216,           1.00325436823866,                -0.000649250521429325
         464,3057.98838237837,           1.00320447815682,                -0.000811260292864966
         465,3057.98746359459,           1.00347738080564,                 -0.00113533888243728
         466,3057.98654481081,           1.00310318327588,                 -0.00178343866430172
         467,3057.98562602703,           1.00321710169121,                 -0.00162070614166592
         468,3057.98470724324,           1.00316729985662,                 -0.00194412267414074
         469,3057.98378845946,           1.00328110981191,                 -0.00275315235945157
         470,3057.98286967567,           1.00307105518348,                 -0.00291402178716956
         471,3057.98195089189,           1.00302298634801,                 -0.00323660208566638
         472,3057.98103210811,            1.0029749531271,                 -0.00372071353579407
         473,3057.98011332432,           1.00325199833762,                 -0.00420447323610219
         474,3057.97919454054,           1.00320553751352,                 -0.00452622543512383
         475,3057.97827575676,           1.00315911092438,                 -0.00420137514240238
         476,3057.97735697297,           1.00327425037112,                 -0.00371523229086069
         477,3057.97643818919,           1.00322783266941,                 -0.00306797502345386
         478,3057.97551940541,           1.00286024199068,                 -0.00242119807337199
         479,3057.97460062162,           1.00329969100693,                 -0.00225895716855854
         480,3057.97368183784,            1.0030936382024,                  -0.0027420150907607
         481,3057.97276305405,            1.0027265002604,                 -0.00322471940910242
         482,3057.97184427027,           1.00284477826041,                 -0.00370707648665855
         483,3057.97092548648,            1.0031240886732,                  -0.0040279637354369
         484, 3057.9700067027,           1.00292001604157,                 -0.00483179709029179
         485,3057.96908791892,            1.0031990958167,                 -0.00499104027769504
         486,3057.96816913513,           1.00283420161941,                 -0.00434545393094591
         487,3057.96725035135,           1.00295383902543,                 -0.00418299644123534
         488,3057.96633156756,           1.00275173732568,                 -0.00418148278596115
         489,3057.96541278378,           1.00254978183771,                 -0.00401920214014476
         490,     3057.964494,           1.00299081221203,                 -0.00385703885484516
         491,3057.96357521621,           1.00295117942753,                 -0.00385565085796264
         492,3057.96265643243,           1.00274937047125,                 -0.00337247546122617
         493,3057.96173764865,           1.00270985307716,                 -0.00272911743552861
         494,3057.96081886486,           1.00251149429899,                 -0.00208622529628411
         495,3057.95990008108,           1.00263251192331,                 -0.00144379081716956
         496, 3057.9589812973,           1.00259468682547,                -0.000481091500396099
         497,3057.95806251351,           1.00255528160999,                 0.000160306249058201
         498,3057.95714372973,            1.0026777601682,                 0.000480746888365765
         499,3057.95622494594,           1.00248137367822,                -0.000160191974061716
         500,3057.95530616216,           1.00244365658138,                -0.000160134769421946
         501,3057.95438737838,           1.00240757104256,                                    0
         502,3057.95346859459,           1.00237151114226,                                    0
         503,3057.95254981081,           1.00217551268516,                 0.000159964168026362
         504,3057.95163102703,            1.0021395607664,                 0.000799536908222757
         505,3057.95071224324,           1.00242493801782,                  0.00143865801979913
         506,3057.94979345946,           1.00223073038843,                  0.00175773884475011
         507,3057.94887467568,            1.0020366598778,                  0.00223633241483966
         508,3057.94795589189,           1.00216208965806,                  0.00287426985561584
         509,3057.94703710811,           1.00212780561466,                  0.00287325589376615
         510,3057.94611832432,            1.0020951447852,                  0.00303181652084693
         511,3057.94519954054,           1.00190299358597,                  0.00271172598168468
         512,3057.94428075676,           1.00202989187198,                  0.00255131735677144
         513,3057.94336197297,           1.00199889694044,                  0.00191282003870273
         514,3057.94244318919,           1.00196632704767,                  0.00191214947909861
         515, 3057.9415244054,           1.00177608576185,                  0.00175219223141681
         516,3057.94060562162,           1.00222291577761,                  0.00191081585467608
         517,3057.93968683784,           1.00203271768146,                  0.00175097059483655
         518,3057.93876805405,            1.0021608994943,                  0.00143211306691787
         519,3057.93784927027,           1.00197244933668,                 0.000477205484681704
         520,3057.93693048648,           1.00210215653911,                 -0.00079506676970732
         521, 3057.9360117027,           1.00207281559571,                 -0.00238437376807355
         522,3057.93509291892,           1.00204349498025,                 -0.00349587010617911
         523,3057.93417413513,           1.00201578635524,                 -0.00428890713880651
         524,3057.93325535135,           1.00182930314983,                 -0.00460501660981853
         525,3057.93233656757,           1.00196042637289,                 -0.00412721341661838
         526,3057.93141778378,           1.00177409065952,                 -0.00285631769869657
         527,     3057.930499,           1.00190514261603,                 -0.00190355631909315
         528,3057.92958021621,           1.00203769336283,                -0.000792876794874844
         529,3057.92866143243,           1.00169459015172,                -0.000158521061900889
         530,3057.92774264865,           1.00182712222703,                  0.00110926761398121
         531,3057.92682386486,           1.00195956360503,                  0.00158412579226091
         532,3057.92590508108,           1.00145848080459,                  0.00110850875484379
         533, 3057.9249862973,           1.00175084772057,                 0.000949826973186385
         534,3057.92406751351,           1.00156826378482,                  0.00126600507351533
         535,3057.92314872973,           1.00170219767008,                  0.00142377128538072
         536,3057.92222994595,            1.0016794815431,                  0.00158143271478228
         537,3057.92131116216,           1.00165519727201,                  0.00158089519771466
         538,3057.92039237838,           1.00179054849573,                  0.00126428843476351
         539,3057.91947359459,           1.00176782557454,                 0.000947895750425368
         540,3057.91855481081,           1.00174511801262,                 0.000631716927644722
         541,3057.91763602702,           1.00156613115085,                 0.000157876124078003
         542,3057.91671724324,           1.00185915261781,                 -0.00015782280286985
         543,3057.91579845946,           1.00168024801407,                -0.000788848832898152
         544,3057.91487967567,           1.00165918037751,                 -0.00110401736146159
         545,3057.91396089189,           1.00163812689098,                 -0.00141897420777882
         546,3057.91304210811,           1.00161866620014,                 -0.00189133343735667
         547,3057.91212332432,           1.00144166003608,                 -0.00189070168666346
         548,3057.91120454054,            1.0014222779443,                 -0.00157505863155756
         549,3057.91028575676,           1.00156036207958,                 -0.00125962630036734
         550,3057.90936697297,           1.00169835406039,                 -0.00110180522916762
         551,3057.90844818919,           1.00168048186401,                -0.000944090934838844
         552, 3057.9075294054,           1.00150374993708,                -0.000629184074092717
         553,3057.90661062162,           1.00132871036473,                -0.000157243830145215
         554,3057.90569183784,           1.00162693640801,                -0.000785959617394858
         555,3057.90477305405,           1.00145197179026,                -0.000942838824845689
         556,3057.90385427027,           1.00174995994257,                -0.000942527796715605
         557,3057.90293548649,              1.00173210615,                -0.000942215494105657
         558, 3057.9020167027,           1.00156042486256,                -0.000156984392611687
         559,3057.90109791892,           1.00138728468839,                 0.000313865314116406
         560,3057.90017913513,           1.00168490146307,                  0.00109816668915294
         561,3057.89926035135,           1.00167023453857,                  0.00172512487551656
         562,3057.89834156757,            1.0014987990794,                  0.00219489404932868
         563,3057.89742278378,           1.00148420272297,                  0.00188072150746098
         564,     3057.896504,           1.00146961592575,                  0.00141007924645365
         565,3057.89558521621,           1.00192648049243,                 0.000939746581671809
         566,3057.89466643243,           1.00160018037258,                                    0
         567,3057.89374764865,           1.00158556990516,                 -0.00109565541324209
         568,3057.89282886486,           1.00173057484501,                 -0.00234707257461344
         569,3057.89191008108,            1.0015610775502,                 -0.00328483252046763
         570, 3057.8909912973,           1.00154962635397,                 -0.00344013923181691
         571,3057.89007251351,           1.00138029785046,                 -0.00328270156960031
         572,3057.88915372973,           1.00136891255837,                 -0.00281283402404035
         573,3057.88823494595,           1.00135753462963,                 -0.00171839826535506
         574,3057.88731616216,           1.00134772783706,                                    0
         575,3057.88639737838,           1.00149248139082,                    0.001248938402358
         576,3057.88547859459,           1.00132657042528,                  0.00280920795942255
         577,3057.88455981081,           1.00116076610563,                  0.00343237289299109
         578,3057.88364102703,           1.00146296879728,                  0.00405513739117415
         579,3057.88272224324,           1.00129878836922,                  0.00389792427736382
         580,3057.88180345946,           1.00113315242381,                  0.00311733816728572
         581,3057.88088467567,           1.00112499961046,                  0.00218143968786714
         582,3057.87996589189,           1.00127261936843,                  0.00155767364556382
         583,3057.87904710811,           1.00126442723938,                  0.00171289404348882
         584,3057.87812832432,           1.00110213078619,                  0.00217935466195096
         585,3057.87720954054,           1.00140523531856,                   0.0023342779378055
         586,3057.87629075676,             1.001242997444,                  0.00155569141927284
         587,3057.87537197297,           1.00123638229874,                 0.000777598930023872
         588,3057.87445318919,           1.00123132796856,                -0.000466412109302123
         589,3057.87353440541,           1.00138014211734,                 -0.00202047832493022
         590,3057.87261562162,           1.00137504564064,                 -0.00295207538668303
         591,3057.87169683784,           1.00136839701842,                 -0.00310646315191071
         592,3057.87077805405,           1.00120803326594,                 -0.00310548397414995
         593,3057.86985927027,           1.00151500099344,                 -0.00263883369759587
         594,3057.86894048649,           1.00119951522826,                 -0.00263800244247991
         595, 3057.8680217027,           1.00119603679015,                   -0.002171791836855
         596,3057.86710291892,           1.00134608704283,                 -0.00232618728599077
         597,3057.86618413513,           1.00118753430052,                 -0.00232545881302381
         598,3057.86526535135,           1.00103063225027,                 -0.00278968127891388
         599,3057.86434656757,           1.00102721102137,                 -0.00309867578090503
         600,3057.86342778378,           1.00118022792958,                 -0.00309771110126727
         601,     3057.862509,           1.00102192493497,                 -0.00309674222717701
         602,3057.86159021621,           1.00117484803596,                 -0.00340535662597266
         603,3057.86067143243,           1.00117293521622,                 -0.00402326063610845
         604,3057.85975264865,           1.00101787940759,                 -0.00464078757258965
         605,3057.85883386486,           1.00101601656555,                 -0.00494863471807473
         606,3057.85791508108,           1.00101570241929,                 -0.00541089568875291
         607, 3057.8569962973,            1.0011699377012,                 -0.00510012472123182
         608,3057.85607751351,           1.00101507470919,                 -0.00509854876761896
         609,3057.85515872973,           1.00117076124193,                 -0.00432471171162822
         610,3057.85423994595,           1.00070718081903,                 -0.00324253213966976
         611,3057.85332116216,           1.00101722490549,                 -0.00262410066667593
         612,3057.85240237838,           1.00070983272638,                   -0.001851737547065
         613,3057.85148359459,           1.00086542154977,                  -0.0007713204543386
         614,3057.85056481081,           1.00086669812688,                 -0.00046265024566728
         615,3057.84964602703,           1.00055963505011,                 0.000154169435292775
         616,3057.84872724324,           1.00040842432976,                 0.000616489554355113
         617,3057.84780845946,           1.00071953198065,                   0.0010785275941285
         618,3057.84688967567,           1.00056836472688,                  0.00154028381269533
         619,3057.84597089189,           1.00057127107043,                  0.00215573988842506
         620,3057.84505210811,           1.00042178114792,                  0.00292475978486083
         621,3057.84413332432,           1.00042473038854,                  0.00307775643866647
         622,3057.84321454054,           1.00058305808582,                  0.00384602958981325
         623,3057.84229575676,           1.00027990612379,                  0.00369106976429444
         624,3057.84137697297,           1.00059192976792,                  0.00353620380833775
         625,3057.84045818919,            1.0002889587035,                  0.00276662588455178
         626,3057.83953940541,           1.00044867303414,                  0.00199751693279738
         627,3057.83862062162,            1.0004546823061,                  0.00184330664634933
         628,3057.83770183784,           1.00046068796069,                  0.00138206388206388
         629,3057.83678305405,           1.00000614065791,                  0.00107461513426549
         630,3057.83586427027,           1.00016574789132,                  0.00168817296713281
         631,3057.83494548649,           1.00032525913334,                  0.00245478591198365
         632, 3057.8340267027,           1.00033283076399,                   0.0027608081805814
         633,3057.83310791892,           1.00018706549439,                  0.00260665033165792
         634,3057.83218913513,           1.00034796044594,                  0.00214601156087085
         635,3057.83127035135,           1.00020227777029,                  0.00168564808571674
         636,3057.83035156757,           1.00036307204912,                 0.000919169744608686
         637,3057.82943278378,           1.00037215314332,                 0.000459448325081131
         638,     3057.828514,           1.00037969722209,                 0.000612414874332468
         639,3057.82759521621,           1.00023570971583,                 0.000918349542202753
         640,3057.82667643243,           1.00024482051596,                  0.00091807693484714
         641,3057.82575764865,           1.00040842362249,                  0.00137670883984746
         642,3057.82483886486,           1.00026455552378,                  0.00152922268081911
         643,3057.82392008108,           1.00042805601419,                  0.00183452577508714
         644, 3057.8230012973,            1.0002842671867,                  0.00259814095373169
         645,3057.82208251351,           1.00044766518922,                  0.00275016157199235
         646,3057.82116372973,           1.00015274171376,                  0.00290209256147854
         647,3057.82024494594,           1.00031760962113,                  0.00305393866469586
         648,3057.81932616216,           1.00017554973782,                  0.00290038697268293
         649,3057.81840737838,           1.00034031409618,                  0.00259432270627536
         650,3057.81748859459,           1.00035241941266,                   0.0024410002608819
         651,3057.81656981081,            1.0000594819579,                  0.00228776761161637
         652,3057.81565102703,           1.00022413559136,                  0.00198215148821458
         653,3057.81473224324,           1.00038869284881,                  0.00167671424978469
         654,3057.81381345946,           1.00040229429656,                   0.0016762262356835
         655,3057.81289467567,           1.00026202416716,                  0.00137105668862389
         656,3057.81197589189,           1.00027565452721,                  0.00167524850788661
         657,3057.81105710811,           1.00028927695985,                  0.00228376547251108
         658,3057.81013832432,           1.00030289147201,                  0.00304413539705419
         659,3057.80921954054,           1.00016585741436,                  0.00365190637120715
         660,3057.80830075676,           1.00033161845016,                  0.00410720098816213
         661,3057.80738197297,           1.00034673009191,                  0.00380186504291545
         662,3057.80646318919,           1.00036183300343,                    0.003344674821592
         663, 3057.8055444054,           1.00037692719226,                  0.00273576187928603
         664,3057.80462562162,           1.00054395555974,                  0.00167137183161081
         665,3057.80370683784,           1.00071088751572,                 0.000759495209104221
         666,3057.80278805405,           1.00057553213945,                -0.000607421783056273
         667,3057.80186927027,           1.00074387818615,                 -0.00166993062197325
         668,3057.80095048649,           1.00091212765538,                 -0.00227652493022451
         669, 3057.8000317027,           1.00032165659214,                 -0.00288277134464593
         670,3057.79911291892,           1.00064161194763,                 -0.00333698885294042
         671,3057.79819413513,           1.00080974606727,                 -0.00257784328532479
         672,3057.79727535135,           1.00067611202236,                 -0.00257710860542042
         673,3057.79635656757,           1.00084414019699,                 -0.00212171683264049
         674,3057.79543778378,           1.00071057268522,                 -0.00196960445797243
         675,     3057.794519,           1.00057708124122,                 -0.00196904360522796
         676,3057.79360021622,           1.00059660269592,                 -0.00211990805655915
         677,3057.79268143243,           1.00061459837661,                 -0.00211930474693988
         678,3057.79176264865,           1.00078391965883,                 -0.00196736593914483
         679,3057.79084386486,           1.00080336596724,                 -0.00181551631014465
         680,3057.78992508108,            1.0006715510409,                 -0.00211750328213009
         681, 3057.7890062973,           1.00069101812524,                 -0.00272173441013211
         682,3057.78808751351,           1.00086163892794,                 -0.00272096503559929
         683,3057.78716872973,           1.00058030937744,                 -0.00317356690785775
         684,3057.78624994595,           1.00075086530806,                 -0.00347482939343076
         685,3057.78533116216,           1.00092283665791,                 -0.00332281611686646
         686,3057.78441237838,           1.00094220536453,                 -0.00301988898888077
         687,3057.78349359459,           1.00066116999918,                 -0.00256618492834306
         688,3057.78257481081,           1.00083453180955,                 -0.00211273875834343
         689,3057.78165602703,           1.00070455152354,                 -0.00150867563926359
         690,3057.78073724324,           1.00072546940585,                 -0.00120660192241851
         691,3057.77981845946,           1.00074788451216,                 -0.00105548217441391
         692,3057.77889967567,            1.0006195459979,                -0.000452223356130415
         693,3057.77798089189,           1.00064197813658,                -0.000753495465464289
         694,3057.77706210811,           1.00051374067998,                 -0.00120525672721575
         695,3057.77614332432,           1.00068680491126,                 -0.00135553600906101
         696,3057.77522454054,           1.00055862641144,                 -0.00210802419409482
         697,3057.77430575676,           1.00058255671649,                 -0.00255903467190918
         698,3057.77338697297,           1.00075545750326,                 -0.00240783267970709
         699,3057.77246818919,           1.00047842426905,                 -0.00270806190027713
         700,3057.77154940541,           1.00050235686589,                 -0.00240649995638219
         701,3057.77063062162,           1.00052627621983,                 -0.00195474024509435
         702,3057.76971183784,           1.00055168640161,                 -0.00120258616154039
         703,3057.76879305405,           1.00042529721964,                -0.000751408515261858
         704,3057.76787427027,           1.00045072115385,                 0.000150240384615385
         705,3057.76695548649,           1.00062482727131,                 0.000750994316475013
         706, 3057.7660367027,           1.00065018236639,                  0.00120126072312892
         707,3057.76511791892,           1.00052540719057,                  0.00180139608196352
         708,3057.76419913513,           1.00055227724318,                  0.00225113006729378
         709,3057.76328035135,           1.00042759727838,                  0.00240054612424327
         710,3057.76236156757,              1.00045297871,                  0.00269987310596402
         711,3057.76144278378,           1.00047984644914,                  0.00269913627639155
         712,     3057.760524,           1.00035678842446,                  0.00329804425975397
         713,3057.75960521622,           1.00053353795613,                   0.0029974042479213
         714,3057.75868643243,           1.00056036174797,                  0.00224744016565132
         715,3057.75776764865,           1.00043738241603,                 0.000449365495919761
         716,3057.75684886486,           1.00046421779302,                 -0.00179697210200812
         717,3057.75593008108,           1.00034282925456,                 -0.00404209164769129
         718, 3057.7550112973,           1.00051934212673,                   -0.005537653800851
         719,3057.75409251351,           1.00054763037643,                 -0.00643390879410594
         720,3057.75317372973,           1.00042631803325,                 -0.00658175209232403
         721,3057.75225494595,           1.00045461614844,                 -0.00643042578391377
         722,3057.75133616216,           1.00048439471591,                 -0.00568117259402341
         723,3057.75041737838,           1.00051266185093,                  -0.0049323151839081
         724,3057.74949859459,           1.00024206635009,                 -0.00493098120549042
         725,3057.74857981081,           1.00042126145398,                 -0.00492965531252521
         726,3057.74766102703,           1.00030167354144,                 -0.00433095678302504
         727,3057.74674224324,            1.0004807563103,                 -0.00403118645282467
         728,3057.74582345946,           1.00021195358515,                 -0.00298526176267766
         729,3057.74490467568,           1.00009251825743,                  -0.0019398989461872
         730,3057.74398589189,          0.999973147073479,                 -0.00104428047583386
         731,3057.74306710811,           1.00000447429295,                 -0.00044742929498566
         732,3057.74214832432,           1.00018339677669,                                    0
         733,3057.74122954054,          0.999916524559667,                -0.000149063286308835
         734,3057.74031075676,          0.999947841766823,                -0.000447070570089489
         735,3057.73939197297,          0.999979142270572,                 0.000297967563251064
         736,3057.73847318919,          0.999861482023196,                 0.000446832183236942
         737,3057.73755440541,          0.999894277745763,                 0.000893427500591896
         738,3057.73663562162,          0.999776702642352,                  0.00104205433569036
         739,3057.73571683784,          0.999809503399174,                  0.00104177828576871
         740,3057.73479805405,          0.999692013325259,                 0.000892714999248632
         741,3057.73387927027,          0.999873565526525,                  0.00104122507567475
         742,3057.73296048649,          0.999906314548161,                   0.0013383635976998
         743, 3057.7320417027,          0.999790378522867,                  0.00178401257134192
         744,3057.73112291892,          0.999824618247431,                  0.00252668626582523
         745,3057.73020413513,           0.99970876498523,                  0.00341755374474737
         746,3057.72928535135,          0.999592972990638,                   0.0044565001024995
         747,3057.72836656757,          0.999775748458085,                  0.00504937246696003
         748,3057.72744778378,          0.999661484006604,                  0.00564193322326615
         749,     3057.726529,          0.999695712515122,                  0.00593731677811505
         750,3057.72565691111,          0.999581529110438,                  0.00578736336628668
         751,3057.72478482222,          0.999615760638164,                   0.0047473589107185
         752,3057.72391273333,          0.999798290212923,                  0.00370790049774856
         753,3057.72304064444,          0.999833929408136,                  0.00237243702662467
         754,3057.72216855556,          0.999571590998371,                 0.000889430453209287
         755,3057.72129646667,          0.999755470423036,                 0.000296399487228887
         756,3057.72042437778,          0.999642931752553,                 0.000148161098525649
         757,3057.71955228889,          0.999825215740063,                 0.000592489016734852
         758,    3057.7186802,          0.999714198133255,                 0.000740419343899611
         759,3057.71780811111,          0.999749803469885,                  0.00074022642045749
         760,3057.71693602222,          0.999933396976223,                  0.00103604703653546
         761,3057.71606393333,          0.999820958508244,                  0.00088780905002952
         762,3057.71519184444,           1.00000591719478,                 0.000591719477630045
         763,3057.71431975556,          0.999894996975617,                 0.000739457918189334
         764,3057.71344766667,           1.00007836214251,                 0.000591412396299533
         765,3057.71257557778,          0.999967480732334,                  0.00088688911816615
         766,3057.71170348889,          0.999708880045279,                  0.00162554289438257
         767,    3057.7108314,          0.999893628337411,                  0.00265929156472716
         768,3057.70995931111,          0.999784357340565,                  0.00280630858169164
         769,3057.70908722222,          0.999968990920246,                  0.00295324569084538
         770,3057.70821513333,           1.00000738121775,                  0.00295248710132198
         771,3057.70734304444,           0.99974910341367,                  0.00265655209055891
         772,3057.70647095556,          0.999787530394957,                  0.00236077338936236
         773,3057.70559886667,          0.999825937650276,                  0.00236016745388085
         774,3057.70472677778,          0.999864325194811,                   0.0025070344437038
         775,3057.70385468889,           1.00005012782596,                  0.00250639129780941
         776,    3057.7029826,          0.999941041212193,                  0.00294793939036613
         777,3057.70211051111,          0.999980843278864,                  0.00309454726036784
         778,3057.70123842222,           1.00016647342981,                  0.00309375400530652
         779,3057.70036633333,           1.00020619771415,                  0.00206197714151055
         780,3057.69949424444,          0.999949936242332,                 0.000588985384327688
         781,3057.69862215556,            1.0001369042274,                 -0.00103046192663994
         782,3057.69775006667,           1.00017660563961,                  -0.0029434273267793
         783,3057.69687797778,           1.00051055465068,                 -0.00470828496306203
         784,3057.69600588889,            1.0004030443084,                 -0.00573676205381965
         785,    3057.6951338,           1.00044264770978,                 -0.00573530255191552
         786,3057.69426171111,           1.00048370189261,                 -0.00514576481502446
         787,3057.69338962222,            1.0003762802347,                 -0.00396858060040215
         788,3057.69251753333,           1.00041733037871,                 -0.00191031511382539
         789,3057.69164544444,           1.00045835977717,                 -0.00029382036997861
         790,3057.69077335556,           1.00049789898379,                 0.000734364282871247
         791,3057.68990126667,           1.00053888724922,                  0.00132152186457925
         792,3057.68902917778,           1.00043305612848,                  0.00176158425143679
         793,3057.68815708889,           1.00047550838304,                  0.00117409477293007
         794,     3057.687285,           1.00036974651822,                  0.00102707366172302
         795,3057.68641291111,           1.00055741360089,                 0.000293375579416769
         796,3057.68554082222,           1.00059980260775,                -0.000293302008678806
         797,3057.68466873333,           1.00064070327814,                -0.000879684134750016
         798,3057.68379664444,           1.00068305009718,                 -0.00219865911109678
         799,3057.68292455556,           1.00057883514921,                 -0.00307735142620585
         800,3057.68205246667,           1.00076768008251,                 -0.00483462647382856
         801,3057.68118037778,           1.00095643042005,                 -0.00556575129586802
         802,3057.68030828889,           1.00085222530377,                 -0.00673580137000343
         803,    3057.6794362,           1.00104085997579,                 -0.00717329659824708
         804,3057.67856411111,           1.00093815083299,                 -0.00761058398059886
         805,3057.67769202222,           1.00098034912134,                 -0.00716971745460398
         806,3057.67681993333,           1.00116881046107,                 -0.00643650316485786
         807,3057.67594784444,           1.00091989862103,                 -0.00526492056551097
         808,3057.67507575556,           1.00110974484641,                 -0.00380149749759117
         809,3057.67420366667,           1.00100714650108,                 -0.00277732707119166
         810,3057.67333157778,           1.00105073792784,                 -0.00248435949558734
         811,3057.67245948889,           1.00094820520388,                 -0.00189933245769237
         812,    3057.6715874,           1.00113785583556,                 -0.00204492704722759
         813,3057.67071531111,           1.00132741230536,                 -0.00219044934877941
         814,3057.66984322222,           1.00122634898388,                 -0.00218990889978977
         815,3057.66897113333,           1.00112387430123,                 -0.00233532322332988
         816,3057.66809904444,           1.00102291116724,                 -0.00277251243617749
         817,3057.66722695556,           1.00106642313511,                 -0.00277182483817649
         818,3057.66635486667,           1.00111137364032,                 -0.00306284074103244
         819,3057.66548277778,           1.00130211560979,                 -0.00320789959857511
         820,3057.66461068889,           1.00120120820553,                 -0.00306133159177581
         821,    3057.6637386,           1.00124609229828,                 -0.00233186862835115
         822,3057.66286651111,           1.00099954248347,                 -0.00145705901380418
         823,3057.66199442222,           1.00119012415457,                -0.000874020186952918
         824,3057.66112233333,           1.00123643597694,                -0.000873806344125327
         825,3057.66025024444,           1.00142686584549,                 -0.00145598555662328
         826,3057.65937815555,            1.0013275341054,                  -0.0024745701526082
         827,3057.65850606667,            1.0012267938768,                 -0.00334712445627419
         828,3057.65763397778,           1.00127305132215,                 -0.00407376423089514
         829,3057.65676188889,              1.00131928616,                 -0.00378185668799537
         830,    3057.6558898,           1.00136549840692,                 -0.00319925079363233
         831,3057.65501771111,           1.00141168807945,                 -0.00276231447060243
         832,3057.65414562222,           1.00116715625213,                   -0.002180242065009
         833,3057.65327353333,            1.0012133717931,                 -0.00174376784637405
         834,3057.65240144444,           1.00140484329532,                 -0.00116222816572793
         835,3057.65152935556,           1.00116049214162,                 -0.00101670150079666
         836,3057.65065726667,           1.00135333716682,                  -0.0014520785051723
         837,3057.64978517778,           1.00125428984548,                 -0.00145172435819266
         838,3057.64891308889,           1.00144701837292,                 -0.00188678423751421
         839,     3057.648041,            1.0012043472583,                 -0.00217653118969195
         840,3057.64716891111,           1.00110686065016,                 -0.00275627160590538
         841,3057.64629682222,           1.00100796948536,                 -0.00275560003190695
         842,3057.64542473333,           1.00105557424399,                  -0.0028999292417265
         843,3057.64455264444,           1.00110460716864,                 -0.00289923141375221
         844,3057.64368055556,           1.00115216556402,                 -0.00333330917891899
         845,3057.64280846667,             1.000765026689,                 -0.00420185113276111
         846,3057.64193637778,           1.00110235695796,                 -0.00550454197140825
         847,3057.64106428889,           1.00086168818473,                 -0.00622732637707185
         848,    3057.6401922,            1.0010540459147,                 -0.00709453981050339
         849,3057.63932011111,           1.00110300823058,                 -0.00694808334225969
         850,3057.63844802222,           1.00115049818742,                 -0.00738055440988126
         851,3057.63757593333,           1.00134409574476,                 -0.00680005382170259
         852,3057.63670384444,           1.00124830581901,                 -0.00650912651861538
         853,3057.63583175556,           1.00129717441573,                 -0.00592911382886264
         854,3057.63495966667,           1.00091228607903,                 -0.00578311302082354
         855,3057.63408757778,           1.00096121184965,                 -0.00534809600555046
         856,3057.63321548889,           1.00086560568554,                 -0.00505779615925411
         857,    3057.6323434,           1.00105899298869,                 -0.00491210936089123
         858,3057.63147131111,           1.00081897006209,                 -0.00433317493171639
         859,3057.63059922222,            1.0007249118409,                 -0.00404333297713495
         860,3057.62972713333,           1.00091819410277,                 -0.00317614312278392
         861,3057.62885504444,            1.0006798214278,                 -0.00259804367311415
         862,3057.62798295556,           1.00072872098644,                 -0.00129871066890815
         863,3057.62711086667,            1.0004905072422,                 -0.00115413468751803
         864,3057.62623877778,           1.00068510438827,                -0.000865395016767028
         865,3057.62536668889,           1.00087960893452,                -0.000865189115920922
         866,    3057.6244946,            1.0006415292905,                -0.000288327771010084
         867,3057.62362251111,           1.00040356288375,                 0.000144129601337523
         868,3057.62275042222,           1.00045390030044,                 0.000864572000835753
         869,3057.62187833333,           1.00050421378665,                  0.00144061081898725
         870,3057.62100624445,           1.00026644966622,                  0.00216040269906311
         871,3057.62013415556,           1.00046077640825,                  0.00187190415850708
         872,3057.61926206667,           1.00051249273009,                  0.00158354495252244
         873,3057.61838997778,           1.00041882013618,                 0.000863546672538784
         874,3057.61751788889,           1.00032663139431,                 0.000143890482076282
         875,    3057.6166458,           1.00023304725105,                -0.000287712655616583
         876,3057.61577371111,           1.00028476834527,                 -0.00071911198299444
         877,3057.61490162222,           1.00004888808367,                 -0.00115030785113866
         878,3057.61402953333,           1.00024294489464,                 -0.00143754375523805
         879,3057.61315744444,           1.00029462700939,                 -0.00100604344670485
         880,3057.61228535556,           1.00020259814156,                -0.000862119751307189
         881,3057.61141326667,          0.999966959861978,                -0.000143652774006892
         882,3057.61054117778,           1.00001867046204,                                    0
         883,3057.60966908889,           1.00007035670851,                 0.000287170238825129
         884,     3057.608797,           1.00012201861861,                                    0
         885,3057.60792491111,           1.00017509163607,                -0.000430553203459351
         886,3057.60705282222,           1.00022670466122,                -0.000573935851189913
         887,3057.60618073333,           1.00013484319458,                -0.000430350620995946
         888,3057.60530864444,           1.00004445916856,                -0.000430250018285626
         889,3057.60443655556,          0.999952683626958,                -0.000143382948612985
         890,3057.60356446667,           1.00000573397783,                                    0
         891,3057.60269237778,          0.999915443584389,                 0.000143315958661945
         892,3057.60182028889,          0.999967045075173,                -0.000286564563712616
         893,    3057.6009482,           1.00002005483565,                  0.00014324882607587
         894,3057.60007611111,           1.00007303984682,                 0.000286430771830679
         895,3057.59920402222,             1.000126000126,                 0.000572727845455118
         896,3057.59833193333,           1.00017893569051,                 0.000572594209641055
         897,3057.59745984444,           1.00023184655765,                 0.000572460636175505
         898,3057.59658775555,          0.999998569182187,                 0.000858490687522267
         899,3057.59571566667,           1.00019454584988,                  0.00114438735223098
         900,3057.59484357778,           1.00010440100282,                  0.00114412057886781
         901,3057.59397148889,           1.00001429817412,                  0.00114385392985316
         902,    3057.5930994,           1.00006861534239,                  0.00171538355976396
         903,3057.59222731111,           1.00012147803034,                  0.00171498395775423
         904,3057.59135522222,          0.999888552004778,                  0.00228611272250307
         905,3057.59048313333,          0.999800011427918,                  0.00271413062110737
         906,3057.58961104444,           1.00013853125451,                  0.00328476170481989
         907,3057.58873895555,           1.00004997394216,                  0.00328400191328807
         908,3057.58786686667,           1.00024552908663,                  0.00299773884841148
         909,3057.58699477778,          0.999871555181321,                  0.00214074697797885
         910,3057.58612268889,           1.00006848806881,                  0.00114146781346133
         911,    3057.5852506,          0.999978602455012,                                    0
         912,3057.58437851111,          0.999890184646673,                -0.000998321393884853
         913,3057.58350642222,           1.00008697648355,                 -0.00128325959343484
         914,3057.58263433333,          0.999998574485282,                 -0.00199572060481738
         915,3057.58176224444,           1.00005273186701,                 -0.00185274127323231
         916,3057.58089015556,          0.999964378584405,                 -0.00156734228618245
         917,3057.58001806667,           1.00001851886146,                -0.000712263902322977
         918,3057.57914597778,           1.00021505406972,                                    0
         919,3057.57827388889,          0.999984337423164,                 0.000711935310709928
         920,    3057.5774018,           0.99989750481158,                 0.000854126570169345
         921,3057.57652971111,          0.999951610653626,                 0.000853929641890372
         922,3057.57565762222,           1.00000569155203,                 0.000853732804398431
         923,3057.57478553333,           1.00006117017115,                 0.000711281059865682
         924,3057.57391344444,           1.00025742441891,                 0.000711117179311041
         925,3057.57304135556,           1.00031139757792,                  0.00071095337425581
         926,3057.57216926667,           1.00036676797803,                 0.000710790655093099
         927,3057.57129717778,           1.00013644038408,                 0.000568501600332005
         928,3057.57042508889,           1.00033391828238,                                    0
         929,     3057.569553,            1.0001051246864,                -0.000710301935146592
         930,3057.56868091111,            1.0003010987263,                 -0.00113622160866255
         931,3057.56780882222,           1.00021441280002,                 -0.00113596185440093
         932,3057.56693673333,           1.00012776649962,                -0.000993739441518434
         933,3057.56606464444,           1.00032360071079,                -0.000283860272619406
         934,3057.56519255555,            1.0002369691784,                                    0
         935,3057.56432046667,          0.999866646616371,                -0.000567461206933241
         936,3057.56344837778,            1.0003474906213,                 -0.00141832906652672
         937,3057.56257628889,           1.00040271349487,                 -0.00226880842181686
         938,    3057.5617042,             1.000032606677,                 -0.00269359505626069
         939,3057.56083211111,           1.00022961201239,                 -0.00311818782262614
         940,3057.55996002222,           1.00014312050889,                 -0.00297577295702559
         941,3057.55908793333,           1.00019833961409,                 -0.00255008075255716
         942,3057.55821584444,           1.00011189468868,                 -0.00198294385011211
         943,3057.55734375555,           1.00016709573453,                 -0.00127445899215783
         944,3057.55647166666,           1.00008069733826,                -0.000707871388263209
         945,3057.55559957778,           1.00013588033472,                -0.000990794107322818
         946,3057.55472748889,           1.00005094358847,                 -0.00155660964758358
         947,    3057.5538554,           1.00024758603615,                 -0.00240512149400488
         948,3057.55298331111,           1.00016124788893,                 -0.00325324688183359
         949,3057.55211122222,          0.999934949784062,                 -0.00395957836146991
         950,3057.55123913333,          0.999990103307333,                 -0.00381729574286696
         951,3057.55036704445,            1.0000452317278,                 -0.00424047448082457
         952,3057.54949495555,          0.999960431187008,                 -0.00381556410995608
         953,3057.54862286667,           1.00015682639883,                 -0.00339084105573836
         954,3057.54775077778,           0.99978953286183,                 -0.00339007470877139
         955,3057.54687868889,          0.999844656903588,                 -0.00353052491844487
         956,    3057.5460066,           1.00004235672837,                  -0.0042356728366301
         957,3057.54513451111,          0.999815084320138,                 -0.00465818124842081
         958,3057.54426242222,          0.999589325859346,                 -0.00479825456433965
         959,3057.54339033333,           1.00006772467661,                 -0.00451497844097794
         960,3057.54251824445,          0.999842011420317,                 -0.00394971449206672
         961,3057.54164615556,          0.999757429428887,                 -0.00352573504524223
         962,3057.54077406667,          0.999671476087548,                 -0.00296094513368667
         963,3057.53990197778,          0.999586970832811,                 -0.00239641496321503
         964,3057.53902988889,          0.999502503688942,                 -0.00211400698749776
         965,    3057.5381578,          0.999840780709949,                 -0.00154992229253233
         966,3057.53728571111,          0.999473145938575,                 -0.00126783062909756
         967,3057.53641362222,          0.999670438317038,                -0.000704191630259959
         968,3057.53554153333,          0.999445222009761,                -0.000281613193014866
         969,3057.53466944445,           0.99922010715784,                                    0
         970,3057.53379735556,          0.999135836873024,                  0.00126668862260279
         971,3057.53292526667,          0.999192316026758,                  0.00182924941675086
         972,3057.53205317778,          0.999106684392299,                  0.00154747585585966
         973,3057.53118108889,          0.999163144607205,                  0.00140647965175564
         974,     3057.530309,          0.999219579416583,                  0.00056246528534567
         975,3057.52943691111,           0.99899481945411,                                    0
         976,3057.52856482222,          0.998910713658245,                -0.000702765381777294
         977,3057.52769273333,          0.998826645682126,                -0.000983650326361126
         978,3057.52682064444,           0.99888310538849,                -0.000842939329441763
         979,3057.52594855555,          0.998799081402617,                -0.000842749892900534
         980,3057.52507646667,          0.998855521931149,                -0.000842560541485575
         981,3057.52420437778,          0.998911937102945,                -0.000842371275139518
         982,3057.52333228889,          0.998827963252788,                -0.000842182093805049
         983,    3057.5224602,            0.9984633627797,                -0.000982325163662389
         984,3057.52158811111,          0.998519827991386,                 -0.00126270597891281
         985,3057.52071602222,           0.99857626785802,                -0.000701345882748995
         986,3057.51984393333,          0.998352206990849,                -0.000560950811625706
         987,3057.51897184444,          0.998410058970829,                -0.000420619319886601
         988,3057.51809975555,          0.998326310566111,                -0.000560699977852351
         989,3057.51722766667,          0.998382743282218,                 -0.00028028712613201
         990,3057.51635557778,          0.998439150696217,                -0.000420336437284402
         991,3057.51548348889,           0.99821537134004,                     -0.0007004037127
         992,    3057.5146114,          0.997991692272357,                 -0.00112039482713708
         993,3057.51373931111,          0.998048149382381,                 -0.00182023371800939
         994,3057.51286722222,          0.998105978416833,                  -0.0019598153853907
         995,3057.51199513333,          0.998022429263009,                  -0.0019593765263893
         996,3057.51112304445,          0.997798993385786,                 -0.00139924133135014
         997,3057.51025095555,          0.997995335973577,                -0.000699464070629084
         998,3057.50937886667,          0.997911867668634,                 0.000279723018267312
         999,3057.50850677778,          0.997828436712144,                 0.000279660436298247
        1000,3057.50763468889,            0.9978862370546,                 0.000559196546402129
        1001,    3057.5067626,          0.997802849028334,                 0.000838607241093991
        1002,3057.50589051111,          0.997719498289624,                  0.00111789299528249
        1003,3057.50501842222,          0.997636184813465,                  0.00153675928202606
        1004,3057.50414633333,          0.997554301900549,                  0.00223478981103455
        1005,3057.50327424444,          0.997610705602902,                  0.00251357680583038
        1006,3057.50240215556,            0.9972482482189,                  0.00307146317525071
        1007,3057.50153006667,            0.9973046950788,                  0.00334993879382662
        1008,3057.50065797778,          0.997640215966988,                  0.00348874043910683
        1009,3057.49978588889,          0.997139867457272,                  0.00348796651552145
        1010,    3057.4989138,          0.997056813268053,                  0.00265026293398056
        1011,3057.49804171111,          0.997113252541593,                  0.00181293318643926
        1012,3057.49716962222,          0.997169666634134,                   0.0012548276006302
        1013,3057.49629753333,          0.997088051252528,                 0.000278788774291214
        1014,3057.49542544444,          0.997005082579726,                -0.000418089914416995
        1015,3057.49455335555,          0.996782818663274,                -0.000417996708972578
        1016,3057.49368126667,          0.996978557369102,                                    0
        1017,3057.49280917778,          0.996757786604422,                 0.000139270334861593
        1018,3057.49193708889,          0.996814204637226,                                    0
        1019,     3057.491065,          0.996731389243097,                                    0
        1020,3057.49019291111,          0.996926965322585,                -0.000417531885518324
        1021,3057.48932082222,          0.996706402269758,                 -0.00111317202543041
        1022,3057.48844873333,            0.9969018971185,                 -0.00125203978147732
        1023,3057.48757664445,          0.996819135811913,                 -0.00180809945103319
