"SCAN INDEX",      WAVENUMBER,"SCIENCE DIRECT ABSORPTION","SCIENCE HARMONIC ABSORPTION SPECTRA"
           0,3058.39122071052,                          1,                                    0
           1,3058.39032610526,                          1,                                    0
           2,3058.38943149999,                          1,                                    0
           3,3058.38853689474,                          1,                                    0
           4,3058.38764228947,                          1,                                    0
           5,3058.38674768421,                          1,                                    0
           6,3058.38585307894,                          1,                                    0
           7,3058.38495847368,                          1,                                    0
           8,3058.38406386842,                          1,                                    0
           9,3058.38316926315,                          1,                                    0
          10,3058.38227465789,                          1,                                    0
          11,3058.38138005263,                          1,                                    0
          12,3058.38048544736,                          1,                                    0
          13, 3058.3795908421,                          1,                                    0
          14,3058.37869623684,                          1,                                    0
          15,3058.37780163157,                          1,                                    0
          16,3058.37690702632,                          1,                                    0
          17,3058.37601242105,                          1,                                    0
          18,3058.37511781578,                          1,                                    0
          19,3058.37422321052,                          1,                                    0
          20,3058.37332860526,                          1,                                    0
          21,     3058.372434,                          1,                                    0
          22,3058.37153939473,                          1,                                    0
          23,3058.37064478947,                          1,                                    0
          24, 3058.3697501842,                          1,                                    0
          25,3058.36885557895,                          1,                                    0
          26,3058.36796097368,                          1,                                    0
          27,3058.36706636842,                          1,                                    0
          28,3058.36617176315,                          1,                                    0
          29,3058.36527715789,                          1,                                    0
          30,3058.36438255263,                          1,                                    0
          31,3058.36348794736,                          1,                                    0
          32,3058.36259334211,                          1,                                    0
          33,3058.36169873684,                          1,                                    0
          34,3058.36080413157,                          1,                                    0
          35,3058.35990952631,                          1,                                    0
          36,3058.35901492105,                          1,                                    0
          37,3058.35812031579,                          1,                                    0
          38,3058.35722571053,                          1,                                    0
          39,3058.35633110526,                          1,                                    0
          40,3058.35543649999,                          1,                                    0
          41,3058.35454189473,                          1,                                    0
          42,3058.35364728947,                          1,                                    0
          43,3058.35275268421,                          1,                                    0
          44,3058.35185807894,                          1,                                    0
          45,3058.35096347368,                          1,                                    0
          46,3058.35006886841,                          1,                                    0
          47,3058.34917426315,                          1,                                    0
          48,3058.34827965789,                          1,                                    0
          49,3058.34738505263,                          1,                                    0
          50,3058.34649044737,                          1,                                    0
          51, 3058.3455958421,                          1,                                    0
          52,3058.34470123683,                          1,                                    0
          53,3058.34380663157,                          1,                                    0
          54,3058.34291202632,                          1,                                    0
          55,3058.34201742105,                          1,                                    0
          56,3058.34112281579,                          1,                                    0
          57,3058.34022821052,                          1,                                    0
          58,3058.33933360526,                          1,                                    0
          59,     3058.338439,                          1,                                    0
          60,3058.33754439473,                          1,                                    0
          61,3058.33664978947,                          1,                                    0
          62,3058.33575518421,                          1,                                    0
          63,3058.33486057894,                          1,                                    0
          64,3058.33396597368,                          1,                                    0
          65,3058.33307136841,                          1,                                    0
          66,3058.33217676316,                          1,                                    0
          67,3058.33128215789,                          1,                                    0
          68,3058.33038755263,                          1,                                    0
          69,3058.32949294736,                          1,                                    0
          70, 3058.3285983421,                          1,                                    0
          71,3058.32770373684,          0.985922857491445,                   0.0017429396420002
          72,3058.32680913158,          0.990610683033615,                  0.00251620533009711
          73,3058.32591452631,          0.994328074098721,                  0.00251483754149482
          74,3058.32501992105,          0.997266121953389,                  0.00251346637948702
          75,3058.32412531578,          0.999043469019024,                  0.00289857873022928
          76,3058.32323071052,           1.00023755400491,                  0.00309013339719609
          77,3058.32233610526,           1.00008107200352,                   0.0028954286971729
          78,3058.32144149999,          0.999536983447158,                  0.00231508276420882
          79,3058.32054689473,          0.998609774768087,                   0.0019281903355244
          80,3058.31965228947,          0.997681647629711,                 0.000770856980977177
          81,3058.31875768421,           0.99675644858085,                -0.000385219883509507
          82,3058.31786307894,          0.996022838838346,                -0.000962526902626929
          83,3058.31696847369,          0.995676742722902,                -0.000962006514708118
          84,3058.31607386842,          0.995136809677922,                 -0.00115378180832223
          85,3058.31517926315,          0.994983759681728,                 -0.00134535180949818
          86,3058.31428465789,          0.995213141961459,                  -0.0015367120508959
          87,3058.31339005263,           0.99544418697072,                -0.000959926891967908
          88,3058.31249544737,          0.995674982826573,                -0.000575645586525288
          89, 3058.3116008421,          0.995711841913485,                -0.000575334269210411
          90,3058.31070623684,          0.995942244550206,                -0.000383349593745268
          91,3058.30981163157,          0.995978919499846,                                    0
          92,3058.30891702631,          0.996208930075821,                 0.000574404533966455
          93,3058.30802242105,          0.996054056743506,                 0.000956824262001447
          94,3058.30712781578,          0.996092517256614,                  0.00133883402857072
          95,3058.30623321052,          0.995937873357228,                 0.000955794504181601
          96,3058.30533860526,          0.995976354875565,                  0.00057316882114458
          97,3058.30444399999,          0.995821939780938,                -0.000954766960480286
          98,3058.30354939473,          0.995860442125393,                 -0.00229021182550876
          99,3058.30265478946,          0.995708154506438,                 -0.00362422508345255
         100,3058.30176018421,          0.995554132064393,                 -0.00362227661992023
         101,3058.30086557895,          0.995592715881657,                 -0.00342979308820475
         102,3058.29997097368,          0.996010245765052,                  -0.0032375094030604
         103,3058.29907636841,          0.996048544280667,                 -0.00171305883786088
         104,3058.29818176314,          0.995894669157513,                -0.000951188795756937
         105,3058.29728715789,          0.995742852307967,                -0.000380272236894393
         106,3058.29639255263,          0.995781232184258,                 0.000570103758884117
         107,3058.29549794736,          0.996007612506695,                  0.00132952961242312
         108, 3058.2946033421,          0.996045810134344,                  0.00189831486589355
         109,3058.29370873684,          0.996083967032467,                  0.00284595419152133
         110,3058.29281413159,          0.995930565511069,                  0.00322368994929325
         111,3058.29191952631,          0.995968743070389,                  0.00341150092773872
         112,3058.29102492105,          0.995628026095456,                  0.00284140418406237
         113,3058.29013031578,          0.995853764743748,                  0.00189325810787785
         114,3058.28923571053,          0.996081147309881,                 0.000946125709830814
         115,3058.28834110526,          0.996119163615457,                 0.000189124580143432
         116,    3058.2874465,           0.99615525656196,                 0.000189023767848569
         117,3058.28655189474,           0.99600426966929,                                    0
         118,3058.28565728946,          0.996042266180258,                  0.00113293907053679
         119,3058.28476268421,          0.996080222391234,                  0.00245339956253999
         120,3058.28386807894,          0.995927636803299,                  0.00358383051122399
         121,3058.28297347368,          0.995965613452983,                  0.00490159113189051
         122,3058.28207886841,          0.996380395725814,                   0.0056526875703053
         123,3058.28118426315,          0.996418092587222,                  0.00640298906595455
         124,3058.28028965789,          0.996079302368041,                  0.00545848446120053
         125,3058.27939505263,          0.995740870337344,                  0.00432685433927053
         126,3058.27850044736,           0.99634104609229,                  0.00338443835245541
         127, 3058.2776058421,          0.996190758972952,                  0.00206717569302065
         128,3058.27671123685,          0.996228456371805,                 0.000751303511592613
         129,3058.27581663158,          0.996453840796412,                 0.000563180392311461
         130,3058.27492202631,          0.996116104095915,                  0.00037525564290673
         131,3058.27402742104,          0.996153781239979,                  0.00075011579912649
         132,3058.27313281578,          0.996191418696536,                  0.00168687164031398
         133,3058.27223821053,          0.996416348046975,                  0.00243530974329962
         134,3058.27134360526,          0.996453807756687,                  0.00280849438488356
         135,     3058.270449,          0.996491228070175,                  0.00261988304093567
         136,3058.26955439473,          0.996530472921791,                   0.0022444380020761
         137,3058.26865978947,          0.996567813719772,                  0.00243019725724199
         138, 3058.2677651842,           0.99660511530837,                  0.00205524114518037
         139,3058.26687057895,          0.996455635688649,                  0.00168067854595162
         140,3058.26597597368,          0.996679601104187,                  0.00111986472034178
         141,3058.26508136842,          0.996532098145913,                  -0.0001865466301284
         142,3058.26418676315,          0.996569340343812,                 -0.00111869336614834
         143,3058.26329215789,          0.996420192277231,                 -0.00149081008756646
         144,3058.26239755263,          0.996645564079784,                 -0.00130377853645272
         145,3058.26150294736,           0.99668268854876,                -0.000930783235476989
         146, 3058.2606083421,          0.996533714878978,                                    0
         147,3058.25971373684,          0.996572712243581,                 0.000371924878613018
         148,3058.25881913157,          0.996981547291571,                  0.00111519188735075
         149,3058.25792452631,          0.997020271073594,                  0.00204345499940554
         150,3058.25702992105,          0.997057103335592,                  0.00278507570764132
         151,3058.25613531579,          0.996910172306608,                  0.00426823044732911
         152,3058.25524071052,          0.997134351612275,                  0.00463697150117315
         153,3058.25434610526,          0.997171067023095,                  0.00500532047027767
         154,    3058.2534515,          0.997024305825764,                  0.00481743764197545
         155,3058.25255689473,          0.996877696829177,                  0.00425936968736227
         156,3058.25166228948,          0.996914488576944,                  0.00277640499975012
         157,3058.25076768421,          0.997138084199894,                  0.00166498010348776
         158,3058.24987307894,          0.997176546289294,                 0.000554706033537527
         159,3058.24897847368,          0.997584581238092,                 0.000924031661020833
         160,3058.24808386841,          0.997253351114822,                  0.00129297526538317
         161,3058.24718926316,          0.997476309245348,                  0.00203076798106586
         162,3058.24629465789,          0.997145477325273,                  0.00295231821561887
         163,3058.24540005263,          0.997368260894422,                  0.00461061511138324
         164,3058.24450544736,          0.997406485077612,                  0.00534555314493638
         165, 3058.2436108421,          0.997260435493112,                  0.00644820159657472
         166,3058.24271623684,          0.997484651957589,                  0.00699730787786383
         167,3058.24182163157,          0.997522757138177,                   0.0073617915655954
         168,3058.24092702632,          0.997560823065858,                   0.0069900998112673
         169,3058.24003242105,          0.997600683942968,                  0.00588338036973369
         170,3058.23913781578,          0.997638670672657,                  0.00459402592868234
         171,3058.23824321052,          0.997678450733198,                  0.00348967057509771
         172,3058.23734860526,          0.997899930976752,                  0.00201929713773809
         173,     3058.236454,          0.997756058001222,                 0.000733913981611785
         174,3058.23555939473,          0.997979101488716,                                    0
         175,3058.23466478947,          0.997650215732924,                 0.000183290504452126
         176, 3058.2337701842,          0.998422675369737,                 0.000732787284675036
         177,3058.23287557894,          0.997912623136925,                  0.00164792910242795
         178,3058.23198097368,          0.998135130733009,                  0.00219611689930255
         179,3058.23108636842,          0.997991578531474,                  0.00237791248550388
         180,3058.23019176316,          0.998030995818837,                  0.00274234565621589
         181,3058.22929715789,          0.998253102752642,                  0.00237548788866636
         182,3058.22840255262,           0.99810970988156,                  0.00292218762270905
         183,3058.22750794737,          0.998331550489765,                  0.00273815565137072
         184, 3058.2266133421,          0.998372535997606,                  0.00255431569882429
         185,3058.22571873684,          0.998411659259881,                  0.00273537440893118
         186,3058.22482413158,          0.998450742732161,                  0.00309851453567848
         187,3058.22392952631,          0.998491605456453,                  0.00309694531887606
         188,3058.22303492105,          0.998532426812526,                  0.00364162081259127
         189,3058.22214031578,          0.998571389573874,                   0.0029118174290472
         190,3058.22124571053,          0.998794025789295,                  0.00218275875240786
         191,3058.22035110526,          0.998834632327408,                  0.00181804629109466
         192,    3058.2194565,          0.999056910628199,                  0.00145370230720727
         193,3058.21856189473,          0.999095528861347,                  0.00163458639515581
         194,3058.21766728947,          0.998954392640086,                 0.000907645277703149
         195,3058.21677268421,          0.998996648843425,                 0.000181437822165533
         196,3058.21587807895,          0.998855704521509,                -0.000544039054750277
         197,3058.21498347368,          0.998896157213313,                -0.000906274865916634
         198,3058.21408886842,          0.999298896531984,                 -0.00199280055508554
         199,3058.21319426315,          0.999340894934307,                 -0.00199180102269929
         200,3058.21229965789,          0.999381042527084,                 -0.00217178060672311
         201,3058.21140505263,           0.99996563070372,                 -0.00253247446270841
         202,3058.21051044737,          0.999463023664927,                 -0.00216960135383124
         203, 3058.2096158421,          0.999504855667234,                 -0.00180709610498506
         204,3058.20872123684,           0.99954664581117,                 -0.00144495358989688
         205,3058.20782663157,          0.999407865282131,                                    0
         206,3058.20693202631,          0.999630100774984,                  0.00126307052444493
         207,3058.20603742105,          0.999671765720078,                  0.00270522758177903
         208,3058.20514281579,          0.999352872148086,                  0.00396568600058764
         209,3058.20424821052,          0.999574802355163,                  0.00468438083295498
         210,3058.20335360526,          0.999438153686576,                  0.00450197366525485
         211,3058.20245899999,          0.999479831314155,                  0.00467971828095949
         212,3058.20156439474,          0.999523265541094,                  0.00413769530371583
         213,3058.20066978947,          0.999564859334486,                  0.00323658346249699
         214,3058.19977518421,          0.999787929218681,                  0.00179721001117865
         215,3058.19888057894,          0.999831146015585,                -0.000179631898313975
         216,3058.19798597367,           1.00023340574896,                   -0.001795428838178
         217,3058.19709136842,          0.999917451179551,                 -0.00305071727746812
         218,3058.19619676315,           1.00013990479299,                 -0.00394603262292788
         219, 3058.1953021579,           1.00018286189624,                 -0.00412335648388843
         220,3058.19440755263,           1.00004658880364,                 -0.00376294183208678
         221,3058.19351294737,          0.999912241268454,                 -0.00268649178202164
         222, 3058.1926183421,          0.999955247258895,                 -0.00196912060863728
         223,3058.19172373684,           1.00017892288424,                 -0.00161030595813205
         224,3058.19082913158,           1.00022175486788,                -0.000894172854342819
         225,3058.18993452632,           1.00044507919371,                -0.000714986656561522
         226,3058.18903992105,            1.0003108663882,                 -0.00125061190653999
         227,3058.18814531578,          0.999819643179209,                 -0.00124999776786113
         228,3058.18725071052,           1.00039980295426,                -0.000892417308612184
         229,3058.18635610526,             1.000267594327,                -0.000535188654000535
         230,    3058.1854615,           1.00013373155619,                 0.000534926224758169
         231,3058.18456689474,           1.00017822135092,                  0.00124754945642488
         232,3058.18367228947,           1.00058071802399,                  0.00195947799506212
         233,3058.18277768421,            1.0002706321397,                  0.00213656952397231
         234,3058.18188307895,           1.00013702945065,                  0.00249144455735038
         235,3058.18098847368,           1.00018320980012,                  0.00320172466235145
         236,3058.18009386842,           1.00040713210103,                  0.00408909970469589
         237,3058.17919926316,           1.00045491377962,                  0.00568642224528382
         238,3058.17830465789,           1.00032325787097,                  0.00692695437801278
         239,3058.17741005263,           1.00054678568132,                  0.00763369620019457
         240,3058.17651544736,           1.00041698827997,                   0.0076299983143027
         241,3058.17562084211,           1.00028554250415,                  0.00656215692777548
         242,3058.17472623684,           1.00051053691466,                  0.00478628357489293
         243,3058.17383163158,           1.00038094563109,                  0.00283494423133145
         244,3058.17293702631,           1.00042857800651,                  0.00177098349797577
         245,3058.17204242104,           1.00065317711367,                 0.000708051071723803
         246,3058.17114781579,           1.00034677744673,                -0.000707709074953468
         247,3058.17025321052,           1.00057296861405,                -0.000884210824155225
         248,3058.16935860526,           1.00079717330477,                 -0.00123729781228071
         249,3058.16846399999,           1.00084625835437,                 -0.00106003134159333
         250,3058.16756939474,           1.00071870921943,                 -0.00123610922261091
         251,3058.16667478947,           1.00076601843386,                 -0.00176501943286396
         252,3058.16578018421,           1.00116788218151,                 -0.00229342422349948
         253,3058.16488557895,           1.00086579475903,                 -0.00264499417219617
         254,3058.16399097368,           1.00056223243288,                 -0.00264372617341786
         255,3058.16309636841,           1.00096361685748,                 -0.00264245938980328
         256,3058.16220176315,           1.00101422021256,                 -0.00264119847021785
         257,3058.16130715789,           1.00106477529721,                 -0.00246394283652619
         258,3058.16041255263,            1.0007616976887,                 -0.00175911706396326
         259,3058.15951794737,           1.00081232483147,                 -0.00123079519919541
         260, 3058.1586233421,           1.00103864789485,                -0.000351488289288922
         261,3058.15772873684,           1.00091519272624,                -0.000351321583968493
         262,3058.15683413158,           1.00114125186551,                  0.00122904047054692
         263,3058.15593952632,           1.00101610856743,                  0.00228141819975045
         264,3058.15504492105,           1.00124366109972,                  0.00228033770047238
         265,3058.15415031579,           1.00094501552526,                  0.00245458577988327
         266,3058.15325571052,           1.00117238635826,                  0.00192769057411883
         267,3058.15236110525,           1.00104921869116,                 0.000525485154168586
         268,    3058.1514665,           1.00092616746999,                 -0.00070031566728703
         269,3058.15057189473,           1.00080498390032,                 -0.00174996500069999
         270,3058.14967728948,           1.00138181945392,                 -0.00262370782389673
         271,3058.14878268421,           1.00108570419543,                 -0.00262247390201389
         272,3058.14788807894,            1.0009646167396,                 -0.00192224350281696
         273,3058.14699347368,           1.00136764497823,                 -0.00174667302455648
         274,3058.14609886842,           1.00107195357428,                  -0.0013966821814779
         275,3058.14520426316,           1.00112554641352,                -0.000523509959776985
         276,3058.14430965789,           1.00135351040598,                 0.000697685776280079
         277,3058.14341505263,           1.00123432683859,                  0.00156905954057937
         278,3058.14252044736,           1.00128951312167,                  0.00226536088941554
         279, 3058.1416258421,            1.0013446478834,                  0.00261265780453139
         280,3058.14073123684,           1.00122563527601,                  0.00278553471820834
         281,3058.13983663157,           1.00128074840254,                  0.00208817674327955
         282,3058.13894202631,           1.00116187653496,                  0.00191326974320441
         283,3058.13804742105,           1.00139256153088,                  0.00139082300212622
         284,3058.13715281578,           1.00109997619325,                  0.00139017528372609
         285,3058.13625821052,           1.00115678420937,                  0.00138953058183119
         286,3058.13536360526,           1.00138715036953,                  0.00173610809703455
         287,     3058.134469,           1.00109671194652,                  0.00225589482671257
         288,3058.13357439473,           1.00132862936097,                  0.00346900616442395
         289,3058.13267978947,           1.00121185642882,                  0.00450762047916006
         290,3058.13178518421,           1.00127021645667,                  0.00554528330332526
         291,3058.13089057894,             1.001328522707,                   0.0057159386350685
         292,3058.12999597369,           1.00138677525411,                  0.00484765382211534
         293,3058.12910136842,           1.00109887257404,                  0.00415321917748955
         294,3058.12820676315,           1.00115717717957,                   0.0029405100228149
         295,3058.12731215789,           1.00139005110685,                   0.0022475950732716
         296,3058.12641755262,           1.00162098081436,                  0.00103687472133992
         297,3058.12552294737,           1.00168069549356,                 0.000345466699601159
         298, 3058.1246283421,           1.00156770121134,                 0.000172654318429813
         299,3058.12373373684,           1.00145481027928,                -0.000345150718690084
         300,3058.12283913157,           1.00134374983828,                -0.000344993539995964
         301,3058.12194452632,           1.00174831806285,                -0.000344835909832306
         302,3058.12104992105,           1.00146488582508,                   0.0003446790176648
         303,3058.12015531578,           1.00169849478221,                  0.00155035020688562
         304,3058.11926071053,           1.00141534286767,                  0.00258274245925293
         305,3058.11836610526,           1.00130455285504,                  0.00395840576068511
         306,    3058.1174715,           1.00136761252699,                  0.00412864159090323
         307,3058.11657689473,           1.00177279050293,                  0.00464261334424634
         308,3058.11568228947,           1.00166371048688,                  0.00395303111551101
         309,3058.11478768421,           1.00155472903907,                  0.00326407201573626
         310,3058.11389307894,           1.00178927738608,                   0.0022323038405929
         311,3058.11299847368,           1.00185369537606,                  0.00120146922522399
         312,3058.11210386842,           1.00191633655468,                -0.000171561016533335
         313,3058.11120926315,            1.0019806394636,                 -0.00068593574496909
         314,3058.11031465789,           1.00170207076706,                 -0.00102844155109555
         315,3058.10942005263,           1.00176641212742,                 -0.00154196984934955
         316,3058.10852544737,           1.00183069575001,                 -0.00171253110384617
         317, 3058.1076308421,           1.00189492171252,                 -0.00154058675814328
         318,3058.10673623684,           1.00178970457897,                 -0.00102659918488025
         319,3058.10584163158,           1.00185560486733,                -0.000684093960305448
         320,3058.10494702631,           1.00175049916578,                -0.000854735920789913
         321,3058.10405242105,           1.00215810005177,                  -0.0013669675704031
         322,3058.10315781579,           1.00205295321248,                 -0.00119556343488791
         323,3058.10226321053,           1.00212032955589,                -0.000853594829263962
         324,3058.10136860526,            1.0020170028907,                 0.000170643222563129
         325,     3058.100474,           1.00191376787121,                  0.00102340527872443
         326,3058.09957939473,           1.00198111631301,                  0.00170491937436279
         327,3058.09868478947,           1.00221882146838,                  0.00255624593130856
         328,3058.09779018421,           1.00194700003577,                  0.00204409452574452
         329,3058.09689557895,           1.00184568443564,                  0.00153239482663507
         330,3058.09600097368,           1.00242522231205,                 0.000170191039441773
         331,3058.09510636842,           1.00215366923315,                -0.000850580265857368
         332,3058.09421176315,           1.00222243760766,                 -0.00204049359540073
         333,3058.09331715789,           1.00195291586145,                 -0.00305939821637084
         334,3058.09242255263,           1.00202171216935,                 -0.00407740269448361
         335,3058.09152794737,           1.00243178437273,                 -0.00509452033392883
         336, 3058.0906333421,           1.00233396987057,                 -0.00526204116274135
         337,3058.08973873684,           1.00223454018864,                 -0.00559907564351194
         338,3058.08884413158,           1.00213519751849,                 -0.00508784158496441
         339,3058.08794952631,           1.00237668207046,                 -0.00474658330762267
         340,3058.08705492105,           1.00210961527056,                 -0.00389728122272962
         341,3058.08616031579,           1.00218152747573,                 -0.00338746502442362
         342,3058.08526571052,           1.00208577407274,                 -0.00253949765350417
         343,3058.08437110526,           1.00215763421754,                 -0.00169226213140415
         344,    3058.0834765,            1.0022311271844,                 -0.00152237639572314
         345,3058.08258189473,           1.00213547681325,                 -0.00101447829608225
         346,3058.08168728947,           1.00237792233472,                -0.000676026250099291
         347,3058.08079268421,           1.00228398440404,                -0.000168933757694933
         348,3058.07989807895,           1.00218843506629,                 0.000168860730423976
         349,3058.07900347368,           1.00226344776601,                 0.000337576102312565
         350,3058.07810886842,           1.00216968048671,                 0.000337430868850744
         351,3058.07721426315,            1.0022446367348,                 0.000168642880150564
         352,3058.07631965789,           1.00181550614187,                  0.00033714134482311
         353,3058.07542505263,           1.00205904852412,                  0.00016849824256333
         354,3058.07453044737,           1.00213564369109,                  0.00033685231720709
         355, 3058.0736358421,           1.00221217335089,                -0.000168354136292775
         356,3058.07274123684,           1.00195375934599,                 0.000168282458741348
         357,3058.07184663158,           1.00186209089089,                -0.000168210559249646
         358,3058.07095202631,           1.00194032410474,                 0.000336278007754571
         359,3058.07005742105,           1.00201849078738,                 0.000840337546785793
         360,3058.06916281579,           1.00209659102363,                  0.00184795683172841
         361,3058.06826821053,            1.0021746248982,                   0.0028547199435773
         362,3058.06737360526,           1.00191856746962,                  0.00386063445330898
         363,     3058.066479,           1.00183050927083,                  0.00503348103803802
         364,3058.06558439474,           1.00241337266734,                  0.00486364192861851
         365,3058.06468978947,           1.00215753889689,                  0.00469394631801822
         366,3058.06379518421,           1.00240631137267,                  0.00368654945673667
         367,3058.06290057895,           1.00198319643025,                   0.0035174936685114
         368,3058.06200597368,           1.00239926197161,                  0.00368344475753725
         369,3058.06111136842,           1.00214554205898,                   0.0036818974491145
         370,3058.06021676316,           1.00206100025428,                  0.00368035759692724
         371,3058.05932215789,           1.00230929117637,                  0.00367881288052721
         372,3058.05842755263,           1.00222475174211,                  0.00367727560679226
         373,3058.05753294737,           1.00247444107873,                  0.00317450239674931
         374, 3058.0566383421,            1.0022228939708,                  0.00283915833986061
         375,3058.05574373684,           1.00264098908547,                   0.0015024590246036
         376,3058.05484913157,           1.00222271170828,                  0.00116809173858774
         377,3058.05395452632,            1.0023068570199,                 -0.00050040282427354
         378,3058.05305992105,           1.00239093246366,                 -0.00133385353621246
         379,3058.05216531578,           1.00247660887913,                 -0.00183329055655368
         380,3058.05127071052,           1.00239395065163,                 -0.00183253007431742
         381,3058.05037610526,           1.00214650522638,                 -0.00166524843008704
         382,    3058.0494815,           1.00223217629698,                -0.000832280498502727
         383,3058.04858689474,           1.00248416407796,                -0.000998324478749832
         384,3058.04769228947,           1.00240497360517,                 -0.00133055247865295
         385,3058.04679768421,           1.00282293325708,                 -0.00216125632167474
         386,3058.04590307895,           1.00241130438106,                 -0.00232655143589769
         387,3058.04500847368,            1.0024983554708,                 -0.00265782496893667
         388,3058.04411386842,             1.002420953703,                 -0.00215860069540152
         389,3058.04321926316,           1.00250792960535,                 -0.00182575947444684
         390,3058.04232465789,           1.00243058723983,                 -0.00182501430977129
         391,3058.04143005263,           1.00251915068634,                 -0.00149258434345361
         392,3058.04053544737,            1.0027750793235,                 -0.00132620278303654
         393, 3058.0396408421,           1.00286343028343,                -0.000662831084126521
         394,3058.03874623684,           1.00262208948895,                 -0.00099384314173694
         395,3058.03785163158,           1.00271209115805,                -0.000662293323089863
         396,3058.03695702631,           1.00247100745274,                -0.000165506192414189
         397,3058.03606242105,           1.00239555829082,                -0.000165439108481732
         398,3058.03516781579,           1.00248720017993,                -0.000496117057165915
         399,3058.03427321052,           1.00274407379244,                 -0.00082652825073561
         400,3058.03337860526,           1.00250502326565,                -0.000991434010152284
         401,     3058.032484,           1.00259651023739,                -0.000991034441750299
         402,3058.03158939473,            1.0023593667189,                                    0
         403,3058.03069478947,           1.00261753318128,                 0.000495119769472235
         404,3058.02980018421,           1.00254554513105,                 0.000494921282769975
         405,3058.02890557895,           1.00263852242744,                 0.000329815303430079
         406,3058.02801097368,           1.00256823629093,                -0.000329683734393596
         407,3058.02711636842,           1.00249635433402,                -0.000659103454525981
         408,3058.02622176315,           1.00275560138159,                -0.000658840736781596
         409,3058.02532715789,           1.00285164842402,                -0.000329289656353315
         410,3058.02443255263,           1.00311054788433,                 0.000329158506278699
         411,3058.02353794737,            1.0027128358759,                  0.00082257000482026
         412,3058.02264334211,           1.00264433671221,                  0.00115114160357314
         413,3058.02174873684,           1.00224712451897,                  0.00147945286545363
         414,3058.02085413158,           1.00250750114201,                  0.00131454843618032
         415,3058.01995952631,           1.00244081115086,                  0.00180679156523996
         416,3058.01906492105,           1.00253836277243,                  0.00180607959228574
         417,3058.01817031579,            1.0024717131631,                  0.00164124380020154
         418,3058.01727571052,           1.00240511603947,                  0.00164059757125936
         419,3058.01638110526,           1.00250421058328,                 0.000491986362138042
         420,    3058.0154865,           1.00243929627614,                -0.000491793604060248
         421,3058.01459189473,           1.00270216681333,                 -0.00131093599191152
         422,3058.01369728947,            1.0023096201412,                 -0.00180183131582827
         423,3058.01280268421,           1.00257233568408,                 -0.00245608117512023
         424,3058.01190807895,           1.00250913715471,                 -0.00294614930102608
         425,3058.01101347368,           1.00260959907069,                 -0.00310861331304554
         426,3058.01011886842,           1.00238288769354,                 -0.00310740330660421
         427,3058.00922426315,           1.00199450693173,                 -0.00310619931990583
         428,3058.00832965789,           1.00242189312947,                 -0.00294157060259708
         429,3058.00743505263,           1.00219715594907,                 -0.00228700247486339
         430,3058.00654044737,             1.002462475016,                 -0.00179623509124874
         431,3058.00564584211,           1.00256599437179,                 -0.00130584955307299
         432,3058.00475123684,           1.00234146182275,                -0.000979008427630881
         433,3058.00385663157,           1.00195563210629,                -0.000978631579462438
         434,3058.00296202632,           1.00222226932339,                -0.000489127510650752
         435,3058.00206742105,           1.00216437516705,                -0.000325960115520265
         436,3058.00117281579,           1.00210489273519,                -0.000488752183093084
         437,3058.00027821052,           1.00220994295188,                   -0.001139985310475
         438,3057.99938360526,           1.00215212004988,                 -0.00162792742048389
         439,     3057.998489,           1.00209434137276,                 -0.00162730487394083
         440,3057.99759439474,           1.00203823686818,                 -0.00195202253935359
         441,3057.99669978947,           1.00181793938684,                 -0.00178867023750289
         442,3057.99580518421,           1.00208707185769,                 -0.00113781176042236
         443,3057.99491057895,           1.00203103420262,                -0.000162482736209278
         444,3057.99401597368,            1.0019766665638,                 0.000649684983993386
         445,3057.99312136842,           1.00208469986167,                  0.00146123822079634
         446,3057.99222676316,           1.00186642862939,                  0.00178527955854905
         447,3057.99133215789,           1.00181381026701,                  0.00178460759723678
         448,3057.99043755263,           1.00175960688598,                  0.00194610899832148
         449,3057.98954294737,           1.00170544445309,                  0.00210748839260239
         450, 3057.9886483421,           1.00197705321838,                  0.00194464250988527
         451,3057.98775373684,           1.00176247991291,                  0.00129594111243585
         452,3057.98685913158,           1.00187355374444,                   0.0009715922615915
         453,3057.98596452632,           1.00165918012221,                 0.000323742462870786
         454,3057.98506992105,           1.00177020935072,                 0.000161810726756698
         455,3057.98417531579,           1.00171940534132,                -0.000808751336461584
         456,3057.98328071052,           1.00183032913586,                 -0.00145520867692427
         457,3057.98238610526,           1.00161791113288,                 -0.00226281277325485
         458,    3057.9814915,           1.00173040849597,                 -0.00274668015232765
         459,3057.98059689473,           1.00151980347536,                 -0.00290716924085736
         460,3057.97970228947,           1.00179370314939,                 -0.00322898856776598
         461,3057.97880768421,           1.00142184148646,                 -0.00290501098255541
         462,3057.97791307895,           1.00153586040449,                 -0.00306526761399569
         463,3057.97701847368,           1.00132725451839,                 -0.00322540587701205
         464,3057.97612386842,           1.00144122417001,                 -0.00322421514542822
         465,3057.97522926316,           1.00155510970372,                 -0.00273957149878734
         466,3057.97433465789,           1.00150943274647,                 -0.00193310490477042
         467,3057.97344005263,           1.00130114397609,                -0.000805163351540761
         468,3057.97254544737,           1.00125559383149,                -0.000160973568140111
         469, 3057.9716508421,           1.00169443250993,                -0.000321829536549376
         470,3057.97075623684,           1.00132705995898,                -0.000321711505207705
         471,3057.96986163158,           1.00128316036932,                -0.000321594077523468
         472,3057.96896702631,           1.00123768344237,                 0.000160738109398357
         473,3057.96807242105,           1.00103477752283,                 0.000642718958281112
         474,3057.96717781579,           1.00099103252096,                  0.00128496923301793
         475,3057.96628321052,           1.00110788201859,                  0.00176618872529343
         476,3057.96538860526,           1.00122625337862,                   0.0014445393203603
         477,     3057.964494,           1.00070275421893,                  0.00144401551835344
         478,3057.96359939473,           1.00098318008234,                  0.00112271787543285
         479,3057.96270478947,           1.00094113799135,                 0.000961980911092121
         480,3057.96181018421,           1.00106100285605,                  0.00112190634325846
         481,3057.96091557895,           1.00102056674298,                  0.00144193103404079
         482,3057.96002097369,           1.00114031659801,                  0.00176172508119951
         483,3057.95912636842,           1.00077968277958,                  0.00224138786736747
         484,3057.95823176316,           1.00090103498993,                  0.00272070956105352
         485, 3057.9573371579,           1.00070233145245,                  0.00303970332495548
         486,3057.95644255263,           1.00066369735401,                  0.00351839561160111
         487,3057.95554794737,           1.00078496072798,                  0.00367700544676416
         488,3057.95465334211,           1.00074632471038,                  0.00399531429539436
         489,3057.95375873684,           1.00054955939395,                  0.00431340221996434
         490,3057.95286413158,           1.00067233171346,                  0.00415216735150812
         491,3057.95196952632,           1.00079501661872,                  0.00383140539142595
         492,3057.95107492105,           1.00075962618731,                  0.00319170666939026
         493,3057.95018031579,           1.00056313582102,                  0.00255245697913526
         494,3057.94928571052,           1.00084679676399,                  0.00239208125421604
         495,3057.94839110526,           1.00065200999217,                   0.0023912346901199
         496,    3057.9474965,           1.00061831486888,                  0.00239039253432604
         497,3057.94660189474,           1.00042374636391,                  0.00270815345353287
         498,3057.94570728947,           1.00070864950514,                  0.00302569451632681
         499,3057.94481268421,           1.00051577901735,                  0.00350220320419755
         500,3057.94391807894,           1.00064131432836,                  0.00334183645052411
         501,3057.94302347368,           1.00076676137177,                  0.00334066157825579
         502,3057.94212886842,           1.00073468842532,                  0.00302144590498666
         503,3057.94123426316,           1.00054367005904,                  0.00254348565633058
         504,3057.94033965789,           1.00067060980997,                  0.00238368415867073
         505,3057.93944505263,           1.00079746083387,                   0.0020651376175937
         506,3057.93855044736,            1.0006082097196,                  0.00158801493369244
         507, 3057.9376558421,           1.00057783647863,                  0.00190495542404308
         508,3057.93676123684,           1.00054748434909,                  0.00190429338813467
         509,3057.93586663158,           1.00051715330899,                  0.00174499582787361
         510,3057.93497202632,           1.00064542422767,                  0.00126864713055806
         511,3057.93407742105,           1.00093371865741,                 0.000792630439228232
         512,3057.93318281579,           1.00074639992774,                 0.000158471322237171
         513,3057.93228821052,           1.00087604376734,                -0.000633666377820409
         514,3057.93139360526,           1.00084723618886,                 -0.00142525714014237
         515,     3057.930499,           1.00066014124173,                 -0.00269122328763003
         516,3057.92960439474,           1.00094951732869,                 -0.00348156353853458
         517,3057.92870978947,           1.00076409905128,                 -0.00411316259489936
         518,3057.92781518421,           1.00089509657871,                 -0.00411175106826456
         519,3057.92692057895,           1.00070982418809,                 -0.00426843052971223
         520,3057.92602597368,           1.00084233216966,                 -0.00331875714125421
         521,3057.92513136842,           1.00081676759091,                 -0.00221174976263186
         522,3057.92423676316,           1.00110707692211,                -0.000789641171258957
         523,3057.92334215789,           1.00076569073988,                 0.000473623138069039
         524,3057.92244755263,            1.0008979989931,                  0.00220948785649692
         525,3057.92155294737,           1.00087402933836,                   0.0036286416574373
         526, 3057.9206583421,           1.00085007593907,                  0.00441597890423792
         527,3057.91976373684,           1.00066847870643,                  0.00441448202359856
         528,3057.91886913158,           1.00080221784076,                  0.00409777286045035
         529,3057.91797452631,           1.00093744337921,                   0.0034661772004317
         530,3057.91707992105,             1.000756000756,                  0.00267750267750268
         531,3057.91618531579,           1.00089115052886,                  0.00173191798895981
         532,3057.91529071053,            1.0010277848168,                 0.000786971528944026
         533,3057.91439610526,           1.00084806965814,                 0.000157341309488782
         534,    3057.9135015,           1.00066847548268,                -0.000943730093193347
         535,3057.91260689474,           1.00096228230721,                 -0.00110064969779304
         536,3057.91171228947,           1.00094152634152,                -0.000943098171804194
         537,3057.91081768421,           1.00092078426936,                -0.000471391264177092
         538,3057.90992307895,           1.00090162827154,                 0.000785390480439065
         539,3057.90902847368,           1.00072388782722,                  0.00157025559050247
         540,3057.90813386842,           1.00086178343649,                  0.00204065294615345
         541,3057.90723926316,           1.00099958729755,                  0.00219689515945536
         542,3057.90634465789,           1.00082513169165,                  0.00219616800057728
         543,3057.90545005263,           1.00080603933597,                  0.00188180389721587
         544,3057.90455544737,           1.00078852855555,                 0.000940590722326645
         545, 3057.9036608421,           1.00077102935553,                  0.00031342656728955
         546,3057.90276623684,           1.00106686468678,                                    0
         547,3057.90187163158,           1.00104928507666,                -0.000469829138803189
         548,3057.90097702631,           1.00103328427842,                -0.000469674672010521
         549,3057.90008242105,           1.00085922081662,                -0.000156506523974452
         550,3057.89918781579,           1.00099974810728,                 0.000312910205722815
         551,3057.89829321052,           1.00082737565514,                 0.000625614862106664
         552,3057.89739860526,           1.00081303355327,                 0.000625410425591795
         553,     3057.896504,           1.00110973913315,                  0.00046890385907876
         554,3057.89560939474,           1.00109531421143,                                    0
         555,3057.89471478947,           1.00092469947267,                -0.000780996176242721
         556,3057.89382018421,           1.00106649261341,                 -0.00171763085614529
         557,3057.89292557894,           1.00105209591868,                 -0.00296584902891859
         558,3057.89203097368,           1.00119531735208,                 -0.00390116629267486
         559,3057.89113636842,           1.00118244982388,                 -0.00436788853148468
         560,3057.89024176316,           1.00101364522417,                  -0.0045224171539961
         561,3057.88934715789,           1.00084495009806,                 -0.00405326615304509
         562,3057.88845255263,            1.0009880529746,                 -0.00342857499072726
         563,3057.88755794737,           1.00113262280856,                 -0.00296008712003776
         564, 3057.8866633421,           1.00112135559432,                 -0.00186892599053077
         565,3057.88576873684,            1.0011100956426,                 -0.00155693638513624
         566,3057.88487413158,           1.00141012990005,                  -0.0010895043377837
         567,3057.88397952631,           1.00124319084613,                 -0.00124474677960669
         568,3057.88308492105,            1.0009223729093,                 -0.00155543492293598
         569,3057.88219031579,           1.00106668491123,                 -0.00202141455480677
         570,3057.88129571052,           1.00105701672574,                 -0.00233165454206305
         571,3057.88040110526,           1.00104891029875,                 -0.00248630589332194
         572,    3057.8795065,           1.00119459836484,                 -0.00264085464270013
         573,3057.87861189474,           1.00087586343984,                 -0.00217412910599811
         574,3057.87771728948,            1.0011767591618,                 -0.00155245272005241
         575,3057.87682268421,           1.00085823321906,                 -0.00108637116336384
         576,3057.87592807894,           1.00085175571832,                 -0.00139632084970778
         577,3057.87503347368,           1.00130902232783,                 -0.00201626661868986
         578,3057.87413886842,           1.00114580571538,                 -0.00263581828978806
         579,3057.87324426316,            1.0009842443406,                 -0.00309998217510249
         580, 3057.8723496579,           1.00097773521815,                 -0.00356385261764975
         581,3057.87145505263,            1.0012810325091,                 -0.00371762759594964
         582,3057.87056044737,           1.00112113178563,                 -0.00356160650132554
         583, 3057.8696658421,           1.00080497848231,                 -0.00371528530295056
         584,3057.86877123684,           1.00064532802627,                 -0.00340460829207825
         585,3057.86787663158,           1.00079519048989,                 -0.00324883274080812
         586,3057.86698202631,           1.00079030110317,                 -0.00293849725250507
         587,3057.86608742105,           1.00063080557583,                 -0.00293757498546673
         588,3057.86519281579,           1.00062751741129,                 -0.00231841408111976
         589,3057.86429821052,           1.00077719766933,                 -0.00185414950934569
         590,3057.86340360526,           1.00061940163639,                -0.000926785490864212
         591,     3057.862509,           1.00046170404308,                 0.000154416067918363
         592,3057.86161439474,           1.00061438525969,                 0.000617472622807586
         593,3057.86071978947,           1.00061110733884,                   0.0012345602804921
         594,3057.85982518421,           1.00060937512053,                  0.00138844964170286
         595,3057.85893057895,           1.00029919525729,                 0.000462673078287369
         596,3057.85803597368,           1.00045173733864,                 0.000154176566087014
         597,3057.85714136842,           1.00045005610288,                 0.000154128802357554
         598,3057.85624676316,           1.00029429484029,                                    0
         599,3057.85535215789,           1.00044823777859,                 0.000154033600889698
         600,3057.85445755263,           1.00075607205936,                 -0.00015398616280341
         601,3057.85356294737,           1.00044796177393,                 0.000153938753927362
         602, 3057.8526683421,           1.00029393252479,                 0.000615565496938331
         603,3057.85177373684,           1.00029384208526,                  0.00107690816588693
         604,3057.85087913158,           1.00014149318372,                  0.00107657857178011
         605,3057.84998452631,           0.99998770002829,                  0.00153749646375813
         606,3057.84908992105,          0.999989240816653,                  0.00153702619246335
         607,3057.84819531579,           1.00014443628362,                  0.00184386745051521
         608,3057.84730071053,          0.999840246757316,                    0.001382479984762
         609,3057.84640610526,          0.999995393141616,                  0.00107493362284879
         610,    3057.8455115,            1.0001519801167,                 0.000767576346981352
         611,3057.84461689474,                          1,                 0.000613873542050338
         612,3057.84372228947,          0.999849646669674,                  0.00153421765639048
         613,3057.84282768421,          0.999700917951825,                  0.00199388032116811
         614,3057.84193307895,          0.999704075327395,                  0.00260659038045487
         615,3057.84103847368,          0.999707230786446,                  0.00275908159370684
         616,3057.84014386842,          0.999711916247311,                  0.00275824869596131
         617,3057.83924926316,          0.999716598880182,                  0.00291060609542192
         618,3057.83835465789,           0.99926184795293,                  0.00275658440814601
         619,3057.83746005263,          0.999572858282339,                  0.00244955823748161
         620,3057.83656544737,          0.999732159938779,                  0.00244882341687392
         621, 3057.8356708421,          0.999430820169775,                  0.00229507996058583
         622,3057.83477623684,          0.999437109188581,                  0.00183551351549785
         623,3057.83388163158,          0.999290480821574,                  0.00214079062456037
         624,3057.83298702631,          0.999602543720191,                   0.0025987525987526
         625,3057.83209242105,          0.999457481030939,                  0.00351491163053694
         626,3057.83119781579,          0.999463754543191,                   0.0045832945026438
         627,3057.83030321053,          0.999471550799852,                  0.00565104635996249
         628,3057.82940860526,          0.999632027923126,                  0.00626010587213199
         629,     3057.828514,          0.999487129389928,                  0.00656352268841889
         630,3057.82761939474,          0.999342317088616,                  0.00671416429254835
         631,3057.82672478947,          0.999197590942236,                  0.00640706852207235
         632,3057.82583018421,          0.999206978588422,                  0.00549014823400232
         633,3057.82493557895,          0.999367296067326,                  0.00411638703185626
         634,3057.82404097368,          0.999376627968828,                  0.00243861919284753
         635,3057.82314636842,            0.9995383230002,                  0.00121894917439049
         636,3057.82225176316,          0.999396797543321,                 0.000304647705393483
         637,3057.82135715789,          0.999253833620125,                -0.000152278853035679
         638,3057.82046255263,          0.999567655780929,                -0.000761169399772258
         639,3057.81956794737,          0.999730625177871,                -0.000913134990267503
         640,3057.81867334211,          0.999589209913734,                 -0.00136930028755306
         641,3057.81777873684,          0.999599977489227,                -0.000912598883891565
         642,3057.81688413158,          0.999762793922659,                -0.000304110355565828
         643,3057.81598952632,          0.999623013218859,                 -0.00015201079884715
         644,3057.81509492105,           0.99948179520729,                 0.000759831074355549
         645,3057.81420031579,          0.999646022001328,                  0.00151921887842147
         646,3057.81330571053,          0.999506397843338,                  0.00227816379997722
         647,3057.81241110526,          0.999670521714441,                  0.00273299960371506
         648,    3057.8115165,           0.99953097179911,                  0.00333935935908587
         649,3057.81062189474,          0.999696509863429,                  0.00273141122913505
         650,3057.80972728947,            0.9997087343293,                  0.00212381218218668
         651,3057.80883268421,          0.999570810894427,                  0.00151656927764289
         652,3057.80793807895,          0.999584580350347,                  0.00090967806493282
         653,3057.80704347368,          0.999749910953142,                 0.000757845596538161
         654,3057.80614886842,           0.99976362060501,                  0.00106067677239089
         655,3057.80525426316,          0.999930318444708,                  0.00151481641939813
         656,3057.80435965789,           1.00009540583066,                  0.00181725391731798
         657,3057.80346505263,           0.99980772928283,                  0.00242230824780819
         658,3057.80257044737,           0.99997427037597,                  0.00211891021420669
         659, 3057.8016758421,           0.99998940849469,                  0.00211830106202537
         660,3057.80078123684,           1.00000453791199,                  0.00196642852712991
         661,3057.79988663158,           1.00017087890734,                  0.00196586353580216
         662,3057.79899202632,           1.00018745956014,                  0.00196530184012723
         663,3057.79809742105,           1.00020403074063,                   0.0018136065833919
         664,3057.79720281579,           1.00037017171435,                  0.00166199545217608
         665,3057.79630821053,           1.00053772861018,                 0.000906284174465745
         666,3057.79541360526,           1.00025368752945,                  0.00015100448181302
         667,     3057.794519,           1.00042118229947,                -0.000452884192983012
         668,3057.79362439474,           1.00013582650428,                -0.000603673352349044
         669,3057.79272978947,           1.00045564410273,                -0.000603502122818717
         670,3057.79183518421,           1.00047361482746,                 -0.00120666198079597
         671,3057.79094057895,           1.00064236535208,                -0.000753949943755334
         672,3057.79004597368,           1.00066027297313,                -0.000452241762416298
         673,3057.78915136842,           1.00067817044684,                 0.000301409087483988
         674,3057.78825676316,           1.00069605778184,                  0.00135595671786157
         675,3057.78736215789,           1.00086606167865,                  0.00225929133561773
         676,3057.78646755263,            1.0007348158142,                  0.00271038619991809
         677,3057.78557294737,            1.0006036438411,                  0.00331176172175481
         678, 3057.7846783421,           1.00077353021734,                  0.00285935294347812
         679,3057.78378373684,           1.00109377092194,                  0.00240719872779547
         680,3057.78288913158,            1.0011130162741,                  0.00105285323225942
         681,3057.78199452632,           1.00113375616123,                 0.000150365538624396
         682,3057.78109992105,           1.00100265621218,                -0.000901939621155294
         683,3057.78020531579,           1.00102341532177,                 -0.00195365626770501
         684,3057.77931071053,           1.00119440208532,                 -0.00330526363233449
         685,3057.77841610526,           1.00136529331277,                 -0.00390512938745042
         686,    3057.7775215,           1.00123577841277,                 -0.00420434939945373
         687,3057.77662689474,           1.00125795226987,                 -0.00480363635271901
         688,3057.77573228947,           1.00157875464472,                 -0.00480229549724768
         689,3057.77483768421,           1.00130076080254,                 -0.00465093251196865
         690,3057.77394307895,           1.00147288658773,                 -0.00464964197756773
         691,3057.77304847368,           1.00164491687697,                 -0.00464835215915958
         692,3057.77215386842,           1.00136713597007,                 -0.00419734727652124
         693,3057.77125926316,           1.00168896388734,                 -0.00419618357104214
         694,3057.77036465789,           1.00156114691861,                 -0.00434484267174863
         695,3057.76947005263,           1.00128511986963,                  -0.0037445217646583
         696,3057.76857544737,           1.00145846373157,                 -0.00389322967359761
         697, 3057.7676808421,           1.00148201374231,                 -0.00389215730303439
         698,3057.76678623684,           1.00165520791866,                  -0.0032924569810564
         699,3057.76589163158,           1.00182830673661,                 -0.00314193465374384
         700,3057.76499702632,           1.00155258599801,                 -0.00224362138440414
         701,3057.76410242105,           1.00172561779809,                 -0.00224300407030472
         702,3057.76320781579,           1.00175055947642,                 -0.00209289775148035
         703,3057.76231321053,           1.00177548751181,                 -0.00194287353985581
         704,3057.76141860526,           1.00164949439411,                 -0.00194233941335373
         705,     3057.760524,           1.00152506650694,                 -0.00209117836407117
         706,3057.75962939474,           1.00170086058468,                  -0.0025385978875879
         707,3057.75873478947,           1.00157648646551,                 -0.00283648132998131
         708,3057.75784018421,           1.00160142800216,                 -0.00313420205454407
         709,3057.75694557895,           1.00162785041681,                 -0.00373017969021604
         710,3057.75605097368,           1.00165425848497,                 -0.00402750036918753
         711,3057.75515636842,           1.00167915845231,                 -0.00492115709824717
         712,3057.75426176316,           1.00155645271902,                 -0.00536707834145352
         713,3057.75336715789,           1.00173190369304,                 -0.00596180272990947
         714,3057.75247255263,           1.00146173778421,                 -0.00566218509683082
         715,3057.75157794737,           1.00178608403682,                 -0.00551168551812078
         716,3057.75068334211,            1.0018124062709,                  -0.0058080398163468
         717,3057.74978873684,           1.00154243788561,                 -0.00580647466590438
         718,3057.74889413158,           1.00142145881863,                 -0.00550722264808103
         719,3057.74799952632,           1.00144934868591,                 -0.00550573936127471
         720,3057.74710492105,           1.00147722353382,                 -0.00476043837686903
         721,3057.74621031579,           1.00135635972088,                 -0.00386681499372386
         722,3057.74531571053,           1.00123556096103,                  -0.0031223562192132
         723,3057.74442110526,           1.00141360299309,                 -0.00267558926137386
         724,    3057.7435265,           1.00144145750672,                 -0.00252626573343438
         725,3057.74263189474,           1.00132222073658,                 -0.00222846191558586
         726,3057.74173728947,           1.00135157213088,                 -0.00222786614980172
         727,3057.74084268421,           1.00123242312204,                 -0.00178181656198494
         728,3057.73994807895,           1.00096489274846,                 -0.00133600534402138
         729,3057.73905347368,           1.00099431607379,                -0.000890432304884021
         730,3057.73815886842,            1.0010252088622,                -0.000593463885497078
         731,3057.73726426316,           1.00090627405668,                -0.000444979078566989
         732,3057.73636965789,           1.00078888677992,                -0.000444860966119389
         733,3057.73547505263,           1.00081832575295,                  0.00029649483802487
         734,3057.73458044737,           1.00070102426611,                  0.00177849708104167
         735, 3057.7336858421,           1.00102829134724,                  0.00311154442248254
         736,3057.73279123684,           1.00061473740344,                  0.00414762585452202
         737,3057.73189663158,           1.00064715525654,                  0.00547934656570847
         738,3057.73100202632,           1.00053002330326,                  0.00607009928313608
         739,3057.73010742105,           1.00041443414937,                  0.00710458541783843
         740,3057.72921281579,           1.00044539870583,                  0.00680675763059726
         741,3057.72831821053,           1.00047782690831,                  0.00636116317567018
         742,3057.72742360526,           1.00051023803714,                  0.00562001316266241
         743,     3057.726529,            1.0006904882654,                  0.00487925326725149
         744,3057.72565691111,           1.00042719187123,                  0.00413888318150037
         745,3057.72478482222,           1.00060736911639,                  0.00295556747634438
         746,3057.72391273333,           1.00049345069777,                  0.00192061648834481
         747,3057.72304064444,            1.0005258151612,                 0.000738504439888693
         748,3057.72216855556,           1.00026431548933,                -0.000147662284542269
         749,3057.72129646667,           1.00029672320154,                -0.000442870450059714
         750,3057.72042437778,           1.00033059022161,                -0.000590339681452708
         751,3057.71955228889,           1.00021689317495,                 -0.00059018551006045
         752,    3057.7186802,           1.00039827120794,                -0.000442523564379803
         753,3057.71780811111,           1.00013714649753,                -0.000147469352181883
         754,3057.71693602222,           1.00017249437182,                                    0
         755,3057.71606393333,           1.00020634967426,                -0.000147392624473071
         756,3057.71519184444,           1.00024166121455,                 0.000147354399118231
         757,3057.71431975556,           1.00042279685274,                                    0
         758,3057.71344766667,           1.00016347834796,                 0.000147277790950958
         759,3057.71257557778,           1.00019877349392,                -0.000294479250255829
         760,3057.71170348889,           1.00008684887266,                -0.000147201479080462
         761,    3057.7108314,           1.00012214558282,                 0.000147163352793234
         762,3057.70995931111,           1.00001029876724,                 0.000588500985003524
         763,3057.70908722222,           1.00019415533604,                 0.000882524254708267
         764,3057.70821513333,           1.00022939692138,                  0.00117639446859321
         765,3057.70734304444,           1.00026609077371,                  0.00073505738593012
         766,3057.70647095556,          0.999861844754657,                  0.00102881565681061
         767,3057.70559886667,           1.00004408069706,                  0.00102854959813098
         768,3057.70472677778,            1.0002276917201,                   0.0016158767232958
         769,3057.70385468889,          0.999970627973918,                  0.00176232156494155
         770,    3057.7029826,           1.00000734111981,                  0.00234915834061328
         771,3057.70211051111,           1.00004550331807,                  0.00234855835213403
         772,3057.70123842222,           1.00022892563439,                  0.00249470242602474
         773,3057.70036633333,           1.00011883471558,                  0.00176051430491228
         774,3057.69949424444,           1.00001026704586,                  0.00161339292131189
         775,3057.69862215556,           1.00019502409941,                 0.000586538644831788
         776,3057.69775006667,           1.00037822037054,                -0.000586388171377807
         777,3057.69687797778,           1.00026966977178,                 -0.00175871590289543
         778,3057.69600588889,            1.0001611745227,                 -0.00249087898723791
         779,    3057.6951338,           1.00005273458099,                 -0.00278321399692968
         780,3057.69426171111,           1.00009226213577,                 -0.00205026968368732
         781,3057.69338962222,           1.00013030536843,                -0.000732052631656006
         782,3057.69251753333,           1.00046107569692,                 0.000731866185586627
         783,3057.69164544444,           1.00020779737707,                  0.00248771507760208
         784,3057.69077335556,           1.00009948327218,                  0.00395007110127982
         785,3057.68990126667,           1.00013894881564,                  0.00555795262576696
         786,3057.68902917778,           1.00017839439198,                  0.00628767119281509
         787,3057.68815708889,           1.00021782001634,                  0.00657845686944394
         788,     3057.687285,           1.00011107473576,                   0.0068690955008886
         789,3057.68641291111,           1.00029661146966,                  0.00628290305188363
         790,3057.68554082222,           1.00018990022934,                  0.00525877558175205
         791,3057.68466873333,           1.00037532329648,                  0.00321288425000329
         792,3057.68379664444,           1.00041611002825,                 0.000876021112108802
         793,3057.68292455556,           1.00045541594656,                -0.000875799897239479
         794,3057.68205246667,           1.00020430201675,                 -0.00277267022735896
         795,3057.68118037778,           1.00039099429265,                 -0.00437680178340083
         796,3057.68030828889,           1.00028442032949,                 -0.00525083685212331
         797,    3057.6794362,           1.00032517859304,                 -0.00481205989702192
         798,3057.67856411111,           1.00036591641653,                 -0.00437350298637362
         799,3057.67769202222,           1.00026088692811,                 -0.00349792529306055
         800,3057.67681993333,           1.00044733080477,                 -0.00305991755707839
         801,3057.67594784444,           1.00063513891479,                  -0.0021851109453664
         802,3057.67507575556,           1.00053012076267,                 -0.00189328843812442
         803,3057.67420366667,           1.00028101053134,                 -0.00174721573891938
         804,3057.67333157778,            1.0003216983343,                 -0.00116451885719942
         805,3057.67245948889,           1.00050935021465,                 -0.00101870042930947
         806,    3057.6715874,           1.00054996057161,                 -0.00101844550298114
         807,3057.67071531111,            1.0005920060277,                 -0.00101819218522952
         808,3057.66984322222,           1.00063403057307,                 -0.00130877870587962
         809,3057.66897113333,           1.00053065051938,                 -0.00101768592758438
         810,3057.66809904444,           1.00028197428511,                 -0.00072673784821644
         811,3057.66722695556,           1.00061466744747,                -0.000435934359910314
         812,3057.66635486667,           1.00065809831379,                -0.000435826697871858
         813,3057.66548277778,           1.00055481483418,                -0.000435718456162366
         814,3057.66461068889,           1.00059678606744,                -0.000290406845470161
         815,    3057.6637386,           1.00064018906627,                -0.000290335177445602
         816,3057.66286651111,           1.00068211834028,                -0.000145131561760736
         817,3057.66199442222,           1.00058038305281,                -0.000580383052814858
         818,3057.66112233333,            1.0006237579239,                -0.000725299911513411
         819,3057.66025024444,           1.00081213562665,                -0.000870145314267483
         820,3057.65937815555,           1.00056545504632,                -0.000724942367081817
         821,3057.65850606667,            1.0004638487853,                -0.000579810981619992
         822,3057.65763397778,           1.00036229258749,                -0.000434751104992392
         823,3057.65676188889,           1.00055054910029,                -0.000434644026542262
         824,    3057.6558898,           1.00059386723446,                                    0
         825,3057.65501771111,           1.00063716404078,                                    0
         826,3057.65414562222,           1.00068188826588,                 0.000289549157484339
         827,3057.65327353333,           1.00072514216984,                 0.000289477912111611
         828,3057.65240144444,           1.00062511938044,                -0.000144703560286397
         829,3057.65152935556,           1.00052514550002,                -0.000868009090948546
         830,3057.65065726667,           1.00071303877456,                 -0.00159095872619166
         831,3057.64978517778,           1.00061309241501,                 -0.00231355628304048
         832,3057.64891308889,           1.00065775683236,                 -0.00260211494119943
         833,     3057.648041,           1.00070239943114,                 -0.00289053263844929
         834,3057.64716891111,           1.00089151156725,                 -0.00260084411840776
         835,3057.64629682222,           1.00079161923693,                 -0.00245575310724996
         836,3057.64542473333,            1.0005473548607,                 -0.00158862888329499
         837,3057.64455264444,            1.0005919808256,                -0.000866313403312205
         838,3057.64368055556,           1.00049367888931,                                    0
         839,3057.64280846667,           1.00068261158823,                                    0
         840,3057.64193637778,           1.00058433548071,                -0.000144280365606446
         841,3057.64106428889,           1.00062890904475,                -0.000432735581250433
         842,    3057.6401922,           1.00053069370897,                -0.000865261482019866
         843,3057.63932011111,           1.00043108357687,                -0.000720875546603883
         844,3057.63844802222,             1.000621244247,                -0.000576560786082976
         845,3057.63757593333,           1.00052310224127,                -0.000576421202501092
         846,3057.63670384444,           1.00071314858703,                -0.000144070421622089
         847,3057.63583175556,           1.00061503183906,                                    0
         848,3057.63495966667,           1.00051696256413,                 0.000288001428487085
         849,3057.63408757778,           1.00056290661365,                 0.000719829429218452
         850,3057.63321548889,           1.00032096629566,                  0.00129537966858431
         851,    3057.6323434,           1.00051083179244,                  0.00115117023649354
         852,3057.63147131111,            1.0002690210081,                  0.00115089201324101
         853,3057.63059922222,           1.00045880730237,                 0.000862960443331545
         854,3057.62972713333,           1.00036235635159,                 0.000143792203011584
         855,3057.62885504444,           1.00026451375472,                -0.000431272426166161
         856,3057.62798295556,           1.00016815587619,                 -0.00114978376878998
         857,3057.62711086667,          0.999926718978779,                 -0.00186794759975918
         858,3057.62623877778,           1.00026144992659,                   -0.002585768504765
         859,3057.62536668889,           1.00002154290269,                 -0.00229790962034224
         860,    3057.6244946,           1.00006748481233,                 -0.00244094002036031
         861,3057.62362251111,          0.999827739657202,                 -0.00172260342798082
         862,3057.62275042222,          0.999875141183748,                 -0.00129164292674806
         863,3057.62187833333,           1.00006600148647,                 -0.00114785193857844
         864,3057.62100624445,          0.999969876104722,                 -0.00100412984259547
         865,3057.62013415556,          0.999873796766903,                 -0.00086047658930026
         866,3057.61926206667,          0.999921141865783,                -0.000716892129241313
         867,3057.61838997778,           1.00011180840054,                -0.000573376413014498
         868,3057.61751788889,          0.999729144483504,                                    0
         869,    3057.6166458,          0.999633214701213,                 0.000286551014677143
         870,3057.61577371111,          0.999680572048192,                  0.00100268863796208
         871,3057.61490162222,          0.999729338425781,                  0.00100245027488619
         872,3057.61402953333,          0.999776650211323,                  0.00100221059021613
         873,3057.61315744444,          0.999680800660728,                 0.000286277434324378
         874,3057.61228535556,          0.999586427376504,                -0.000286209428024769
         875,3057.61141326667,          0.999633739462856,                -0.000858423133931177
         876,3057.61054117778,          0.999539422303976,                 -0.00157340206716424
         877,3057.60966908889,          0.999445149923923,                 -0.00185903376005308
         878,     3057.608797,          0.999635430442273,                 -0.00185858990213809
         879,3057.60792491111,          0.999255311089862,                 -0.00157227984866092
         880,3057.60705282222,          0.999446974579408,                 -0.00157190688023641
         881,3057.60618073333,           0.99920851941699,                 -0.00142866531229195
         882,3057.60530864444,          0.999542935496772,                 -0.00142832657258756
         883,3057.60443655556,          0.999448796634518,                 -0.00114239039478156
         884,3057.60356446667,            0.9990691724772,                -0.000856589744907574
         885,3057.60269237778,          0.999260652738011,                -0.000856386789948303
         886,3057.60182028889,          0.999309344962214,                 -0.00114157857485331
         887,    3057.6009482,           0.99921535059562,                 -0.00142663528069049
         888,3057.60007611111,          0.998978770987968,                 -0.00228207600454133
         889,3057.59920402222,          0.999027495358501,                 -0.00270932378130338
         890,3057.59833193333,          0.999076196667465,                  -0.0032789315815285
         891,3057.59745984444,          0.999267403444059,                 -0.00356321282072479
         892,3057.59658775555,          0.999031035367209,                 -0.00327738037561629
         893,3057.59571566667,          0.998794779085571,                 -0.00284922201992746
         894,3057.59484357778,          0.998844911986851,                 -0.00242126957133559
         895,3057.59397148889,          0.998893598964511,                 -0.00199351537925918
         896,    3057.5930994,          0.998942262930942,                 -0.00128124274852194
         897,3057.59222731111,          0.998707671987794,                -0.000426980620772892
         898,3057.59135522222,          0.998898650206183,                                    0
         899,3057.59048313333,          0.998947278572851,                                    0
         900,3057.58961104444,          0.998712852276687,                -0.000142226267769394
         901,3057.58873895555,          0.998619308915055,                -0.000710963483493561
         902,3057.58786686667,          0.998811547887796,                -0.000995115404955106
         903,3057.58699477778,          0.998575899443151,                 -0.00170550964892084
         904,3057.58612268889,          0.998768058178346,                 -0.00227347971700861
         905,    3057.5852506,          0.998532530794834,                  -0.0025570615385271
         906,3057.58437851111,          0.998582583674432,                 -0.00241443662671958
         907,3057.58350642222,          0.998490620691418,                 -0.00255586336354458
         908,3057.58263433333,          0.998539242421876,                 -0.00212938422466991
         909,3057.58176224444,          0.998447332790231,                 -0.00170310845678504
         910,3057.58089015556,          0.998497358671546,                 -0.00127703229047093
         911,3057.58001806667,          0.998545944604036,                -0.000993013441146221
         912,3057.57914597778,          0.998312272192202,                -0.000850955197208867
         913,3057.57827388889,          0.998078709119397,                -0.000708963424576926
         914,    3057.5774018,          0.998270533866349,                                    0
         915,3057.57652971111,          0.998178816159641,                                    0
         916,3057.57565762222,          0.998227420152433,                 0.000425079100135884
         917,3057.57478553333,          0.998135755528986,                 0.000141659914210756
         918,3057.57391344444,          0.998044133746695,                 0.000708134052608695
         919,3057.57304135556,          0.997952554775531,                 0.000566374889202912
         920,3057.57216926667,          0.998002579235035,                 0.000283121299073769
         921,3057.57129717778,          0.998052580331061,                -0.000141527592219379
         922,3057.57042508889,           0.99838554718065,                 0.000424483651012181
         923,     3057.569553,          0.998293974022006,                  0.00113169219104096
         924,3057.56868091111,          0.998061015089008,                  0.00254571323106166
         925,3057.56780882222,          0.997828164855861,                  0.00353488792991307
         926,3057.56693673333,           0.99801951085735,                  0.00438223864540763
         927,3057.56606464444,          0.997645449329109,                  0.00452254630663429
         928,3057.56519255555,          0.997836748708196,                  0.00438019530019174
         929,3057.56432046667,          0.997886695220767,                  0.00395538327663951
         930,3057.56344837778,          0.997795387685524,                  0.00381323078096379
         931,3057.56257628889,           0.99756292482908,                  0.00395354025409968
         932,    3057.5617042,          0.997612900220359,                  0.00423494934294761
         933,3057.56083211111,          0.997662852336301,                  0.00451622736946692
         934,3057.55996002222,          0.997853880440963,                  0.00437407668179721
         935,3057.55908793333,          0.997762686807188,                  0.00423199216799316
         936,3057.55821584444,          0.997671535615915,                  0.00352583946711873
         937,3057.55734375555,          0.997581833435559,                  0.00267901835127571
         938,3057.55647166666,          0.997631734754292,                  0.00155064986326088
         939,3057.55559957778,          0.997681612864582,                 0.000422806164513879
         940,3057.55472748889,          0.997590565160418,                -0.000422707866593397
         941,    3057.5538554,          0.997640429653108,                -0.000704349357281212
         942,3057.55298331111,          0.997691676091032,                -0.000422512002861815
         943,3057.55211122222,          0.997741493993275,                -0.000140804613885588
         944,3057.55123913333,          0.997791288752747,                 0.000563087634736313
         945,3057.55036704445,          0.997559581948225,                 0.000985174530705075
         946,3057.54949495555,          0.997609395820171,                  0.00098494580687464
         947,3057.54862286667,          0.997660590015235,                 0.000984718574465122
         948,3057.54775077778,          0.997569715960553,                 0.000843848624808024
         949,3057.54687868889,          0.997619492880273,                 0.000281217616033904
         950,    3057.5460066,          0.997669246708408,                -0.000140576193702749
         951,3057.54513451111,          0.997579835901068,                -0.000281087584080324
         952,3057.54426242222,          0.997629575923124,                                    0
         953,3057.54339033333,          0.997398335609087,                 0.000280957277636363
         954,3057.54251824445,          0.997588540723044,                 0.000842676509128293
         955,3057.54164615556,          0.997639644977892,                 0.000561654972542093
         956,3057.54077406667,          0.997689325131327,                 0.000561524876955861
         957,3057.53990197778,          0.997738982275361,                                    0
         958,3057.53902988889,          0.997790016487179,                -0.000280632827024941
         959,    3057.5381578,          0.997559059536502,                  -0.0002805678693676
         960,3057.53728571111,          0.997608712421372,                -0.000981760296211107
         961,3057.53641362222,          0.997658342330721,                 -0.00168262826535048
         962,3057.53554153333,          0.997709347935189,                 -0.00224298855795462
         963,3057.53466944445,          0.997478622955323,                 -0.00252277858833719
         964,3057.53379735556,          0.997388126625415,                 -0.00266231728096135
         965,3057.53292526667,          0.997439159013096,                 -0.00266170562096191
         966,3057.53205317778,          0.997488770898314,                   -0.002661090514893
         967,3057.53118108889,          0.997678384895219,                  -0.0025204506565774
         968,     3057.530309,          0.997449329574058,                 -0.00251987199050288
         969,3057.52943691111,          0.997638865367739,                 -0.00279921118228883
         970,3057.52856482222,          0.997548457151173,                 -0.00293849314071744
         971,3057.52769273333,          0.997459486077536,                 -0.00293781896320172
         972,3057.52682064444,           0.99736916085882,                 -0.00279727713044123
         973,3057.52594855555,          0.997418708906992,                 -0.00251696856306265
         974,3057.52507646667,          0.997469628552655,                 -0.00265619102207435
         975,3057.52420437778,          0.997519130647472,                   -0.002655578461861
         976,3057.52333228889,          0.997428874853278,                 -0.00251523112179308
         977,    3057.5224602,          0.997340053981257,                 -0.00209554570804298
         978,3057.52158811111,          0.997249880930599,                 -0.00167605022005143
         979,3057.52071602222,          0.997159749432369,                 -0.00181530272267481
         980,3057.51984393333,          0.997489871533915,                  -0.0020941005000712
         981,3057.51897184444,          0.997260151605875,                 -0.00223319278176263
         982,3057.51809975555,          0.997309622286598,                 -0.00223267860033379
         983,3057.51722766667,          0.997360461612295,                 -0.00265069922655387
         984,3057.51635557778,          0.997130929748925,                 -0.00278956757518233
         985,3057.51548348889,          0.997042340135068,                 -0.00292837610389321
         986,    3057.5146114,          0.997091815538014,                  -0.0026488736710322
         987,3057.51373931111,          0.997280650525262,                 -0.00181197043421781
         988,3057.51286722222,          0.997192087679327,                  -0.0013935048737833
         989,3057.51199513333,          0.997102176154253,                -0.000835910724734598
         990,3057.51112304445,          0.997151592392175,                 -0.00041785930677141
         991,3057.51025095555,          0.997063119944187,                -0.000557018502762116
         992,3057.50937886667,          0.997112522519262,                 -0.00083533581892147
         993,3057.50850677778,          0.997024099504759,                 -0.00139190855717543
         994,3057.50763468889,          0.997351806212888,                 -0.00180906564542592
         995,    3057.5067626,          0.997401108563542,                 -0.00180865035727801
         996,3057.50589051111,          0.996895394835673,                 -0.00236461862874375
         997,3057.50501842222,          0.996944779355219,                 -0.00250313935393973
         998,3057.50414633333,           0.99671607842483,                 -0.00250256512925749
         999,3057.50327424444,          0.996905866621445,                 -0.00277999405081273
        1000,3057.50240215556,          0.997094182667654,                 -0.00319626009774997
        1001,3057.50153006667,          0.996728053295913,                 -0.00361234031024446
        1002,3057.50065797778,          0.996777419713301,                 -0.00416712968107568
        1003,3057.49978588889,          0.996826763507086,                  -0.0043050473208024
        1004,    3057.4989138,          0.996599787018101,                 -0.00458174881186923
        1005,3057.49804171111,          0.996649148961569,                 -0.00458069943116042
        1006,3057.49716962222,          0.996837265587812,                 -0.00402454137575477
        1007,3057.49629753333,          0.996610442279703,                 -0.00319115135353378
        1008,3057.49542544444,          0.996798481914475,                 -0.00291299305875368
        1009,3057.49455335555,          0.996433088512659,                 -0.00249628331151397
        1010,3057.49368126667,          0.996205130907039,                 -0.00235706154842306
        1011,3057.49280917778,          0.996393134479804,                 -0.00207928450434016
        1012,3057.49193708889,          0.996305258285451,                 -0.00166304953393037
        1013,     3057.491065,          0.996354597488538,                 -0.00152411355477318
        1014,3057.49019291111,           0.99640529439877,                 -0.00152376730687981
        1015,3057.48932082222,          0.996039110323242,                 -0.00138492646040495
        1016,3057.48844873333,          0.996226937588702,                 -0.00207691508878812
        1017,3057.48757664445,          0.996416058384056,                 -0.00276859143757726
        1018,3057.48670455555,          0.996188520165967,                 -0.00401354085646194
        1019,3057.48583246667,          0.996099452207566,                 -0.00498118909285628
        1020,3057.48496037778,          0.996150137712465,                 -0.00511839398630207
        1021,3057.48408828889,          0.996061119040506,                 -0.00525552937011097
        1022,    3057.4832162,          0.995973518138527,                 -0.00400988921643999
        1023,3057.48234411111,          0.995973518138527,                 -0.00400988921643999
