"SCAN INDEX",      WAVENUMBER,"SCIENCE DIRECT ABSORPTION","SCIENCE HARMONIC ABSORPTION SPECTRA"
           0,3058.39122071052,                          1,                                    0
           1,3058.39032610526,                          1,                                    0
           2,3058.38943149999,                          1,                                    0
           3,3058.38853689474,                          1,                                    0
           4,3058.38764228947,                          1,                                    0
           5,3058.38674768421,                          1,                                    0
           6,3058.38585307894,                          1,                                    0
           7,3058.38495847368,                          1,                                    0
           8,3058.38406386842,                          1,                                    0
           9,3058.38316926315,                          1,                                    0
          10,3058.38227465789,                          1,                                    0
          11,3058.38138005263,                          1,                                    0
          12,3058.38048544736,                          1,                                    0
          13, 3058.3795908421,                          1,                                    0
          14,3058.37869623684,                          1,                                    0
          15,3058.37780163157,                          1,                                    0
          16,3058.37690702632,                          1,                                    0
          17,3058.37601242105,                          1,                                    0
          18,3058.37511781578,                          1,                                    0
          19,3058.37422321052,                          1,                                    0
          20,3058.37332860526,                          1,                                    0
          21,     3058.372434,                          1,                                    0
          22,3058.37153939473,                          1,                                    0
          23,3058.37064478947,                          1,                                    0
          24, 3058.3697501842,                          1,                                    0
          25,3058.36885557895,                          1,                                    0
          26,3058.36796097368,                          1,                                    0
          27,3058.36706636842,                          1,                                    0
          28,3058.36617176315,                          1,                                    0
          29,3058.36527715789,                          1,                                    0
          30,3058.36438255263,                          1,                                    0
          31,3058.36348794736,                          1,                                    0
          32,3058.36259334211,                          1,                                    0
          33,3058.36169873684,                          1,                                    0
          34,3058.36080413157,                          1,                                    0
          35,3058.35990952631,                          1,                                    0
          36,3058.35901492105,                          1,                                    0
          37,3058.35812031579,                          1,                                    0
          38,3058.35722571053,                          1,                                    0
          39,3058.35633110526,                          1,                                    0
          40,3058.35543649999,                          1,                                    0
          41,3058.35454189473,                          1,                                    0
          42,3058.35364728947,                          1,                                    0
          43,3058.35275268421,                          1,                                    0
          44,3058.35185807894,                          1,                                    0
          45,3058.35096347368,                          1,                                    0
          46,3058.35006886841,                          1,                                    0
          47,3058.34917426315,                          1,                                    0
          48,3058.34827965789,                          1,                                    0
          49,3058.34738505263,                          1,                                    0
          50,3058.34649044737,                          1,                                    0
          51, 3058.3455958421,                          1,                                    0
          52,3058.34470123683,                          1,                                    0
          53,3058.34380663157,                          1,                                    0
          54,3058.34291202632,                          1,                                    0
          55,3058.34201742105,                          1,                                    0
          56,3058.34112281579,                          1,                                    0
          57,3058.34022821052,                          1,                                    0
          58,3058.33933360526,                          1,                                    0
          59,     3058.338439,                          1,                                    0
          60,3058.33754439473,                          1,                                    0
          61,3058.33664978947,                          1,                                    0
          62,3058.33575518421,                          1,                                    0
          63,3058.33486057894,                          1,                                    0
          64,3058.33396597368,                          1,                                    0
          65,3058.33307136841,                          1,                                    0
          66,3058.33217676316,                          1,                                    0
          67,3058.33128215789,                          1,                                    0
          68,3058.33038755263,                          1,                                    0
          69,3058.32949294736,                          1,                                    0
          70, 3058.3285983421,                          1,                                    0
          71,3058.32770373684,                          1,                                    0
          72,3058.32680913158,                          1,                                    0
          73,3058.32591452631,                          1,                                    0
          74,3058.32501992105,                          1,                                    0
          75,3058.32412531578,                          1,                                    0
          76,3058.32323071052,                          1,                                    0
          77,3058.32233610526,                          1,                                    0
          78,3058.32144149999,                          1,                                    0
          79,3058.32054689473,                          1,                                    0
          80,3058.31965228947,                          1,                                    0
          81,3058.31875768421,          0.998393862554641,                  0.00137276704731536
          82,3058.31786307894,          0.997467620033242,                 0.000980023206949541
          83,3058.31696847369,          0.996738268049719,                 0.000391799633667343
          84,3058.31607386842,          0.996401285982245,                 0.000391590208678422
          85,3058.31517926315,          0.995868973466325,                -0.000587071511180777
          86,3058.31428465789,          0.995728401436384,                -0.000782344059270386
          87,3058.31339005263,          0.995587979443151,                 -0.00117288982459433
          88,3058.31249544737,          0.995449652129911,                 -0.00117226651870058
          89, 3058.3116008421,          0.995700075375609,                 -0.00156218878270345
          90,3058.31070623684,          0.995950231763845,                 -0.00117101732129788
          91,3058.30981163157,          0.996200121720947,                 -0.00195065620074593
          92,3058.30891702631,          0.996449745672335,                 -0.00136473258065082
          93,3058.30802242105,          0.996114529787956,                 -0.00136400659399759
          94,3058.30712781578,          0.996363933806846,                 -0.00136328137932915
          95,3058.30623321052,          0.996223770778993,                -0.000778603963094172
          96,3058.30533860526,          0.996472851853941,                 0.000389095217436135
          97,3058.30444399999,          0.996527224151542,                  0.00136111035493869
          98,3058.30354939473,          0.996192856407137,                  0.00233209408444901
          99,3058.30265478946,          0.996247319513939,                   0.0031078099263449
         100,3058.30176018421,          0.996109523513698,                  0.00388271106417345
         101,3058.30086557895,          0.996358005886953,                  0.00426871979153125
         102,3058.29997097368,          0.996412295161447,                  0.00407252981673616
         103,3058.29907636841,          0.996660354355204,                  0.00348889272236361
         104,3058.29818176314,          0.996520701438988,                  0.00251842323458531
         105,3058.29728715789,          0.996768441087461,                  0.00174260216973332
         106,3058.29639255263,          0.996628878628019,                 0.000580560511822147
         107,3058.29549794736,          0.996682881541155,                                    0
         108, 3058.2946033421,          0.996543511544826,                -0.000579947727378172
         109,3058.29370873684,          0.996597502516612,                -0.000772855759997372
         110,3058.29281413159,          0.996846473670083,                -0.000772449805246093
         111,3058.29191952631,          0.996900248211756,                 -0.00115806417991685
         112,3058.29102492105,          0.996375238966085,                 -0.00173618144253529
         113,3058.29013031578,          0.996622012447653,                 -0.00154246006956495
         114,3058.28923571053,          0.996675820205232,                 -0.00154164860047213
         115,3058.28834110526,          0.997114780873578,                 -0.00134823323664575
         116,    3058.2874465,          0.996977688798198,                 -0.00154003118563151
         117,3058.28655189474,           0.99683882226408,                 -0.00115441670210085
         118,3058.28565728946,          0.996700101535337,                 -0.00115381065197994
         119,3058.28476268421,          0.996753727255429,                -0.000961004364881825
         120,3058.28386807894,          0.996807296729304,                -0.000768400305823322
         121,3058.28297347368,          0.996862724015713,                -0.000383999508480629
         122,3058.28207886841,          0.996916180362191,                -0.000767596674003612
         123,3058.28118426315,          0.996969580728068,                -0.000191798688096973
         124,3058.28028965789,          0.997022925201235,                 0.000383396625726297
         125,3058.27939505263,          0.997078124251569,                                    0
         126,3058.27850044736,          0.996939858061502,                 -0.00114898946376662
         127, 3058.2776058421,          0.996801736364315,                 -0.00248817637725347
         128,3058.27671123685,           0.99685505715991,                 -0.00420856097822261
         129,3058.27581663158,          0.997101427107393,                 -0.00554476344891934
         130,3058.27492202631,          0.997536734003581,                 -0.00687956368278332
         131,3058.27402742104,          0.997016590203261,                 -0.00687597648416042
         132,3058.27313281578,          0.997262491552667,                 -0.00629970563193683
         133,3058.27223821053,          0.996933832213651,                 -0.00457921760251246
         134,3058.27134360526,          0.996988819155611,                 -0.00343263174154571
         135,     3058.270449,          0.997423053757538,                 -0.00133421772908518
         136,3058.26955439473,          0.997094823069962,                                    0
         137,3058.26865978947,          0.997340045735219,                   0.0022848569203556
         138, 3058.2677651842,           0.99720250442461,                  0.00380611642910157
         139,3058.26687057895,          0.996876795081998,                  0.00456497673763937
         140,3058.26597597368,          0.996739636702376,                  0.00456260753020351
         141,3058.26508136842,          0.996794524660499,                  0.00513028062635026
         142,3058.26418676315,          0.997229180395739,                   0.0043679815557231
         143,3058.26329215789,           0.99728186594588,                  0.00303702128951924
         144,3058.26239755263,          0.997146673142302,                  0.00170744293346285
         145,3058.26150294736,          0.996820111608963,                 0.000948088369420737
         146, 3058.2606083421,          0.997253856256716,                 0.000189519927072732
         147,3058.25971373684,            0.9973083093872,                -0.000189422280985223
         148,3058.25881913157,          0.997360818184228,                 -0.00075729750811255
         149,3058.25792452631,          0.997225933172617,                -0.000378453864581638
         150,3058.25702992105,          0.997469446115089,                -0.000378259175621953
         151,3058.25613531579,          0.997334643957581,                -0.000189032343433962
         152,3058.25524071052,          0.997199980350739,                  0.00037787039801089
         153,3058.25434610526,          0.997441247840168,                 0.000755351191094409
         154,    3058.2534515,          0.997306668025601,                 0.000188740853146404
         155,3058.25255689473,          0.997549514336001,                -0.000565932024018155
         156,3058.25166228948,          0.997792111559644,                -0.000565641786598438
         157,3058.25076768421,          0.997469108232842,                -0.000753802462295743
         158,3058.24987307894,          0.997523144006103,                  -0.0011301244078619
         159,3058.24897847368,          0.997388866820912,                -0.000376515238512991
         160,3058.24808386841,          0.997442888350748,                 0.000188161269260658
         161,3058.24718926316,          0.997498730558742,                  0.00150452297218513
         162,3058.24629465789,          0.997928579215868,                  0.00225563061793001
         163,3058.24540005263,          0.997606495902486,                  0.00263022428298207
         164,3058.24450544736,          0.997472518805887,                  0.00262888088540708
         165, 3058.2436108421,          0.997528232019624,                  0.00243986209148732
         166,3058.24271623684,           0.99739443132385,                  0.00243861719150086
         167,3058.24182163157,          0.997635747645591,                  0.00299984438307263
         168,3058.24092702632,          0.997503897817222,                  0.00374790117534181
         169,3058.24003242105,          0.997370313764272,                    0.003745991788786
         170,3058.23913781578,          0.997613141760659,                  0.00430570505920344
         171,3058.23824321052,          0.997666747123662,                  0.00374218584817578
         172,3058.23734860526,          0.997722163832151,                   0.0033662603465752
         173,     3058.236454,          0.997401820594778,                  0.00317762948840165
         174,3058.23555939473,          0.997457315216315,                  0.00298919592497866
         175,3058.23466478947,          0.997699483877714,                  0.00298768327569594
         176, 3058.2337701842,          0.997568136050003,                  0.00354607943591208
         177,3058.23287557894,          0.997808142517372,                  0.00503660868348645
         178,3058.23198097368,          0.997490425956379,                  0.00615274468346925
         179,3058.23108636842,          0.997732088249161,                  0.00689504805103081
         180,3058.23019176316,          0.997787247992132,                  0.00707782628779187
         181,3058.22929715789,          0.997842352078249,                  0.00707425548115176
         182,3058.22840255262,          0.997711329847608,                  0.00707068827568241
         183,3058.22750794737,          0.997768272270783,                  0.00743909243072345
         184, 3058.2266133421,          0.997823302743085,                  0.00743534502789184
         185,3058.22571873684,          0.997878277800692,                  0.00798897150352444
         186,3058.22482413158,          0.997747500988834,                  0.00835634422938722
         187,3058.22392952631,          0.997989914306873,                    0.007980949658768
         188,3058.22303492105,          0.998044722792151,                  0.00871897806156712
         189,3058.22214031578,          0.998286744146376,                  0.00852919580808568
         190,3058.22124571053,          0.997970700247408,                  0.00815426384603267
         191,3058.22035110526,          0.998212516091986,                  0.00759449121539644
         192,    3058.2194565,          0.998454090181158,                  0.00722041711794274
         193,3058.21856189473,           0.99795339059892,                  0.00666165808669778
         194,3058.21766728947,          0.998564759671226,                  0.00554860951845468
         195,3058.21677268421,          0.998620934437079,                  0.00480639472331804
         196,3058.21587807895,          0.998307514929344,                  0.00351061313782298
         197,3058.21498347368,          0.998733115906967,                  0.00129273887044171
         198,3058.21408886842,          0.998604537836221,                 0.000184584942298747
         199,3058.21319426315,          0.998660580857745,                 -0.00110695796880592
         200,3058.21229965789,          0.998718409721646,                 -0.00110640887339916
         201,3058.21140505263,          0.998774340401611,                -0.000552929142130436
         202,3058.21051044737,          0.998830215442998,                                    0
         203, 3058.2096158421,          0.998887874145652,                 0.000920633985387697
         204,3058.20872123684,          0.998943637347389,                  0.00128824713733083
         205,3058.20782663157,          0.998633294275839,                  0.00165549818539004
         206,3058.20693202631,          0.999242524526026,                  0.00183853270381974
         207,3058.20603742105,          0.998930504867857,                  0.00202138255216086
         208,3058.20514281579,          0.998987971369324,                   0.0022040550940305
         209,3058.20424821052,          0.999596122778675,                  0.00238654721691878
         210,3058.20335360526,          0.999469714067623,                  0.00293583907198127
         211,3058.20245899999,          0.999160030664383,                   0.0020173936008275
         212,3058.20156439474,          0.999400579623007,                  0.00238301678926983
         213,3058.20066978947,          0.999459504026237,                  0.00219862768988356
         214,3058.19977518421,          0.999333411468253,                  0.00201441589264262
         215,3058.19888057894,          0.999756558728834,                  0.00183038549748963
         216,3058.19798597367,          0.999998170511946,                  0.00128064163805042
         217,3058.19709136842,          0.999506281200285,                 0.000182858814709163
         218,3058.19619676315,          0.999747778439809,                -0.000548307739546513
         219, 3058.1953021579,          0.999440999915967,                 -0.00146143812819005
         220,3058.19440755263,          0.999682292750797,                 -0.00182590373105168
         221,3058.19351294737,           1.00010585061923,                  -0.0020075117439437
         222, 3058.1926183421,          0.999981758815053,                 -0.00255376589263239
         223,3058.19172373684,           1.00004011099807,                 -0.00255251805906527
         224,3058.19082913158,           1.00009840618428,                  -0.0023690377697514
         225,3058.18993452632,          0.999792355021912,                 -0.00273217076431566
         226,3058.18903992105,           1.00003459067399,                 -0.00327701122012231
         227,3058.18814531578,           1.00027477076657,                 -0.00436721748197158
         228,3058.18725071052,           1.00033465741266,                   -0.005638249887235
         229,3058.18635610526,           1.00039266730172,                 -0.00654445502868653
         230,    3058.1854615,           1.00063414075744,                 -0.00726808891053164
         231,3058.18456689474,           1.00014892357315,                 -0.00762779277103182
         232,3058.18367228947,           1.00020875500331,                 -0.00780562186300226
         233,3058.18277768421,           1.00026852846402,                  -0.0074389642058815
         234,3058.18188307895,           1.00032824403947,                 -0.00652861072977174
         235,3058.18098847368,           1.00057097800375,                 -0.00525662289168638
         236,3058.18009386842,           1.00026813925849,                  -0.0034423283184045
         237,3058.17919926316,           1.00050885608789,                 -0.00144870060610012
         238,3058.17830465789,           1.00020815044752,                 0.000181000389150837
         239,3058.17741005263,           1.00026956079681,                  0.00144730629162136
         240,3058.17651544736,           1.00033091206961,                  0.00180826267546929
         241,3058.17562084211,            1.0003903962522,                 0.000722956022585146
         242,3058.17472623684,           1.00045163038569,                -0.000722608617107759
         243,3058.17383163158,           1.00015348085552,                 -0.00162509141139189
         244,3058.17293702631,           1.00039524907008,                 -0.00234622735665002
         245,3058.17204242104,           1.00045639283698,                  -0.0023451015338768
         246,3058.17114781579,           1.00033897571636,                 -0.00144244985683685
         247,3058.17025321052,           1.00040008794726,                -0.000360439592126558
         248,3058.16935860526,           1.00082321131672,                 0.000360267534671247
         249,3058.16846399999,           1.00052573963645,                 0.000900239103505891
         250,3058.16756939474,           1.00022855168417,                 0.000719847824169971
         251,3058.16667478947,           1.00029139940065,                  0.00053962851972702
         252,3058.16578018421,            1.0003541872302,                 0.000359580944367434
         253,3058.16488557895,           1.00041691525838,                -0.000359409705499687
         254,3058.16399097368,           1.00084061990329,                -0.000538858912367171
         255,3058.16309636841,           1.00090305692849,                -0.000897670903074882
         256,3058.16220176315,           1.00060833254077,                 -0.00107669476241833
         257,3058.16130715789,           1.00067082073302,                -0.000538091497078163
         258,3058.16041255263,           1.00055576471432,                 0.000179278940102906
         259,3058.15951794737,           1.00044081755529,                 0.000716776512667233
         260, 3058.1586233421,           1.00050688049979,                   0.0016119874551554
         261,3058.15772873684,            1.0007501150236,                   0.0023273258488921
         262,3058.15683413158,           1.00063523875135,                  0.00322092888010092
         263,3058.15593952632,           1.00070111677887,                  0.00321941378052183
         264,3058.15504492105,           1.00058637185987,                  0.00214526290196864
         265,3058.15415031579,           1.00047352292119,                 0.000536063684365703
         266,3058.15325571052,           1.00053938395922,                 -0.00125022772004901
         267,3058.15236110525,           1.00078370325674,                 -0.00232076135253972
         268,    3058.1514665,           1.00084935691548,                 -0.00339029020884188
         269,3058.15057189473,           1.00091673414353,                 -0.00356705892424637
         270,3058.14967728948,           1.00080399465905,                  -0.0030305785374428
         271,3058.14878268421,           1.00051495783226,                  -0.0026727915169161
         272,3058.14788807894,           1.00058061459658,                 -0.00178102636987643
         273,3058.14699347368,           1.00082601079511,                -0.000534058703732714
         274,3058.14609886842,           1.00071530503667,                                    0
         275,3058.14520426316,           1.00096040977484,                                    0
         276,3058.14430965789,           1.00067197371836,                  0.00017777082496329
         277,3058.14341505263,           1.00074096054785,                 0.000355376761558185
         278,3058.14252044736,           1.00063050022645,                 0.000177605697590779
         279, 3058.1416258421,           1.00069944222146,                 0.000177523406461142
         280,3058.14073123684,           1.00076832035942,                                    0
         281,3058.13983663157,           1.00101449378179,                -0.000177359052760771
         282,3058.13894202631,           1.00090588541879,                                    0
         283,3058.13804742105,           1.00079737751395,                 0.000354390006201825
         284,3058.13715281578,             1.000867855688,                 0.000708453622854714
         285,3058.13625821052,           1.00093649700551,                 0.000885157850199426
         286,3058.13536360526,           1.00082989607719,                 0.000884750615344053
         287,     3058.134469,           1.00072339319161,                 0.000530606253017823
         288,3058.13357439473,           1.00061698821358,                 0.000530362361243947
         289,3058.13267978947,           1.00068738723934,                                    0
         290,3058.13178518421,           1.00075772160708,                  0.00017662508323457
         291,3058.13089057894,           1.00065144739606,                 0.000882720048867382
         292,3058.12999597369,            1.0008999629427,                  0.00158816989888652
         293,3058.12910136842,           1.00097186872188,                  0.00194020978959307
         294,3058.12820676315,           1.00069110449782,                  0.00246823034936038
         295,3058.12731215789,           1.00093926166632,                  0.00281954721596146
         296,3058.12641755262,           1.00065876849043,                    0.003170543536847
         297,3058.12552294737,           1.00073065309823,                   0.0033451587629955
         298, 3058.1246283421,           1.00062825234979,                  0.00334363995684945
         299,3058.12373373684,           1.00087598636416,                  0.00404572015577782
         300,3058.12283913157,           1.00077361277164,                  0.00386806385821788
         301,3058.12194452632,             1.001022814744,                  0.00333908593401263
         302,3058.12104992105,            1.0009204674007,                  0.00316191091842972
         303,3058.12015531578,           1.00081997004563,                  0.00298490166504838
         304,3058.11926071053,           1.00071780705557,                  0.00315905305629608
         305,3058.11836610526,           1.00114376333221,                    0.003333052655215
         306,    3058.1174715,           1.00104330139136,                  0.00315620588983088
         307,3058.11657689473,           1.00111819574385,                  0.00297951843971383
         308,3058.11568228947,           1.00101783577631,                  0.00227742944786351
         309,3058.11478768421,           1.00091756613831,                  0.00175108041661705
         310,3058.11389307894,            1.0008191384344,                 0.000875147899995099
         311,3058.11299847368,           1.00089399900978,                 0.000699803530158908
         312,3058.11210386842,             1.000970542717,                                    0
         313,3058.11120926315,           1.00104701792166,                -0.000699177243179089
         314,3058.11031465789,           1.00129814084566,                 -0.00139772903974268
         315,3058.10942005263,            1.0010251251718,                 -0.00192101820950625
         316,3058.10852544737,           1.00075410042104,                  -0.0017456028264801
         317, 3058.1076308421,           1.00100501811126,                  -0.0013958584878665
         318,3058.10673623684,           1.00090864855532,                  -0.0015696424180167
         319,3058.10584163158,           1.00081236467852,                -0.000522981552697364
         320,3058.10494702631,           1.00106466581517,                 0.000522749172749434
         321,3058.10405242105,           1.00114431422137,                  0.00191589900077158
         322,3058.10315781579,           1.00139624441589,                  0.00348190627404692
         323,3058.10226321053,           1.00095362062605,                  0.00487251414769286
         324,3058.10136860526,            1.0008592709069,                  0.00643583472776419
         325,     3058.100474,           1.00111273384797,                  0.00782390986855831
         326,3058.09957939473,           1.00136597302116,                  0.00834181997657339
         327,3058.09868478947,           1.00109785501365,                  0.00885927305321817
         328,3058.09779018421,           1.00117898114498,                  0.00833447642992702
         329,3058.09689557895,           1.00126003603078,                  0.00798369936859352
         330,3058.09600097368,           1.00134101976486,                   0.0069393002062707
         331,3058.09510636842,           1.00124852604564,                  0.00624263022820282
         332,3058.09421176315,           1.00132944380023,                  0.00467991950538451
         333,3058.09331715789,           1.00141202560704,                  0.00294532948707953
         334,3058.09242255263,           1.00166597972423,                  0.00155860888961239
         335,3058.09152794737,           1.00140213609375,                 0.000519309664352854
         336, 3058.0906333421,           1.00183063352378,                -0.000173027743268356
         337,3058.08973873684,           1.00173990044864,                -0.000691809323514253
         338,3058.08884413158,           1.00165097805323,                -0.000691509132242478
         339,3058.08794952631,            1.0015604020757,                -0.000345604003476776
         340,3058.08705492105,           1.00181708892681,                -0.000172727084297726
         341,3058.08616031579,           1.00172824884021,                 0.000345304463578148
         342,3058.08526571052,           1.00163948571922,                 0.000345154888256105
         343,3058.08437110526,           1.00172503018803,                 0.000862515094014145
         344,    3058.0834765,           1.00180877349983,                 0.000862141801634966
         345,3058.08258189473,           1.00154946303092,                                    0
         346,3058.08168728947,           1.00197949525455,                 -0.00103367898410029
         347,3058.08079268421,           1.00206474588472,                 -0.00206646794133297
         348,3058.07989807895,           1.00197779158655,                 -0.00378689424753551
         349,3058.07900347368,            1.0020646937371,                 -0.00464556090846524
         350,3058.07810886842,           1.00163556906969,                 -0.00515952387913643
         351,3058.07721426315,           1.00189445382312,                 -0.00446967326688419
         352,3058.07631965789,           1.00198128008221,                 -0.00378041299293578
         353,3058.07542505263,           1.00223979553278,                  -0.0025764519165367
         354,3058.07453044737,           1.00181304983827,                  -0.0015452129303418
         355, 3058.0736358421,           1.00207141668083,                 -0.00120131870470385
         356,3058.07274123684,           1.00198819434557,                 -0.00102926368191635
         357,3058.07184663158,           1.00190504279059,                 -0.00120029698776897
         358,3058.07095202631,           1.00216647584311,                -0.000856992026546185
         359,3058.07005742105,           1.00225464463648,                -0.000685302321118962
         360,3058.06916281579,           1.00217320197078,                -0.000856265551923087
         361,3058.06826821053,           1.00209182817566,                 -0.00119826491240683
         362,3058.06737360526,           1.00201052316379,                 -0.00136886683492322
         363,     3058.066479,           1.00227135898418,                 -0.00171036068086038
         364,3058.06558439474,           1.00184983194226,                  -0.0017096413514373
         365,3058.06468978947,           1.00176873189613,                 -0.00119624379448532
         366,3058.06379518421,           1.00186023152964,                -0.000170820158828584
         367,3058.06290057895,           1.00212240270329,                  0.00102449044406538
         368,3058.06200597368,           1.00221538755628,                  0.00204812408901147
         369,3058.06111136842,           1.00196537393286,                  0.00255908064174918
         370,3058.06021676316,           1.00188781243978,                  0.00306961372321975
         371,3058.05932215789,           1.00181031573134,                  0.00255694312335716
         372,3058.05842755263,           1.00190327543991,                  0.00102235028106113
         373,3058.05753294737,             1.001996157567,                 0.000340641223038247
         374, 3058.0566383421,           1.00192041840605,                -0.000170249858692617
         375,3058.05574373684,           1.00184474214453,                -0.000850895823122583
         376,3058.05484913157,           1.00176912870411,                -0.000170108529241656
         377,3058.05395452632,           1.00169357800661,                 0.000340075904941983
         378,3058.05305992105,           1.00195802484244,                 0.000509902302718799
         379,3058.05216531578,           1.00205405791118,                 0.000169897263124988
         380,3058.05127071052,           1.00198018456815,                 0.000339654299853609
         381,3058.05037610526,           1.00173661507749,                  0.00033951418914675
         382,    3058.0494815,           1.00183262064753,                 0.000169687096993145
         383,3058.04858689474,           1.00193024652199,                 0.000339234889629929
         384,3058.04769228947,           1.00185654580751,                 0.000339095124659845
         385,3058.04679768421,           1.00195408162401,                 0.000508434073895808
         386,3058.04590307895,           1.00222094601119,                  0.00101645126370303
         387,3058.04500847368,           1.00215061046856,                  0.00135471525578717
         388,3058.04411386842,           1.00207863608973,                  0.00169270039880021
         389,3058.04321926316,           1.00217761707441,                  0.00219961320647769
         390,3058.04232465789,           1.00210738532001,                  0.00236784867417387
         391,3058.04143005263,             1.002206273933,                  0.00202875763954049
         392,3058.04053544737,           1.00213608771479,                  0.00202793137480228
         393, 3058.0396408421,           1.00240550292579,                  0.00152033190534751
         394,3058.03874623684,           1.00199927053643,                 0.000844286544098775
         395,3058.03785163158,           1.00209973398868,                                    0
         396,3058.03695702631,           1.00186267496322,                -0.000843602791312916
         397,3058.03606242105,           1.00213345476317,                 -0.00151787295403375
         398,3058.03516781579,           1.00223374215029,                 -0.00185442744552619
         399,3058.03427321052,           1.00233563751445,                 -0.00286477905812805
         400,3058.03337860526,           1.00227069057293,                 -0.00320052825561103
         401,     3058.032484,           1.00220410816126,                 -0.00370438346430574
         402,3058.03158939473,           1.00230589264976,                 -0.00454445996667396
         403,3058.03069478947,            1.0020727899214,                 -0.00521562399052439
         404,3058.02980018421,           1.00234440957542,                 -0.00538171495074049
         405,3058.02890557895,           1.00227958927046,                 -0.00487522779081574
         406,3058.02801097368,           1.00238454933026,                 -0.00403306440635813
         407,3058.02711636842,           1.00248942581948,                 -0.00235168430989824
         408,3058.02622176315,            1.0024263082335,                 -0.00100746362636532
         409,3058.02532715789,           1.00236324086258,                 0.000335687622525982
         410,3058.02443255263,           1.00230022364684,                 0.000503331213749666
         411,3058.02353794737,           1.00223893738522,                -0.000167710665559776
         412,3058.02264334211,           1.00234366355855,                 -0.00117350821958686
         413,3058.02174873684,           1.00261756415713,                 -0.00167577730930492
         414,3058.02085413158,           1.00222288110183,                 -0.00201014116216311
         415,3058.01995952631,           1.00216172227813,                 -0.00200934681158522
         416,3058.01906492105,           1.00226966878904,                 -0.00184117674627245
         417,3058.01817031579,           1.00237753041348,                 -0.00133851114059554
         418,3058.01727571052,           1.00265255538422,                -0.000334496265349197
         419,3058.01638110526,           1.00259299940316,                 0.000334364848892166
         420,    3058.0154865,           1.00253516560464,                  0.00116981932976037
         421,3058.01459189473,           1.00214159948415,                  0.00116936009274696
         422,3058.01369728947,           1.00225097352935,                  0.00116890316806156
         423,3058.01280268421,           1.00219501406311,                  0.00100152732917699
         424,3058.01190807895,           1.00247113807505,                   0.0010011362896888
         425,3058.01101347368,           1.00258192783945,                  0.00100074722459436
         426,3058.01011886842,            1.0023591787057,                 0.000500179230891069
         427,3058.00922426315,           1.00230326423541,                -0.000333323333633324
         428,3058.00832965789,           1.00224739317386,                -0.000999581841596266
         429,3058.00743505263,           1.00219323444627,                 -0.00049959782375188
         430,3058.00654044737,           1.00247205413549,                -0.000332936583904181
         431,3058.00564584211,           1.00241785049264,                 0.000166404025646188
         432,3058.00475123684,           1.00236368868507,                 0.000665359235768382
         433,3058.00385663157,           1.00230956866436,                 0.000665102567129634
         434,3058.00296202632,           1.00192473264832,                 0.000664847201491917
         435,3058.00206742105,           1.00220478406574,                 0.000664592031873834
         436,3058.00117281579,           1.00198636780357,                                    0
         437,3058.00027821052,           1.00226784475059,                                    0
         438,3057.99938360526,           1.00221552861517,                -0.000663828798552853
         439,     3057.998489,           1.00233080898149,                 -0.00082946938843222
         440,3057.99759439474,           1.00194850959745,                 -0.00149247543634178
         441,3057.99669978947,           1.00206380386404,                 -0.00215497592228825
         442,3057.99580518421,           1.00184926195226,                 -0.00231986266413028
         443,3057.99491057895,           1.00196616604247,                 -0.00198769945321701
         444,3057.99401597368,           1.00208298147835,                 -0.00165578813859609
         445,3057.99312136842,           1.00219970836071,                 -0.00132412843383744
         446,3057.99222676316,           1.00231634679021,                -0.000496360026472535
         447,3057.99133215789,           1.00243455480064,                -0.000496172853390845
         448,3057.99043755263,           1.00222201647996,                -0.000826643035697753
         449,3057.98954294737,           1.00184437202107,                -0.000826331550660735
         450, 3057.9886483421,            1.0017974201734,                 -0.00115642842038486
         451,3057.98775373684,           1.00224592925323,                -0.000825709284275192
         452,3057.98685913158,             1.002035436067,                -0.000825399864964582
         453,3057.98596452632,           1.00215513684954,                -0.000825090677465454
         454,3057.98506992105,           1.00194483529934,                  -0.0008247817215174
         455,3057.98417531579,           1.00173634299452,                 0.000164894871274819
         456,3057.98328071052,           1.00169118834827,                  0.00131866537877015
         457,3057.98238610526,           1.00181248970176,                  0.00247157686604053
         458,    3057.9814915,           1.00209841120295,                  0.00395305093176705
         459,3057.98059689473,           1.00189182202713,                  0.00477483366290662
         460,3057.97970228947,           1.00184832539744,                   0.0054314103397594
         461,3057.97880768421,           1.00164198209285,                  0.00542939970582525
         462,3057.97791307895,           1.00176472426389,                  0.00509845779874907
         463,3057.97701847368,           1.00188737562721,                  0.00427454410343081
         464,3057.97612386842,           1.00201158303696,                  0.00312255536783702
         465,3057.97522926316,           1.00196976840846,                  0.00229997979303468
         466,3057.97433465789,           1.00192963008581,                  0.00147801453380958
         467,3057.97344005263,           1.00205368473067,                 0.000492490343085189
         468,3057.97254544737,            1.0018494419674,                -0.000820515513486814
         469, 3057.9716508421,           1.00181103550548,                 -0.00213255992493389
         470,3057.97075623684,            1.0019366402162,                 -0.00344364475360722
         471,3057.96986163158,           1.00189822995794,                 -0.00458984791211097
         472,3057.96896702631,           1.00185984777105,                 -0.00491589719220339
         473,3057.96807242105,           1.00182149362477,                 -0.00507790488920339
         474,3057.96717781579,           1.00194855168574,                 -0.00442108365672742
         475,3057.96628321052,           1.00158446439211,                  -0.0034373710985838
         476,3057.96538860526,           1.00154789136617,                  -0.0026179980823164
         477,     3057.964494,           1.00151134490068,                 -0.00196278558530266
         478,3057.96359939473,           1.00147646244177,                  -0.0019620763345798
         479,3057.96270478947,           1.00176686242173,                 -0.00147102329283661
         480,3057.96181018421,           1.00156852493301,                 -0.00147049212469773
         481,3057.96091557895,           1.00120700158919,                -0.000816645188898199
         482,3057.96002097369,           1.00150045470798,                 -0.00097962222501596
         483,3057.95912636842,           1.00162885056683,                 -0.00114248035749842
         484,3057.95823176316,            1.0015956353337,                 -0.00130522317684795
         485, 3057.9573371579,           1.00156244393631,                 -0.00146784920948165
         486,3057.95644255263,           1.00169231220715,                 -0.00179339443917295
         487,3057.95554794737,           1.00133478709412,                 -0.00162977667170268
         488,3057.95465334211,           1.00146464407846,                 -0.00211795028030257
         489,3057.95375873684,           1.00127031692779,                 -0.00276863945799811
         490,3057.95286413158,           1.00156453758228,                 -0.00276765233077027
         491,3057.95196952632,           1.00153468835085,                 -0.00292941572803304
         492,3057.95107492105,             1.001340543636,                 -0.00276568468591583
         493,3057.95018031579,           1.00131079503134,                 -0.00146366690844276
         494,3057.94928571052,           1.00128106751291,                -0.000487716058213789
         495,3057.94839110526,           1.00108884663514,                 0.000812572115775275
         496,    3057.9474965,           1.00138413251282,                   0.0019494824124195
         497,3057.94660189474,           1.00135603679975,                  0.00292319310126428
         498,3057.94570728947,           1.00116561847586,                  0.00405856015273174
         499,3057.94481268421,           1.00113761950279,                  0.00503084230905925
         500,3057.94391807894,           1.00110964024295,                   0.0043801588537611
         501,3057.94302347368,           1.00091950965972,                  0.00405427539557565
         502,3057.94212886842,           1.00089324940139,                  0.00324228457855975
         503,3057.94123426316,           1.00070495004578,                  0.00226880474504307
         504,3057.94033965789,           1.00100278479331,                  0.00145800696927331
         505,3057.93944505263,           1.00113846706948,                 0.000809720533055221
         506,3057.93855044736,           1.00078839202024,                 0.000323774956978403
         507, 3057.9376558421,           1.00092567418858,                 0.000970986911096438
         508,3057.93676123684,           1.00090108599466,                  0.00145597377952998
         509,3057.93586663158,           1.00087651489914,                  0.00242577924115157
         510,3057.93497202632,            1.0006902984773,                  0.00323324813724492
         511,3057.93407742105,           1.00082904133409,                   0.0033937364553554
         512,3057.93318281579,           1.00080613763144,                  0.00355411380595508
         513,3057.93228821052,           1.00062175496395,                   0.0037143803040947
         514,3057.93139360526,               1.0005989387,                  0.00355165805927717
         515,     3057.930499,            1.0005761381957,                  0.00371181470620987
         516,3057.92960439474,           1.00055496760538,                  0.00387186701427428
         517,3057.92870978947,           1.00069347009209,                  0.00370925863208993
         518,3057.92781518421,           1.00067227378471,                  0.00338555143378103
         519,3057.92692057895,            1.0006510920296,                  0.00241742090198809
         520,3057.92602597368,           1.00079264323966,                  0.00128885079618758
         521,3057.92513136842,           1.00044933252378,                                    0
         522,3057.92423676316,           1.00059085574265,                 -0.00112697280614619
         523,3057.92334215789,           1.00089322357145,                  -0.0017703530244872
         524,3057.92244755263,           1.00087361255685,                 -0.00257418064634458
         525,3057.92155294737,           1.00101645629881,                 -0.00289497047130119
         526, 3057.9206583421,           1.00067526287019,                  -0.0032155374770893
         527,3057.91976373684,           1.00065735441368,                 -0.00289300230958018
         528,3057.91886913158,           1.00063945809943,                  -0.0022493500984894
         529,3057.91797452631,            1.0006215739151,                 -0.00112429390327539
         530,3057.91707992105,           1.00060530841025,                 -0.00112391482010138
         531,3057.91618531579,            1.0007479527602,                 -0.00032100976832725
         532,3057.91529071053,           1.00057120485717,                                    0
         533,3057.91439610526,           1.00055497278067,                                    0
         534,    3057.9135015,           1.00069909438416,                 0.000320685497319069
         535,3057.91260689474,           1.00052414513851,                 0.000320578066369277
         536,3057.91171228947,           1.00066818035422,                -0.000480705290802666
         537,3057.91081768421,           1.00065354033049,                 -0.00144163308195524
         538,3057.90992307895,            1.0007990379519,                 -0.00208166199893995
         539,3057.90902847368,           1.00062428967041,                 -0.00304141121480367
         540,3057.90813386842,           1.00045125920521,                 -0.00320041989509024
         541,3057.90723926316,           1.00075664624948,                 -0.00303938239749683
         542,3057.90634465789,           1.00058368714369,                 -0.00303837143291196
         543,3057.90545005263,           1.00057070417222,                 -0.00239791668997975
         544,3057.90455544737,           1.00087734578131,                 -0.00191769569685066
         545, 3057.9036608421,           1.00070451898607,                 -0.00191705846549055
         546,3057.90276623684,           1.00037370282002,                 -0.00159702059837168
         547,3057.90187163158,           1.00052205315363,                  -0.0014368435421067
         548,3057.90097702631,           1.00067030546778,                 -0.00175556193941715
         549,3057.90008242105,           1.00065891602729,                 -0.00191452598729712
         550,3057.89918781579,           1.00048804294778,                 -0.00159491159405034
         551,3057.89829321052,           1.00063775510204,                 -0.00111607142857143
         552,3057.89739860526,           1.00062638765586,                -0.000637544687897967
         553,     3057.896504,           1.00061662202663,                 -0.00015933385701061
         554,3057.89560939474,           1.00028829965324,                 0.000159281576377905
         555,3057.89471478947,           1.00075793281785,                 0.000477688750748379
         556,3057.89382018421,           1.00058895627398,                 0.000636709485379558
         557,3057.89292557894,           1.00073993332644,                 0.000636501786183137
         558,3057.89203097368,            1.0005726648002,                  0.00031814711122423
         559,3057.89113636842,           1.00056452702971,                 0.000159021698510762
         560,3057.89024176316,           1.00055639456323,                 -0.00079484937604324
         561,3057.88934715789,           1.00054985745025,                -0.000317836676445442
         562,3057.88845255263,              1.00085946821,                                    0
         563,3057.88755794737,           1.00085283715257,                  0.00063526044884327
         564, 3057.8866633421,           1.00084621039045,                  0.00127010940404879
         565,3057.88576873684,           1.00068087564735,                  0.00142841044898115
         566,3057.88487413158,           1.00051723536113,                  0.00126928922976356
         567,3057.88397952631,           1.00051072360971,                  0.00126887853343019
         568,3057.88308492105,           1.00066436122223,                  0.00126847011405132
         569,3057.88219031579,            1.0006593922179,                  0.00126806195750724
         570,3057.88129571052,           1.00081288316825,                  0.00110919730560129
         571,3057.88040110526,           1.00080786960034,                  0.00126724643190927
         572,    3057.8795065,           1.00080444407847,                  0.00142519620201048
         573,3057.87861189474,           1.00048441175633,                  0.00110813146871745
         574,3057.87771728948,            1.0004795085275,                  0.00126602911550458
         575,3057.87682268421,           1.00063439429583,                  0.00110742146404282
         576,3057.87592807894,           1.00063261110232,                  0.00126522220464969
         577,3057.87503347368,           1.00078734928901,                  0.00110671586809212
         578,3057.87413886842,           1.00094357068008,                  0.00142246836193285
         579,3057.87324426316,           1.00062410630347,                  0.00237002393724177
         580, 3057.8723496579,           1.00062232864639,                  0.00268517436258699
         581,3057.87145505263,           1.00078003366461,                  0.00300012947927226
         582,3057.87056044737,           1.00093605911221,                  0.00284132614162117
         583, 3057.8696658421,           1.00077638281354,                  0.00252482215783926
         584,3057.86877123684,            1.0009338894603,                  0.00205077077430794
         585,3057.86787663158,           1.00077589306553,                  0.00205012395364827
         586,3057.86698202631,           1.00061799630463,                  0.00220712965940836
         587,3057.86608742105,           1.00046019908338,                  0.00173362668398192
         588,3057.86519281579,           1.00077515960095,                 0.000945316586524827
         589,3057.86429821052,           1.00077649167516,                -0.000315006764770273
         590,3057.86340360526,            1.0009352769459,                 -0.00188944837554676
         591,     3057.862509,           1.00077915332006,                 -0.00267588008909107
         592,3057.86161439474,           1.00093783831416,                 -0.00330446385860671
         593,3057.86071978947,           1.00062450546875,                 -0.00346073559508135
         594,3057.85982518421,           1.00078313954037,                 -0.00298788178052593
         595,3057.85893057895,           1.00094324791699,                 -0.00298695173714825
         596,3057.85803597368,           1.00078893851623,                 -0.00267170413862687
         597,3057.85714136842,           1.00079183529826,                 -0.00251376285161258
         598,3057.85624676316,            1.0007947302786,                 -0.00251298111808812
         599,3057.85535215789,           1.00064061096701,                 -0.00251219987062171
         600,3057.85445755263,           1.00095904967752,                 -0.00313927881347818
         601,3057.85356294737,           1.00080497483865,                 -0.00313830346453011
         602, 3057.8526683421,           1.00080943207986,                  -0.0037648003714603
         603,3057.85177373684,           1.00050025012506,                  -0.0042340919676139
         604,3057.85087913158,           1.00081833830294,                 -0.00407601453569491
         605,3057.84998452631,           1.00066763416156,                 -0.00423148412253124
         606,3057.84908992105,           1.00051545503399,                 -0.00391683156527557
         607,3057.84819531579,           1.00052156180351,                 -0.00328912849058761
         608,3057.84730071053,           1.00036952137587,                 -0.00328811393784525
         609,3057.84640610526,           1.00084525561156,                 -0.00250446107128322
         610,    3057.8455115,           1.00053985963649,                 -0.00266017791895846
         611,3057.84461689474,           1.00070238450937,                 -0.00297222843609161
         612,3057.84372228947,            1.0003956543701,                 -0.00344047278351451
         613,3057.84282768421,           1.00055968807552,                 -0.00437744863533039
         614,3057.84193307895,           1.00056733199237,                 -0.00515756356697096
         615,3057.84103847368,           1.00057497125144,                 -0.00515599220038998
         616,3057.84014386842,           1.00105118965617,                 -0.00421725419265354
         617,3057.83924926316,           1.00059023581326,                 -0.00374752897308337
         618,3057.83835465789,           1.00044332330132,                 -0.00343419458770933
         619,3057.83746005263,           1.00013888650476,                 -0.00327709730326102
         620,3057.83656544737,           1.00014820477219,                 -0.00343211051395855
         621, 3057.8356708421,           1.00031347522376,                 -0.00343107210086104
         622,3057.83477623684,             1.000322735047,                 -0.00358594496665851
         623,3057.83388163158,           1.00017612576315,                 -0.00311727014418933
         624,3057.83298702631,             1.000031163327,                 -0.00249306615974321
         625,3057.83209242105,           1.00019626963086,                 -0.00186923457959357
         626,3057.83119781579,          0.999739943036624,                -0.000311445465120444
         627,3057.83030321053,          0.999906594433028,                 0.000934055669717915
         628,3057.82940860526,           0.99991751653171,                  0.00202317941088128
         629,     3057.828514,          0.999772849617112,                  0.00233373681049746
         630,3057.82761939474,          0.999940896322818,                  0.00186643191100853
         631,3057.82672478947,          0.999951798311697,                 0.000621957268425873
         632,3057.82583018421,          0.999808805219151,                -0.000310885822518393
         633,3057.82493557895,          0.999821293986931,                 -0.00124317226482677
         634,3057.82404097368,          0.999678425121989,                  -0.0015535018261414
         635,3057.82314636842,          0.999535641459297,                 -0.00139773473790144
         636,3057.82225176316,          0.999703458051735,                -0.000776287822683441
         637,3057.82135715789,             0.999872726539,                 0.000310423075609749
         638,3057.82046255263,          0.999574847084599,                  0.00170681827350677
         639,3057.81956794737,          0.999278695136234,                  0.00279214785974111
         640,3057.81867334211,            0.9992928653839,                  0.00403190789881772
         641,3057.81777873684,          0.999462054702991,                  0.00434076896722254
         642,3057.81688413158,          0.999476162284304,                   0.0043394840353482
         643,3057.81598952632,          0.999645197225411,                   0.0040283284451117
         644,3057.81509492105,          0.999505900538863,                  0.00418203305664796
         645,3057.81420031579,          0.999365138353386,                  0.00356141899320233
         646,3057.81330571053,           0.99922600619195,                  0.00309597523219814
         647,3057.81241110526,          0.999241709094848,                  0.00263080518113867
         648,    3057.8115165,          0.999257402766175,                   0.0020112008416102
         649,3057.81062189474,          0.999583957783315,                   0.0013919628067538
         650,3057.80972728947,          0.999135690419461,                  0.00108231968940517
         651,3057.80883268421,          0.999151401424224,                 0.000463715068730302
         652,3057.80793807895,          0.999014120635784,                 0.000463579638346071
         653,3057.80704347368,          0.999031401440076,                  0.00108137000310508
         654,3057.80614886842,          0.999357544832869,                  0.00108105436776852
         655,3057.80525426316,          0.999374715341089,                  0.00169830401185725
         656,3057.80435965789,          0.999237529595891,                  0.00200650106344556
         657,3057.80346505263,          0.999101965492021,                  0.00216022046592869
         658,3057.80257044737,          0.999119195521626,                  0.00200533418894259
         659, 3057.8016758421,          0.999137956293305,                  0.00169632929761172
         660,3057.80078123684,          0.998848372072946,                  0.00200417176060322
         661,3057.79988663158,           0.99917544522105,                  0.00200359105165412
         662,3057.79899202632,          0.999194173396012,                  0.00246524391277351
         663,3057.79809742105,          0.999212890724279,                  0.00246453002182649
         664,3057.79720281579,          0.999077608681258,                  0.00338774774830266
         665,3057.79630821053,          0.999251831166312,                   0.0044643819294135
         666,3057.79541360526,          0.999116615931078,                   0.0047708895708354
         667,     3057.794519,          0.998983015904031,                  0.00507722771058571
         668,3057.79362439474,          0.999157114995355,                  0.00507576736373872
         669,3057.79272978947,          0.999177347059592,                  0.00461300714247273
         670,3057.79183518421,          0.999505012897335,                   0.0035356221618946
         671,3057.79094057895,          0.999065633125765,                  0.00261253895756622
         672,3057.79004597368,           0.99908587406571,                   0.0013827114972461
         673,3057.78915136842,          0.999414819354274,                 0.000307181441326041
         674,3057.78825676316,          0.999282936184391,                -0.000614187422362871
         675,3057.78736215789,          0.999611637370616,                 -0.00138152714010067
         676,3057.78646755263,          0.999633232510639,                 -0.00122767360455712
         677,3057.78557294737,          0.999501399915621,                -0.000767077052889963
         678, 3057.7846783421,          0.999369642536706,                 -0.00046011493671119
         679,3057.78378373684,          0.999237960309538,                 0.000459983716576433
         680,3057.78288913158,          0.999414453495038,                 0.000766422126913373
         681,3057.78199452632,          0.999590846610386,                  0.00107268678924923
         682,3057.78109992105,          0.999459213515679,                  0.00107238113038163
         683,3057.78020531579,          0.999482339823995,                  0.00199100067694023
         684,3057.77931071053,           0.99935234251435,                  0.00260287878393503
         685,3057.77841610526,          0.999530083100288,                  0.00336748266894431
         686,    3057.7775215,           0.99955316974041,                  0.00351955341457891
         687,3057.77662689474,          0.999576243312829,                  0.00336557657681087
         688,3057.77573228947,          0.999753770296745,                  0.00275287866993138
         689,3057.77483768421,          0.999625408037673,                  0.00183473614200858
         690,3057.77394307895,          0.999649969658942,                 0.000611406709271524
         691,3057.77304847368,           0.99952170876801,                -0.000764043501580806
         692,3057.77215386842,          0.999851817224949,                 -0.00183318896970197
         693,3057.77125926316,          0.999723571698018,                 -0.00274901073794139
         694,3057.77036465789,           1.00005343796997,                  -0.0025955585412961
         695,3057.76947005263,           1.00007937137868,                 -0.00228955900040907
         696,3057.76857544737,          0.999951169788748,                 -0.00213632174226194
         697, 3057.7676808421,           0.99982456541803,                 -0.00122041448326888
         698,3057.76678623684,           1.00000305018469,                 -0.00030501846886829
         699,3057.76589163158,          0.999876501987403,                 0.000457400046654805
         700,3057.76499702632,           1.00005487269535,                 0.000914544922446591
         701,3057.76410242105,           1.00008076227396,                  0.00243810638372442
         702,3057.76320781579,             1.000108160974,                   0.0035038061999089
         703,3057.76231321053,           1.00013402130939,                  0.00472120521708406
         704,3057.76141860526,           1.00016139002488,                  0.00548117065624838
         705,     3057.760524,           1.00018874357663,                    0.006088502471932
         706,3057.75962939474,           1.00006238977173,                  0.00608680699800201
         707,3057.75873478947,           1.00024188358858,                  0.00547660955272834
         708,3057.75784018421,           1.00026919210431,                   0.0042584061698222
         709,3057.75694557895,            1.0001459623174,                  0.00304088161239707
         710,3057.75605097368,           1.00047728633836,                  0.00182402422304168
         711,3057.75515636842,           1.00035254715318,                 0.000911759878918288
         712,3057.75426176316,           1.00053323286477,                                    0
         713,3057.75336715789,           1.00056194280334,                -0.000759382166669198
         714,3057.75247255263,           1.00059063696173,                 -0.00167018163984507
         715,3057.75157794737,            1.0009213819819,                 -0.00258047672030516
         716,3057.75068334211,           1.00079972927571,                 -0.00318677699996813
         717,3057.74978873684,            1.0008283345015,                 -0.00364103077581263
         718,3057.74889413158,           1.00070525605345,                 -0.00439837108601849
         719,3057.74799952632,           1.00073387150577,                 -0.00500366935752885
         720,3057.74710492105,           1.00091557323373,                 -0.00560864398147025
         721,3057.74621031579,           1.00094411534271,                 -0.00591019235402961
         722,3057.74531571053,           1.00097415829239,                  -0.0059085806225826
         723,3057.74442110526,           1.00100418486089,                 -0.00590696976994625
         724,    3057.7435265,           1.00103419506161,                 -0.00575394031346861
         725,3057.74263189474,           1.00091281068488,                 -0.00529823780610569
         726,3057.74173728947,           1.00094282942657,                 -0.00484278357146208
         727,3057.74084268421,           1.00127693825308,                 -0.00408499204183032
         728,3057.73994807895,           1.00115558674766,                  -0.0030250961980591
         729,3057.73905347368,           1.00103581500495,                 -0.00257063577871362
         730,3057.73815886842,           1.00091459497048,                 -0.00166289994633368
         731,3057.73726426316,           1.00109721705855,                 -0.00105792278372733
         732,3057.73636965789,           1.00067537655643,                -0.000755454761102541
         733,3057.73547505263,           1.00100901466999,                -0.000604200401189066
         734,3057.73458044737,           1.00134247241438,                -0.000604037081836454
         735, 3057.7336858421,           1.00107187608509,                 -0.00166065308956959
         736,3057.73279123684,           1.00095235364166,                 -0.00256577050843007
         737,3057.73189663158,           1.00098529303037,                 -0.00407395280552005
         738,3057.73100202632,           1.00071501193195,                 -0.00452539197436818
         739,3057.73010742105,           1.00089880320432,                 -0.00452417720297269
         740,3057.72921281579,           1.00108249583134,                 -0.00376913590297943
         741,3057.72831821053,           1.00111385597646,                 -0.00271304568015302
         742,3057.72742360526,           1.00114670777335,                  -0.0013561589960807
         743,     3057.726529,           1.00102889802461,                -0.000301287854935924
         744,3057.72565691111,           1.00091265884933,                 0.000150603770515999
         745,3057.72478482222,           1.00094553820396,                 -0.00015056340827376
         746,3057.72391273333,           1.00067735380447,                 0.000301046135320238
         747,3057.72304064444,           1.00086226744737,                 0.000451448925325833
         748,3057.72216855556,           1.00089513393159,                 0.000752213387893878
         749,3057.72129646667,           1.00092948824002,                 0.000601610511338854
         750,3057.72042437778,           1.00066309906339,                 0.000751812997042368
         751,3057.71955228889,           1.00084781942048,                 0.000150322592283039
         752,    3057.7186802,           1.00058159368693,                -0.000601130425765652
         753,3057.71780811111,           1.00076623747352,                 -0.00165266906053276
         754,3057.71693602222,           1.00080058038323,                 -0.00255344587520859
         755,3057.71606393333,           1.00083490503706,                 -0.00330358108189277
         756,3057.71519184444,           1.00072059088453,                 -0.00405332372545487
         757,3057.71431975556,           1.00060483538122,                 -0.00435241341323764
         758,3057.71344766667,           1.00064068611932,                 -0.00390113327921761
         759,3057.71257557778,           1.00067501687542,                  -0.0034500862521563
         760,3057.71170348889,           1.00041090179447,                 -0.00284931901275595
         761,    3057.7108314,           1.00044677527204,                 -0.00179909505518724
         762,3057.70995931111,            1.0006325148611,                 -0.00104919526723003
         763,3057.70908722222,           1.00036861995283,                -0.000449536527839797
         764,3057.70821513333,           1.00040447620332,                -0.000449418003685228
         765,3057.70734304444,           1.00029054703717,                -0.000599066056018667
         766,3057.70647095556,           1.00032790272519,                 -0.00134754544597017
         767,3057.70559886667,           1.00051342924331,                 -0.00104781478227157
         768,3057.70472677778,           1.00040105831508,                -0.000748243125142166
         769,3057.70385468889,           1.00013764048306,                -0.000748046103577456
         770,    3057.7029826,           1.00002542691035,                -0.000897420365160347
         771,3057.70211051111,           1.00006280298703,                  -0.0010467164504948
         772,3057.70123842222,          0.999950667705136,                 -0.00119593442093603
         773,3057.70036633333,           1.00013749648786,                  -0.0014945270419723
         774,3057.69949424444,           1.00017481394268,                  -0.0019423771409105
         775,3057.69862215556,           1.00006273731885,                 -0.00164312025549026
         776,3057.69775006667,          0.999801383743035,                  -0.0010453487208665
         777,3057.69687797778,           1.00013884596608,                -0.000447890213150952
         778,3057.69600588889,          0.999877608652173,                  0.00074628870626375
         779,    3057.6951338,          0.999916437366822,                  0.00149218987817762
         780,3057.69426171111,           0.99980457415814,                  0.00208852044736108
         781,3057.69338962222,            0.9998434016152,                  0.00253540242056361
         782,3057.69251753333,          0.999882208925581,                  0.00357846302031225
         783,3057.69164544444,          0.999920996104959,                  0.00447191858723148
         784,3057.69077335556,          0.999810737868968,                  0.00491783490083111
         785,3057.68990126667,          0.999700536798962,                    0.005810480020143
         786,3057.68902917778,          0.999888288959225,                  0.00610687022900763
         787,3057.68815708889,          0.999927034363836,                  0.00595637846233112
         788,     3057.687285,          0.999816888806845,                  0.00535935199479547
         789,3057.68641291111,            1.0000059533023,                  0.00401847905032922
         790,3057.68554082222,          0.999449462109602,                  0.00267829243977562
         791,3057.68466873333,          0.999787279302276,                  0.00119004586139238
         792,3057.68379664444,          0.999974718069293,                -0.000297434478902229
         793,3057.68292455556,           1.00001486789872,                 -0.00193282683358361
         794,3057.68205246667,           0.99990635632459,                 -0.00312145584700704
         795,3057.68118037778,          0.999946503084989,                 -0.00416087116754045
         796,3057.68030828889,          0.999986629208642,                 -0.00401123740731442
         797,    3057.6794362,           1.00002673471146,                 -0.00326757584489115
         798,3057.67856411111,          0.999918331588599,                  -0.0026727843731207
         799,3057.67769202222,           0.99995843403184,                 -0.00178139863544865
         800,3057.67681993333,          0.999850104110858,                 -0.00133570594285256
         801,3057.67594784444,             1.000040060952,                 -0.00103861727398575
         802,3057.67507575556,          0.999783429702171,                -0.000741679102152946
         803,3057.67420366667,          0.999823525660704,                -0.000741488820573052
         804,3057.67333157778,           0.99956856355385,                -0.000444779841391509
         805,3057.67245948889,          0.999610175747003,                 0.000444666448286033
         806,    3057.6715874,          0.999946653705493,                  0.00148184151408639
         807,3057.67071531111,           1.00013629468095,                   0.0019259031004077
         808,3057.66984322222,          0.999733404425487,                  0.00266595574513463
         809,3057.66897113333,          0.999774932183513,                  0.00296141863798434
         810,3057.66809904444,          0.999816438794181,                  0.00296066460999165
         811,3057.66722695556,          0.999709928725344,                  0.00340389761075987
         812,3057.66635486667,          0.999751430752751,                   0.0035509892464209
         813,3057.66548277778,          0.999792911662032,                  0.00384592627655168
         814,3057.66461068889,          0.999983732888107,                  0.00384495372006667
         815,    3057.6637386,           0.99972944322965,                  0.00369613074249353
         816,3057.66286651111,          0.999770898153143,                  0.00325176814893098
         817,3057.66199442222,          0.999813809429518,                  0.00265986529259996
         818,3057.66112233333,           1.00000295465491,                  0.00265918941997169
         819,3057.66025024444,          0.999898090150339,                   0.0029539086858208
         820,3057.65937815555,          0.999940936743252,                  0.00295316283739885
         821,3057.65850606667,          0.999982285521957,                  0.00310003365750828
         822,3057.65763397778,           1.00002508917727,                  0.00295166791374636
         823,3057.65676188889,          0.999772778913883,                  0.00250828471687367
         824,    3057.6558898,           1.00011063170705,                  0.00221263414094479
         825,3057.65501771111,           1.00000589886978,                  0.00162218918855147
         826,3057.65414562222,            1.0000486534064,                  0.00147434564854254
         827,3057.65327353333,            1.0000913863905,                  0.00044219221211076
         828,3057.65240144444,           1.00028293211987,                -0.000294720958196779
         829,3057.65152935556,          0.999883614549065,                 -0.00162055691174889
         830,3057.65065726667,          0.999926356874586,                 -0.00265115251491273
         831,3057.64978517778,           1.00011632684014,                  -0.0033867307887696
         832,3057.64891308889,           1.00001324910826,                 -0.00368030785039107
         833,     3057.648041,           1.00020310186589,                   -0.003679381628406
         834,3057.64716891111,           1.00024719259835,                 -0.00323704593073899
         835,3057.64629682222,           1.00014415962295,                 -0.00323623643354977
         836,3057.64542473333,           1.00018677212183,                 -0.00308835792009389
         837,3057.64455264444,           1.00008380590552,                 -0.00323461389737158
         838,3057.64368055556,           1.00012788231299,                 -0.00308681445158332
         839,3057.64280846667,           1.00046584558321,                 -0.00352690662367759
         840,3057.64193637778,           1.00050980455533,                 -0.00367294348221487
         841,3057.64106428889,           1.00055374157454,                 -0.00411266951909674
         842,    3057.6401922,            1.0003039678822,                 -0.00499270917615893
         843,3057.63932011111,           1.00034793434171,                 -0.00557869408643746
         844,3057.63844802222,             1.000391878861,                  -0.0058708443595129
         845,3057.63757593333,           1.00028906695935,                 -0.00630958337674229
         846,3057.63670384444,            1.0001863063375,                 -0.00601461404515068
         847,3057.63583175556,           1.00052358094165,                 -0.00557313047138417
         848,3057.63495966667,           1.00027565497381,                 -0.00513187451247192
         849,3057.63408757778,           1.00046615126169,                 -0.00410447651799666
         850,3057.63321548889,           1.00021836269017,                  -0.0030775949621236
         851,    3057.6323434,           1.00026226299264,                 -0.00205121893685322
         852,3057.63147131111,            1.0003076066736,                 -0.00175775242057156
         853,3057.63059922222,            1.0004979058665,                  -0.0013179861172129
         854,3057.62972713333,           1.00025035540219,                 -0.00146406667945285
         855,3057.62885504444,           1.00014929786094,                 -0.00161007497094547
         856,3057.62798295556,           1.00019316093232,                 -0.00219501059458447
         857,3057.62711086667,           1.00023846551101,                 -0.00292595719032035
         858,3057.62623877778,           1.00028374769272,                 -0.00380280412926024
         859,3057.62536668889,           1.00018278194114,                 -0.00350941326996893
         860,    3057.6244946,           1.00037424493161,                 -0.00365473566027916
         861,3057.62362251111,            1.0002733067042,                 -0.00306921967282118
         862,3057.62275042222,           1.00017241832778,                 -0.00219175840393231
         863,3057.62187833333,           1.00007157976542,                 -0.00102256807746976
         864,3057.62100624445,           1.00011683607898,                -0.000146045098726487
         865,3057.62013415556,           1.00001606099675,                  0.00131408155190111
         866,3057.61926206667,           1.00035325476091,                  0.00189764954208257
         867,3057.61838997778,           1.00010653403908,                  0.00248092967731861
         868,3057.61751788889,           1.00015319633204,                  0.00218851902917296
         869,    3057.6166458,           1.00005251150877,                  0.00175038362574464
         870,3057.61577371111,           1.00024353502019,                  0.00160412288747953
         871,3057.61490162222,          0.999998542063651,                   0.0010205554445904
         872,3057.61402953333,           1.00004372731645,                 0.000728788607576486
         873,3057.61315744444,          0.999944625625512,                 0.000437166114380142
         874,3057.61228535556,          0.999989801968803,                                    0
         875,3057.61141326667,          0.999745111604704,                 -0.00072825255798711
         876,3057.61054117778,           0.99979031487716,                 -0.00116491734911408
         877,3057.60966908889,           0.99983695145812,                 -0.00145579055250163
         878,     3057.608797,           1.00002910869186,                  -0.0021831518891541
         879,3057.60792491111,           1.00007420891118,                 -0.00218261503472541
         880,3057.60705282222,           1.00012074184956,                 -0.00247302583439164
         881,3057.60618073333,          0.999876378920424,                 -0.00290873128413214
         882,3057.60530864444,          0.999922937449928,                 -0.00319882283319738
         883,3057.60443655556,          0.999822654312553,                 -0.00421559420980867
         884,3057.60356446667,          0.999578543504483,                 -0.00523187373744714
         885,3057.60269237778,          0.999770434924113,                 -0.00595706842492205
         886,3057.60182028889,          0.999962232687319,                 -0.00653665027177939
         887,    3057.6009482,          0.999718266496659,                 -0.00711594931120515
         888,3057.60007611111,          0.999909983419527,                 -0.00740458968409988
         889,3057.59920402222,           0.99937584369965,                 -0.00783824191136981
         890,3057.59833193333,          0.999567550624149,                 -0.00754609649135537
         891,3057.59745984444,          0.999614082226601,                 -0.00696392974555542
         892,3057.59658775555,          0.999370498118747,                 -0.00551176762387698
         893,3057.59571566667,          0.999708527104804,                 -0.00478537589127626
         894,3057.59484357778,           0.99932006222373,                 -0.00376937786418352
         895,3057.59397148889,          0.999221668065345,                  -0.0027538746291328
         896,    3057.5930994,          0.999123321813347,                  -0.0017388658247658
         897,3057.59222731111,          0.999314763868788,                 -0.00144870218015191
         898,3057.59135522222,          0.999217890041133,                -0.000869011065407566
         899,3057.59048313333,          0.999264416282464,                -0.000434399833190464
         900,3057.58961104444,          0.999021390436263,                 0.000144764728363464
         901,3057.58873895555,          0.999214117517653,                 0.000578918955688096
         902,3057.58786686667,          0.999115916256578,                 0.000578778228099394
         903,3057.58699477778,          0.999019207901886,                  0.00028931920298346
         904,3057.58612268889,          0.999210350482901,                -0.000289248907362252
         905,    3057.5852506,          0.999112221557111,                -0.000144589322946036
         906,3057.58437851111,          0.998871029993596,                -0.000289108836467032
         907,3057.58350642222,          0.998773030960374,                 0.000144519321510689
         908,3057.58263433333,          0.998821006883239,                 0.000288968901166856
         909,3057.58176224444,          0.998578618023817,                 0.000288898775646989
         910,3057.58089015556,          0.998771032174118,                 0.000577658202529854
         911,3057.58001806667,          0.998530214346148,                  0.00072189865120456
         912,3057.57914597778,          0.998576761077735,                  0.00101041302797689
         913,3057.57827388889,          0.998480416420738,                 0.000865859589322797
         914,    3057.5774018,          0.998382677771991,                  0.00115419962748207
         915,3057.57652971111,          0.998286426420189,                   0.0014424020032079
         916,3057.57565762222,           0.99819022142749,                  0.00129784917550526
         917,3057.57478553333,          0.998236794339288,                  0.00100919375510904
         918,3057.57391344444,          0.998284783580046,                                    0
         919,3057.57304135556,          0.998476850871164,                -0.000864606884864624
         920,3057.57216926667,          0.998524759264915,                 -0.00201693069249875
         921,3057.57129717778,          0.998283143115577,                 -0.00216047426731116
         922,3057.57042508889,          0.998331074980668,                 -0.00201595774552565
         923,     3057.569553,          0.998091059073516,                  -0.0021594354371993
         924,3057.56868091111,           0.99813901406606,                  -0.0024467719162398
         925,3057.56780882222,          0.998043052837573,                 -0.00230229077932543
         926,3057.56693673333,          0.998233418881127,                 -0.00273330954874498
         927,3057.56606464444,          0.997993657368455,                 -0.00359559611387972
         928,3057.56519255555,           0.99789780031116,                 -0.00416988994366335
         929,3057.56432046667,          0.997801989278768,                  -0.0050314176090991
         930,3057.56344837778,          0.997993664809801,                 -0.00617997229072889
         931,3057.56257628889,          0.998041562554331,                 -0.00660954677188299
         932,    3057.5617042,          0.997945785988249,                 -0.00617700716820134
         933,3057.56083211111,          0.997706438488174,                  -0.0051702075407477
         934,3057.55996002222,          0.997754370649452,                 -0.00430747317880034
         935,3057.55908793333,          0.997658731810672,                 -0.00330160443620798
         936,3057.55821584444,           0.99756170717811,                 -0.00272675477433234
         937,3057.55734375555,           0.99760963949461,                 -0.00258262239477966
         938,3057.55647166666,           0.99765754884649,                  -0.0017213358139695
         939,3057.55559957778,          0.997418614656532,                 -0.00157751326545246
         940,3057.55472748889,          0.997323170845359,                 -0.00114700767204757
         941,    3057.5538554,          0.997227772728967,                -0.000860049825553227
         942,3057.55298331111,          0.997419034939761,                -0.000429921997818862
         943,3057.55211122222,          0.997466932581436,                 0.000143273044036403
         944,3057.55123913333,          0.997228329764301,                  0.00042971631561231
         945,3057.55036704445,           0.99742088297167,                 0.000572818884692991
         946,3057.54949495555,            0.9970392344388,                 0.000429511445048306
         947,3057.54862286667,          0.997087177138277,                 0.000858817551368025
         948,3057.54775077778,          0.996848892819425,                  0.00100171436258053
         949,3057.54687868889,          0.997039925948075,                  0.00200295005930163
         950,    3057.5460066,          0.996944800439399,                  0.00286067374588063
         951,3057.54513451111,          0.997135719423483,                  0.00257399153156786
         952,3057.54426242222,          0.997040616466753,                   0.0034311693139091
         953,3057.54339033333,           0.99708849017419,                  0.00300155652145327
         954,3057.54251824445,          0.996850546724511,                  0.00257214877308504
         955,3057.54164615556,          0.996469853751084,                  0.00171435673763627
         956,3057.54077406667,          0.996803487312501,                 0.000285657970285858
         957,3057.53990197778,          0.996995590486417,                -0.000713975644862802
         958,3057.53902988889,          0.996900656843752,                 -0.00199865519057891
         959,    3057.5381578,          0.996948495514089,                 -0.00328272231880086
         960,3057.53728571111,          0.996710925293056,                 -0.00442348442148672
         961,3057.53641362222,          0.996758786370925,                 -0.00456508961841557
         962,3057.53554153333,          0.996521374506339,                 -0.00385087693025206
         963,3057.53466944445,          0.996711849035941,                 -0.00299441328036549
         964,3057.53379735556,           0.99661711854911,                 -0.00171068594229571
         965,3057.53292526667,          0.996523853434601,                 -0.00114018747532563
         966,3057.53205317778,          0.996429212631411,                -0.000284979039791623
         967,3057.53118108889,          0.996334616858483,                 0.000712278107562542
         968,     3057.530309,          0.996524909562196,                  0.00170906087105136
         969,3057.52943691111,          0.996287948148032,                  0.00284775746219246
         970,3057.52856482222,          0.996335807446254,                  0.00327414253054206
         971,3057.52769273333,          0.996385062051691,                  0.00370033018330866
         972,3057.52682064444,          0.996290589023729,                  0.00355716434241549
         973,3057.52594855555,          0.996622919197581,                  0.00327181375129094
         974,3057.52507646667,          0.996243996581056,                  0.00241772276115317
         975,3057.52420437778,          0.996433994778959,                  0.00156403737764962
         976,3057.52333228889,           0.99619744838125,                  0.00142151462383169
         977,    3057.5224602,           0.99638878348476,                  0.00184753304597089
         978,3057.52158811111,          0.996436528144039,                  0.00241543148131309
         979,3057.52071602222,          0.996342199651976,                  0.00284100997904755
         980,3057.51984393333,          0.996105899094217,                   0.0032663866095191
         981,3057.51897184444,          0.996153676866262,                   0.0032656121105935
         982,3057.51809975555,          0.996202846091061,                  0.00326484261329359
         983,3057.51722766667,          0.996392494344646,                  0.00312215280951178
         984,3057.51635557778,          0.996156405494254,                  0.00269576580321761
         985,3057.51548348889,           0.99620412609791,                  0.00241142960895123
         986,    3057.5146114,          0.996251824098091,                  0.00198541288788232
         987,3057.51373931111,           0.99601593625498,                  0.00170137953523982
         988,3057.51286722222,          0.996065068124217,                 0.000708741332093508
         989,3057.51199513333,          0.996254479956579,                 0.000141714719766227
         990,3057.51112304445,          0.996160439778411,                 0.000141681188988538
         991,3057.51025095555,          0.996066444090955,                -0.000141647674074368
         992,3057.50937886667,          0.996255721212671,                -0.000424842525037386
         993,3057.50850677778,                          1,                                    0
         994,3057.50763468889,                          1,                                    0
         995,    3057.5067626,                          1,                                    0
         996,3057.50589051111,                          1,                                    0
         997,3057.50501842222,                          1,                                    0
         998,3057.50414633333,                          1,                                    0
         999,3057.50327424444,                          1,                                    0
        1000,3057.50240215556,                          1,                                    0
        1001,3057.50153006667,                          1,                                    0
        1002,3057.50065797778,                          1,                                    0
        1003,3057.49978588889,                          1,                                    0
        1004,    3057.4989138,                          1,                                    0
        1005,3057.49804171111,                          1,                                    0
        1006,3057.49716962222,                          1,                                    0
        1007,3057.49629753333,                          1,                                    0
        1008,3057.49542544444,                          1,                                    0
        1009,3057.49455335555,                          1,                                    0
        1010,3057.49368126667,                          1,                                    0
        1011,3057.49280917778,                          1,                                    0
        1012,3057.49193708889,                          1,                                    0
        1013,     3057.491065,                          1,                                    0
        1014,3057.49019291111,                          1,                                    0
        1015,3057.48932082222,                          1,                                    0
        1016,3057.48844873333,                          1,                                    0
        1017,3057.48757664445,                          1,                                    0
        1018,3057.48670455555,                          1,                                    0
        1019,3057.48583246667,                          1,                                    0
        1020,3057.48496037778,                          1,                                    0
        1021,3057.48408828889,                          1,                                    0
        1022,    3057.4832162,                          1,                                    0
        1023,3057.48234411111,                          1,                                    0
