"SCAN INDEX",      WAVENUMBER,"SCIENCE DIRECT ABSORPTION","SCIENCE HARMONIC ABSORPTION SPECTRA"
           0,3058.39122071052,                          1,                                    0
           1,3058.39032610526,                          1,                                    0
           2,3058.38943149999,                          1,                                    0
           3,3058.38853689474,                          1,                                    0
           4,3058.38764228947,                          1,                                    0
           5,3058.38674768421,                          1,                                    0
           6,3058.38585307894,                          1,                                    0
           7,3058.38495847368,                          1,                                    0
           8,3058.38406386842,                          1,                                    0
           9,3058.38316926315,                          1,                                    0
          10,3058.38227465789,                          1,                                    0
          11,3058.38138005263,                          1,                                    0
          12,3058.38048544736,                          1,                                    0
          13, 3058.3795908421,                          1,                                    0
          14,3058.37869623684,                          1,                                    0
          15,3058.37780163157,                          1,                                    0
          16,3058.37690702632,                          1,                                    0
          17,3058.37601242105,                          1,                                    0
          18,3058.37511781578,                          1,                                    0
          19,3058.37422321052,                          1,                                    0
          20,3058.37332860526,                          1,                                    0
          21,     3058.372434,                          1,                                    0
          22,3058.37153939473,                          1,                                    0
          23,3058.37064478947,                          1,                                    0
          24, 3058.3697501842,                          1,                                    0
          25,3058.36885557895,                          1,                                    0
          26,3058.36796097368,                          1,                                    0
          27,3058.36706636842,                          1,                                    0
          28,3058.36617176315,                          1,                                    0
          29,3058.36527715789,                          1,                                    0
          30,3058.36438255263,                          1,                                    0
          31,3058.36348794736,                          1,                                    0
          32,3058.36259334211,                          1,                                    0
          33,3058.36169873684,                          1,                                    0
          34,3058.36080413157,                          1,                                    0
          35,3058.35990952631,                          1,                                    0
          36,3058.35901492105,                          1,                                    0
          37,3058.35812031579,                          1,                                    0
          38,3058.35722571053,                          1,                                    0
          39,3058.35633110526,                          1,                                    0
          40,3058.35543649999,                          1,                                    0
          41,3058.35454189473,                          1,                                    0
          42,3058.35364728947,                          1,                                    0
          43,3058.35275268421,                          1,                                    0
          44,3058.35185807894,                          1,                                    0
          45,3058.35096347368,                          1,                                    0
          46,3058.35006886841,                          1,                                    0
          47,3058.34917426315,                          1,                                    0
          48,3058.34827965789,                          1,                                    0
          49,3058.34738505263,                          1,                                    0
          50,3058.34649044737,                          1,                                    0
          51, 3058.3455958421,                          1,                                    0
          52,3058.34470123683,                          1,                                    0
          53,3058.34380663157,                          1,                                    0
          54,3058.34291202632,                          1,                                    0
          55,3058.34201742105,                          1,                                    0
          56,3058.34112281579,                          1,                                    0
          57,3058.34022821052,                          1,                                    0
          58,3058.33933360526,                          1,                                    0
          59,     3058.338439,                          1,                                    0
          60,3058.33754439473,                          1,                                    0
          61,3058.33664978947,                          1,                                    0
          62,3058.33575518421,                          1,                                    0
          63,3058.33486057894,                          1,                                    0
          64,3058.33396597368,                          1,                                    0
          65,3058.33307136841,                          1,                                    0
          66,3058.33217676316,                          1,                                    0
          67,3058.33128215789,                          1,                                    0
          68,3058.33038755263,                          1,                                    0
          69,3058.32949294736,                          1,                                    0
          70, 3058.3285983421,                          1,                                    0
          71,3058.32770373684,          0.984835228356334,                -0.000393226284031277
          72,3058.32680913158,          0.989423874296988,                 -0.00117905526232015
          73,3058.32591452631,          0.993612909308026,                 -0.00137483501979762
          74,3058.32501992105,          0.996030795686091,                 -0.00255191177452093
          75,3058.32412531578,          0.998055684718781,                  -0.0023543676462798
          76,3058.32323071052,           0.99889991587592,                 -0.00274530797453139
          77,3058.32233610526,          0.998567315588429,                  -0.0029398448937834
          78,3058.32144149999,          0.998041136141038,                 -0.00254652301665034
          79,3058.32054689473,          0.997121992286156,                 -0.00215361121444094
          80,3058.31965228947,          0.996203819661866,                -0.000782717595491547
          81,3058.31875768421,          0.995288563275827,                  0.00097788225906448
          82,3058.31786307894,          0.994567798912778,                  0.00273662523285749
          83,3058.31696847369,          0.994045107141183,                  0.00371203951173005
          84,3058.31607386842,          0.993911559445284,                  0.00468641992665753
          85,3058.31517926315,          0.993582987891988,                  0.00546460885110502
          86,3058.31428465789,          0.993841886485506,                  0.00526667928068865
          87,3058.31339005263,          0.993903615914155,                  0.00487398791640916
          88,3058.31249544737,          0.993965280389402,                  0.00370228196969195
          89, 3058.3116008421,            0.9944183256535,                  0.00233705834466157
          90,3058.31070623684,          0.994285002413691,                 0.000583957519037015
          91,3058.30981163157,          0.994348304004825,                 -0.00116730382000175
          92,3058.30891702631,           0.99460405425113,                 -0.00213893345000243
          93,3058.30802242105,           0.99466518963356,                 -0.00272085046011525
          94,3058.30712781578,          0.994533948183227,                 -0.00291367367631805
          95,3058.30623321052,          0.994400913249101,                 -0.00271800327713538
          96,3058.30533860526,          0.994463988761102,                 -0.00271658455466447
          97,3058.30444399999,          0.994331129526805,                 -0.00174546131572874
          98,3058.30354939473,          0.994779925294586,                  -0.0011630318690116
          99,3058.30265478946,          0.994648966797246,                -0.000581212875027608
         100,3058.30176018421,           0.99470985531493,                 0.000193636335471078
         101,3058.30086557895,          0.994579069906967,                -0.000193535526348894
         102,3058.29997097368,          0.994639931446832,                                    0
         103,3058.29907636841,          0.994700729447202,                -0.000193333475111215
         104,3058.29818176314,          0.994763386214759,                                    0
         105,3058.29728715789,           0.99443779211248,                -0.000579396654949979
         106,3058.29639255263,          0.995079616020878,                -0.000965159666363607
         107,3058.29549794736,          0.994754195775189,                -0.000964656900480206
         108, 3058.2946033421,          0.994623863259466,                 -0.00115698782077487
         109,3058.29370873684,          0.995262673024219,                 -0.00134911671401424
         110,3058.29281413159,          0.994939581258536,                 -0.00134841763190895
         111,3058.29191952631,          0.994614909212029,                -0.000385061908328311
         112,3058.29102492105,          0.994869781744428,                 0.000384862584814092
         113,3058.29013031578,          0.995122476612506,                  0.00173098227474151
         114,3058.28923571053,          0.994992358781634,                  0.00326794244576657
         115,3058.28834110526,          0.995052596186176,                  0.00365051155194774
         116,    3058.2874465,          0.995114682070269,                  0.00460879049974652
         117,3058.28655189474,          0.995174793767538,                  0.00479833555336325
         118,3058.28565728946,          0.995044918019579,                  0.00498769382465954
         119,3058.28476268421,          0.995106911678989,                  0.00594379850906525
         120,3058.28386807894,          0.995358570547045,                  0.00613235931026289
         121,3058.28297347368,          0.995228801109385,                  0.00689534966126595
         122,3058.28207886841,          0.995288698811741,                  0.00708322405386313
         123,3058.28118426315,          0.995350439125194,                  0.00669689837935059
         124,3058.28028965789,          0.995220874394482,                   0.0051635210623849
         125,3058.27939505263,          0.995471826503482,                  0.00324942800509969
         126,3058.27850044736,          0.995342332807324,                 0.000573133780887135
         127, 3058.2776058421,          0.995594865067681,                -0.000954732321698965
         128,3058.27671123685,          0.995654389410222,                 -0.00229017685890793
         129,3058.27581663158,          0.995715751765393,                 -0.00362425273631082
         130,3058.27492202631,          0.995777051180615,                 -0.00476630792255703
         131,3058.27402742104,          0.995838287752675,                 -0.00514497393213208
         132,3058.27313281578,          0.995899461578165,                 -0.00552325193837575
         133,3058.27223821053,          0.995958676852146,                 -0.00552041315533491
         134,3058.27134360526,          0.996209987975464,                 -0.00513706449108814
         135,     3058.270449,          0.996080713344401,                 -0.00475410802474418
         136,3058.26955439473,          0.996331705091897,                 -0.00418147606104955
         137,3058.26865978947,          0.996202500384689,                 -0.00322948941772306
         138, 3058.2677651842,          0.996263300599239,                 -0.00246834818139701
         139,3058.26687057895,          0.996324038737079,                 -0.00132843205164944
         140,3058.26597597368,          0.996195035716589,                                    0
         141,3058.26508136842,          0.996255746717854,                  0.00113749466799374
         142,3058.26418676315,          0.996126910016978,                   0.0022738297356294
         143,3058.26329215789,           0.99599820458966,                  0.00303022842240627
         144,3058.26239755263,          0.996437508754794,                  0.00302868543694466
         145,3058.26150294736,          0.996119579756731,                  0.00321634052343104
         146, 3058.2606083421,          0.996371159130062,                  0.00283650927822185
         147,3058.25971373684,          0.996431595500181,                  0.00245705818313778
         148,3058.25881913157,          0.996303062016749,                  0.00188908430416524
         149,3058.25792452631,          0.996363471581833,                  0.00151049986216689
         150,3058.25702992105,          0.996614417223067,                  0.00188716988680755
         151,3058.25613531579,          0.996863228856031,                  0.00226345482427103
         152,3058.25524071052,          0.996546211389961,                  0.00301640926640927
         153,3058.25434610526,          0.996985114000377,                  0.00376860749952892
         154,    3058.2534515,          0.996668355403046,                  0.00433170298077666
         155,3058.25255689473,          0.997106752729949,                  0.00414127781009229
         156,3058.25166228948,          0.996978397233521,                  0.00357474798026739
         157,3058.25076768421,           0.99685204616999,                  0.00319684678077529
         158,3058.24987307894,          0.997101732569985,                  0.00281932629378884
         159,3058.24897847368,          0.996973573719123,                  0.00225432125205002
         160,3058.24808386841,          0.997222947205954,                  0.00150212456743507
         161,3058.24718926316,          0.997096727578461,                  0.00168904019352647
         162,3058.24629465789,          0.996968764771644,                  0.00150061149918592
         163,3058.24540005263,          0.997405246501582,                  0.00168733970272824
         164,3058.24450544736,          0.997091737686732,                    0.001873880356487
         165, 3058.2436108421,          0.997153131555289,                  0.00224752771950854
         166,3058.24271623684,          0.997027263809745,                  0.00205920013178881
         167,3058.24182163157,          0.997462840720284,                   0.0020581675572919
         168,3058.24092702632,          0.997336943918732,                  0.00243116074834868
         169,3058.24003242105,          0.997211173251189,                  0.00205610551185812
         170,3058.23913781578,          0.997459178716885,                  0.00186825094346673
         171,3058.23824321052,          0.997520204359063,                  0.00130712119627732
         172,3058.23734860526,          0.997583030823356,                    0.001679746918131
         173,     3058.236454,          0.998017024118434,                  0.00205199761968276
         174,3058.23555939473,          0.997704775595668,                   0.0031696843926605
         175,3058.23466478947,          0.997767416203564,                  0.00316810722365719
         176, 3058.2337701842,          0.997828135884932,                  0.00298025950609649
         177,3058.23287557894,          0.997890652780596,                  0.00316495169725189
         178,3058.23198097368,          0.998137331341028,                  0.00260513099156868
         179,3058.23108636842,          0.998013644107516,                  0.00204587217390657
         180,3058.23019176316,          0.998074120341453,                  0.00130127003955861
         181,3058.22929715789,          0.998322194413632,                 0.000743213991746609
         182,3058.22840255262,           0.99819859973629,                 0.000557134102178394
         183,3058.22750794737,          0.998446366223222,                                    0
         184, 3058.2266133421,          0.998508359863749,                 -0.00018552738013076
         185,3058.22571873684,          0.998755727639721,                                    0
         186,3058.22482413158,          0.998632163072851,                 0.000556031271198692
         187,3058.22392952631,           0.99869397282352,                 0.000926260408851344
         188,3058.22303492105,          0.998755721459361,                  0.00203676546830793
         189,3058.22214031578,          0.998817409070972,                  0.00222082803573312
         190,3058.22124571053,          0.998879035748771,                  0.00221973119055282
         191,3058.22035110526,          0.999125487868686,                  0.00221863542827984
         192,    3058.2194565,          0.999003952773687,                  0.00166315863391846
         193,3058.21856189473,           0.99888069212384,                  0.00184704269993314
         194,3058.21766728947,          0.998944010397436,                 0.000923067834409015
         195,3058.21677268421,          0.999005423119576,                 0.000369045224647054
         196,3058.21587807895,          0.999068617958152,                 0.000184432087494582
         197,3058.21498347368,           0.99894740917026,                                    0
         198,3058.21408886842,          0.999194821801351,                -0.000552753912115813
         199,3058.21319426315,          0.999255990747766,                  -0.0011049642359909
         200,3058.21229965789,          0.999318939017432,                 -0.00147256428663464
         201,3058.21140505263,          0.999565806128757,                 -0.00202378499308233
         202,3058.21051044737,          0.999628541270536,                  -0.0020227950614378
         203, 3058.2096158421,          0.999325450725738,                 -0.00147040713735624
         204,3058.20872123684,          0.999755664271687,                -0.000734844295679299
         205,3058.20782663157,          0.999634593526613,                 0.000183621343410473
         206,3058.20693202631,          0.999880704394667,                 0.000367063401025942
         207,3058.20603742105,          0.999944967255517,                 0.000917212408049456
         208,3058.20514281579,           1.00000733412053,                 0.000366706026446839
         209,3058.20424821052,          0.999888208979568,                  0.00036652793584295
         210,3058.20335360526,          0.999769199488575,                -0.000915875045335815
         211,3058.20245899999,          0.999831561062776,                 -0.00109851480797961
         212,3058.20156439474,           1.00007868871659,                -0.000731988061274721
         213,3058.20066978947,           1.00014266848599,                -0.000548724946133501
         214,3058.19977518421,          0.999840946859797,                   0.0003656394027646
         215,3058.19888057894,          0.999904979789932,                 0.000182731173207224
         216,3058.19798597367,          0.999968950735776,                 0.000730570922911983
         217,3058.19709136842,           1.00003468539435,                 0.000365109414163689
         218,3058.19619676315,           1.00009853187506,                                    0
         219, 3058.1953021579,          0.999981762141854,                -0.000364757162918787
         220,3058.19440755263,           1.00004557261997,                -0.000911452399398441
         221,3058.19351294737,           1.00011114370517,                 -0.00145762236284229
         222, 3058.1926183421,          0.999992715405461,                 -0.00109268918092019
         223,3058.19172373684,           1.00024027609908,                -0.000728109391154927
         224,3058.19082913158,           1.00030565905915,                -0.000181939916162087
         225,3058.18993452632,           1.00018912667123,                 0.000363705136971355
         226,3058.18903992105,           1.00025447142649,                 0.000908826523193253
         227,3058.18814531578,           1.00013807537462,                  0.00145342499600308
         228,3058.18725071052,            1.0000236068765,                  0.00217909629244925
         229,3058.18635610526,           1.00008893712871,                  0.00235955647598425
         230,    3058.1854615,           1.00015420480212,                  0.00199559155683354
         231,3058.18456689474,           1.00022122369342,                  0.00181330896246088
         232,3058.18367228947,           1.00046942315325,                 0.000181244460716169
         233,3058.18277768421,           1.00089673100787,                -0.000724631117471762
         234,3058.18188307895,           1.00060115740908,                 -0.00144857207008192
         235,3058.18098847368,           1.00048685051155,                 -0.00199083852308739
         236,3058.18009386842,           1.00055355159426,                 -0.00235168977955622
         237,3058.17919926316,           1.00080100242832,                 -0.00271219783855914
         238,3058.17830465789,           1.00086929962644,                 -0.00271091359595459
         239,3058.17741005263,           1.00057444064294,                 -0.00270962567424519
         240,3058.17651544736,            1.0008215294893,                 -0.00180555931713747
         241,3058.17562084211,           1.00088971985555,                 -0.00108282335361221
         242,3058.17472623684,           1.00095784576699,                -0.000541155800558834
         243,3058.17383163158,           1.00120440219821,                 0.000180299730271604
         244,3058.17293702631,            1.0009118858737,                 0.000360429199090277
         245,3058.17204242104,           1.00116003429667,                 0.000360259098343529
         246,3058.17114781579,              1.00104785945,                                    0
         247,3058.17025321052,            1.0012975116929,                -0.000719840051540548
         248,3058.16935860526,           1.00100550238245,                 -0.00107925121550668
         249,3058.16846399999,           1.00125313959112,                 -0.00125853330528602
         250,3058.16756939474,           1.00132263722361,                  -0.0025158860231749
         251,3058.16667478947,            1.0013920696933,                 -0.00287395033454578
         252,3058.16578018421,           1.00128010168999,                 -0.00305213586672579
         253,3058.16488557895,           1.00117003560354,                 -0.00323015964166762
         254,3058.16399097368,           1.00123944187448,                 -0.00215243161993797
         255,3058.16309636841,            1.0013087831902,                 -0.00125499757964752
         256,3058.16220176315,           1.00137985412971,                -0.000716807340107163
         257,3058.16130715789,           1.00126994703479,                                    0
         258,3058.16041255263,           1.00151821137513,                 0.000716137441097695
         259,3058.15951794737,           1.00141013435646,                 0.000536853181391953
         260, 3058.1586233421,           1.00148102569973,                 0.000178867838131761
         261,3058.15772873684,           1.00155185113671,                -0.000536354079509129
         262,3058.15683413158,           1.00180131238474,                 -0.00142961300375988
         263,3058.15593952632,           1.00151468602416,                 -0.00178618634924944
         264,3058.15504492105,            1.0017639329277,                 -0.00178535721427143
         265,3058.15415031579,           1.00183449565646,                 -0.00124917019408536
         266,3058.15325571052,           1.00155003915231,                 -0.00124859310312844
         267,3058.15236110525,           1.00162063573849,                -0.000713151040041648
         268,    3058.1514665,           1.00169295197363,                -0.000356410941815914
         269,3058.15057189473,           1.00176520148412,                -0.000178123257731885
         270,3058.14967728948,           1.00183738436229,                                    0
         271,3058.14878268421,           1.00173154164153,                 0.000355918117477893
         272,3058.14788807894,           1.00180367351731,                  0.00124513950898813
         273,3058.14699347368,           1.00187752025091,                  0.00213354573966475
         274,3058.14609886842,            1.0019495186626,                  0.00284341828637843
         275,3058.14520426316,           1.00166796634225,                  0.00337501176813314
         276,3058.14430965789,           1.00191754554171,                  0.00372856077554064
         277,3058.14341505263,           1.00181373540759,                  0.00337191514131874
         278,3058.14252044736,           1.00171002029319,                  0.00230604396384123
         279, 3058.1416258421,           1.00178370691887,                   0.0010638411046926
         280,3058.14073123684,           1.00185910171183,                 0.000177226092643168
         281,3058.13983663157,           1.00175550788384,                -0.000354290188464666
         282,3058.13894202631,           1.00200791124112,                -0.000177064483343544
         283,3058.13804742105,           1.00190434388628,                 0.000353967265107323
         284,3058.13715281578,           1.00180264328714,                  0.00123832217958856
         285,3058.13625821052,           1.00170103512054,                  0.00194505055363212
         286,3058.13536360526,           1.00159951926051,                  0.00265113689587218
         287,     3058.134469,           1.00185318990692,                  0.00282660042999659
         288,3058.13357439473,           1.00192827931091,                  0.00229557060822026
         289,3058.13267978947,           1.00182679833735,                  0.00211802705779566
         290,3058.13178518421,           1.00155075411814,                  0.00282276062460636
         291,3058.13089057894,             1.001627644923,                  0.00335051500942553
         292,3058.12999597369,           1.00188072965965,                  0.00405405643599086
         293,3058.12910136842,           1.00160503462893,                  0.00458077940199687
         294,3058.12820676315,           1.00168179696924,                  0.00528313184055508
         295,3058.12731215789,            1.0017602534765,                  0.00528076042950185
         296,3058.12641755262,           1.00166093082505,                  0.00510243579728199
         297,3058.12552294737,           1.00191519333956,                  0.00492428039556041
         298, 3058.1246283421,            1.0019934395798,                  0.00439470806833244
         299,3058.12373373684,            1.0018941457192,                  0.00404131275895151
         300,3058.12283913157,           1.00179846006857,                  0.00386387905356039
         301,3058.12194452632,           1.00205220572616,                   0.0038621493563377
         302,3058.12104992105,           1.00177930322907,                  0.00350947382458948
         303,3058.12015531578,           1.00220998351282,                  0.00368330585470235
         304,3058.11926071053,           1.00193725400819,                  0.00368165920107995
         305,3058.11836610526,           1.00201700169456,                  0.00350478139802225
         306,    3058.1174715,           1.00244700062883,                  0.00297773877523853
         307,3058.11657689473,            1.0021762842791,                  0.00227608170783165
         308,3058.11568228947,           1.00208256768345,                  0.00157505118916365
         309,3058.11478768421,             1.002162109211,                  0.00139942343754373
         310,3058.11389307894,           1.00224333251154,                  0.00174850546495383
         311,3058.11299847368,            1.0021497107503,                  0.00104863939039097
         312,3058.11210386842,            1.0022291168784,                  0.00139756544100177
         313,3058.11120926315,           1.00213733419944,                 0.000698475228576019
         314,3058.11031465789,           1.00221842497063,                 0.000698166788554952
         315,3058.10942005263,           1.00264837346602,                -0.000174464655205502
         316,3058.10852544737,           1.00238213988009,                -0.000523163956096081
         317, 3058.1076308421,           1.00228870446777,                 -0.00104586647422724
         318,3058.10673623684,           1.00237133214505,                 -0.00104540726453508
         319,3058.10584163158,           1.00245388729534,                -0.000870790381597761
         320,3058.10494702631,            1.0021882066628,                 0.000174081675640577
         321,3058.10405242105,           1.00244651936509,                  0.00139204515794492
         322,3058.10315781579,           1.00235500377427,                  0.00243501128801661
         323,3058.10226321053,           1.00261301780086,                  0.00365092307505081
         324,3058.10136860526,           1.00234947380128,                  0.00451821884861882
         325,     3058.100474,           1.00225986149012,                  0.00486365270740439
         326,3058.09957939473,           1.00234395346818,                  0.00486153311919437
         327,3058.09868478947,           1.00225442163412,                  0.00433876373001782
         328,3058.09779018421,           1.00233844274979,                  0.00329602464732536
         329,3058.09689557895,           1.00259752870633,                  0.00156059802116171
         330,3058.09600097368,           1.00268306548898,                -0.000346649287982362
         331,3058.09510636842,            1.0024220290297,                -0.000692998291759211
         332,3058.09421176315,           1.00268074229546,                 -0.00173174566890408
         333,3058.09331715789,           1.00259303239386,                 -0.00121169738031026
         334,3058.09242255263,           1.00267842312164,                 -0.00103814849676098
         335,3058.09152794737,           1.00276547429008,                   0.0005188507110849
         336, 3058.0906333421,           1.00267957472556,                  0.00155588209871208
         337,3058.08973873684,           1.00293935189105,                  0.00259202106794724
         338,3058.08884413158,            1.0026807243483,                  0.00207272501157271
         339,3058.08794952631,           1.00276762483231,                  0.00155387545170296
         340,3058.08705492105,           1.00285618134594,                  0.00051773679986884
         341,3058.08616031579,            1.0027704271564,                -0.000172504804258799
         342,3058.08526571052,           1.00285890658031,                                    0
         343,3058.08437110526,           1.00260259570141,                 0.000861786656095417
         344,    3058.0834765,           1.00269107122552,                  0.00172283689214007
         345,3058.08258189473,           1.00277947117719,                  0.00223873143144488
         346,3058.08168728947,           1.00304165884878,                  0.00258205335210773
         347,3058.08079268421,           1.00278570703447,                  0.00258095154521569
         348,3058.07989807895,            1.0028756785019,                  0.00240786477431427
         349,3058.07900347368,           1.00296557355912,                   0.0017191730777496
         350,3058.07810886842,           1.00271170363038,                 0.000687377346104804
         351,3058.07721426315,           1.00280159197759,                -0.000343542854394514
         352,3058.07631965789,           1.00306482491007,                 -0.00137359099611102
         353,3058.07542505263,            1.0029828614188,                 -0.00223113915100007
         354,3058.07453044737,           1.00273113424417,                 -0.00240175121974651
         355, 3058.0736358421,           1.00282258202807,                 -0.00188629418644132
         356,3058.07274123684,           1.00308536167295,                 -0.00137127185464518
         357,3058.07184663158,           1.00283562782171,                 0.000171337028501915
         358,3058.07095202631,           1.00292691615387,                  0.00171264842239391
         359,3058.07005742105,           1.00284865168385,                  0.00342386019694044
         360,3058.06916281579,            1.0031126953135,                  0.00479139465519926
         361,3058.06826821053,           1.00303441858556,                  0.00496043624471029
         362,3058.06737360526,            1.0029562074372,                  0.00478738046509401
         363,     3058.066479,           1.00304896806787,                  0.00444356332761367
         364,3058.06558439474,           1.00314336476698,                  0.00427087604209375
         365,3058.06468978947,           1.00289444249964,                  0.00426908923250314
         366,3058.06379518421,           1.00281813231737,                   0.0040966187532965
         367,3058.06290057895,           1.00308312844549,                  0.00392429187859265
         368,3058.06200597368,           1.00317735363792,                  0.00375210842911159
         369,3058.06111136842,           1.00327321081523,                  0.00358007432916226
         370,3058.06021676316,           1.00319686993034,                  0.00289695036331166
         371,3058.05932215789,           1.00312230120242,                  0.00255507463373005
         372,3058.05842755263,           1.00321806201154,                  0.00255401746947949
         373,3058.05753294737,           1.00331374361121,                  0.00289335600362861
         374, 3058.0566383421,           1.00340934609967,                  0.00306228691586877
         375,3058.05574373684,            1.0033365190685,                  0.00272091259408406
         376,3058.05484913157,           1.00326375195485,                  0.00254980621472768
         377,3058.05395452632,           1.00352917388105,                  0.00203900272376781
         378,3058.05305992105,           1.00345638752304,                  0.00135877642183214
         379,3058.05216531578,           1.00355343824437,                 0.000169777269200536
         380,3058.05127071052,           1.00348240469208,                -0.000339415661996307
         381,3058.05037610526,            1.0034097270522,                 -0.00118746713260615
         382,    3058.0494815,           1.00384751691873,                 -0.00220439488512559
         383,3058.04858689474,           1.00377645040782,                  -0.0027119931115375
         384,3058.04769228947,           1.00353601157548,                  -0.0033886071638544
         385,3058.04679768421,           1.00380385262866,                 -0.00338722406825934
         386,3058.04590307895,           1.00373459016005,                 -0.00372443261654935
         387,3058.04500847368,           1.00383290886477,                 -0.00372291368763062
         388,3058.04411386842,           1.00359453630482,                  -0.0042288662409608
         389,3058.04321926316,           1.00369452922229,                 -0.00422715013991867
         390,3058.04232465789,           1.00379444101715,                 -0.00439445284836602
         391,3058.04143005263,           1.00338912034925,                 -0.00456162758872366
         392,3058.04053544737,           1.00365795580055,                 -0.00523530146892426
         393, 3058.0396408421,           1.00359064305767,                 -0.00590843944609224
         394,3058.03874623684,           1.00369212908277,                  -0.0060748010502656
         395,3058.03785163158,           1.00345618038934,                 -0.00573499918191923
         396,3058.03695702631,           1.00355763880693,                 -0.00472103727933366
         397,3058.03606242105,           1.00365901548719,                 -0.00421351391892188
         398,3058.03516781579,           1.00325658266042,                 -0.00353793253331132
         399,3058.03427321052,           1.00352809423969,                 -0.00370491996530848
         400,3058.03337860526,           1.00346271229524,                 -0.00370343560988009
         401,     3058.032484,           1.00322911215401,                 -0.00403849357458845
         402,3058.03158939473,           1.00350030865288,                 -0.00370047046435858
         403,3058.03069478947,           1.00326856727801,                 -0.00353085971389948
         404,3058.02980018421,           1.00337146256937,                 -0.00319330951236483
         405,3058.02890557895,           1.00330795943088,                  -0.0028560340439258
         406,3058.02801097368,           1.00324450684168,                 -0.00302283246119019
         407,3058.02711636842,           1.00351852597935,                 -0.00285376630004163
         408,3058.02622176315,           1.00345504001235,                 -0.00352383876927414
         409,3058.02532715789,           1.00339328756393,                 -0.00369017925884427
         410,3058.02443255263,           1.00316223294557,                 -0.00368871287394327
         411,3058.02353794737,           1.00343585016341,                  -0.0038548562809017
         412,3058.02264334211,           1.00320832321134,                 -0.00351826566256482
         413,3058.02174873684,           1.00314676589837,                 -0.00334940489448537
         414,3058.02085413158,           1.00325266130639,                  -0.0026784653063411
         415,3058.01995952631,             1.003360152077,                  -0.0026774120135477
         416,3058.01906492105,           1.00313301339685,                 -0.00317817696423882
         417,3058.01817031579,           1.00307325996301,                 -0.00334413488902488
         418,3058.01727571052,           1.00301355346926,                 -0.00367710351213528
         419,3058.01638110526,           1.00295556955279,                 -0.00350859019833559
         420,    3058.0154865,           1.00306464138685,                 -0.00317319816622548
         421,3058.01459189473,           1.00317195325543,                 -0.00233722871452421
         422,3058.01369728947,           1.00311397550873,                 -0.00183567688081784
         423,3058.01280268421,           1.00289090141743,                 -0.00200177824634217
         424,3058.01190807895,           1.00283307848411,                 -0.00216774692721873
         425,3058.01101347368,            1.0027769721336,                 -0.00300033003630399
         426,3058.01011886842,            1.0027209093469,                 -0.00399888697645822
         427,3058.00922426315,           1.00266322008125,                   -0.004663549860843
         428,3058.00832965789,           1.00277540528076,                 -0.00532771259654398
         429,3058.00743505263,           1.00288583477847,                 -0.00549207310781439
         430,3058.00654044737,           1.00283148504903,                 -0.00548995338530489
         431,3058.00564584211,           1.00244291413548,                 -0.00498893288388591
         432,3058.00475123684,           1.00255501086337,                 -0.00365713981744223
         433,3058.00385663157,           1.00250085161891,                 -0.00249254314176755
         434,3058.00296202632,           1.00244839923857,                -0.000830528914033613
         435,3058.00206742105,           1.00239432269891,                 0.000498125388122698
         436,3058.00117281579,           1.00200999520323,                  0.00132782507232497
         437,3058.00027821052,           1.00228962038758,                  0.00116140164587205
         438,3057.99938360526,           1.00223732940156,                   0.0008292547818977
         439,     3057.998489,            1.0021850784672,                 0.000828937203033247
         440,3057.99759439474,           1.00229859151195,                 0.000994343840785664
         441,3057.99669978947,           1.00208235662469,                  0.00132528663464995
         442,3057.99580518421,           1.00236307965417,                  0.00182157506628049
         443,3057.99491057895,           1.00198145018316,                  0.00215195090903372
         444,3057.99401597368,            1.0019310545676,                  0.00248207527968852
         445,3057.99312136842,           1.00188235449797,                  0.00264654410961986
         446,3057.99222676316,           1.00232807312266,                  0.00330692204923346
         447,3057.99133215789,           1.00194869269001,                  0.00413208797711154
         448,3057.99043755263,           1.00190004130525,                  0.00528707145807518
         449,3057.98954294737,           1.00218174371035,                  0.00677149826831319
         450, 3057.9886483421,           1.00196794495037,                  0.00709913027399341
         451,3057.98775373684,           1.00192099495656,                  0.00709645903197698
         452,3057.98685913158,            1.0018740802819,                  0.00577401495304901
         453,3057.98596452632,           1.00182720088656,                  0.00494729481919287
         454,3057.98506992105,           1.00194520457618,                  0.00362665259965052
         455,3057.98417531579,           1.00189833368488,                  0.00214221683189201
         456,3057.98328071052,           1.00185314829304,                  0.00115307004900548
         457,3057.98238610526,           1.00180634707881,                 0.000164662450210192
         458,    3057.9814915,           1.00176122989811,                -0.000658403700228795
         459,3057.98059689473,            1.0015516069745,                -0.000822697229320271
         460,3057.97970228947,           1.00183722242234,                 -0.00131582626487912
         461,3057.97880768421,           1.00179214416073,                 -0.00147975205932162
         462,3057.97791307895,           1.00158439014128,                 -0.00131484659027408
         463,3057.97701847368,           1.00186967479488,                  -0.0014786531769685
         464,3057.97612386842,           1.00149781240557,                 -0.00213503961319652
         465,3057.97522926316,           1.00194709036404,                 -0.00262676608976316
         466,3057.97433465789,           1.00173958709423,                 -0.00377457577050579
         467,3057.97344005263,           1.00153388071822,                  -0.0042653367565395
         468,3057.97254544737,           1.00165630790928,                 -0.00409977205267387
         469, 3057.9716508421,           1.00161471439227,                   -0.003770399088547
         470,3057.97075623684,           1.00140928159413,                 -0.00278578919769271
         471,3057.96986163158,           1.00153325994653,                 -0.00163809823347487
         472,3057.96896702631,            1.0016555071403,                                    0
         473,3057.96807242105,           1.00145192523322,                 0.000818447143865002
         474,3057.96717781579,           1.00157575142726,                  0.00163629431698621
         475,3057.96628321052,           1.00137234792537,                  0.00212640322166445
         476,3057.96538860526,           1.00133424026789,                  0.00245264755127668
         477,     3057.964494,            1.0014579737434,                  0.00261519953972488
         478,3057.96359939473,           1.00125647230287,                   0.0031044179134717
         479,3057.96270478947,           1.00154511036269,                  0.00310328719779699
         480,3057.96181018421,           1.00167026680186,                  0.00342870017976185
         481,3057.96091557895,           1.00163212012404,                  0.00326424024808226
         482,3057.96002097369,           1.00143248243659,                   0.0027735992508019
         483,3057.95912636842,           1.00155917696332,                   0.0019571258953851
         484,3057.95823176316,           1.00135971018935,                 0.000815173974429623
         485, 3057.9573371579,           1.00148633936778,                                    0
         486,3057.95644255263,           1.00161287694889,                -0.000814584317622717
         487,3057.95554794737,            1.0015780962199,                -0.000814291135138128
         488,3057.95465334211,           1.00170450937969,                -0.000488398103061768
         489,3057.95375873684,           1.00166972076931,                -0.000488222447166194
         490,3057.95286413158,           1.00147227486802,                 0.000162682305859003
         491,3057.95196952632,           1.00176447151232,                 0.000650496410072937
         492,3057.95107492105,           1.00156713312178,                  0.00162565676533319
         493,3057.95018031579,           1.00153407133432,                  0.00195009067921658
         494,3057.94928571052,           1.00166348265689,                  0.00211184321675959
         495,3057.94839110526,           1.00179280151219,                  0.00194869729585772
         496,    3057.9474965,           1.00175969455339,                  0.00178566790472975
         497,3057.94660189474,            1.0015643357415,                  0.00162275491857016
         498,3057.94570728947,           1.00169517645246,                  0.00129774273872383
         499,3057.94481268421,           1.00166376399848,                  0.00113512163639135
         500,3057.94391807894,           1.00163237384765,                 0.000810513330512747
         501,3057.94302347368,           1.00160100597622,                -0.000486135417882005
         502,3057.94212886842,           1.00173327069801,                -0.000485963747104466
         503,3057.94123426316,            1.0017018892428,                 -0.00161930470294665
         504,3057.94033965789,           1.00167215147458,                 -0.00258997324233894
         505,3057.93944505263,           1.00164243468693,                 -0.00307450828094533
         506,3057.93855044736,           1.00193625718413,                 -0.00291166493853961
         507, 3057.9376558421,           1.00190808835419,                 -0.00258723844636331
         508,3057.93676123684,           1.00187831979284,                 -0.00129316336856126
         509,3057.93586663158,           1.00185019107869,                 0.000323177480993124
         510,3057.93497202632,           1.00149901788483,                  0.00161532099658844
         511,3057.93407742105,           1.00163251728999,                  0.00322950997030466
         512,3057.93318281579,           1.00192895941114,                  0.00387406074204405
         513,3057.93228821052,           1.00206221499317,                  0.00419542956357851
         514,3057.93139360526,           1.00219699389294,                  0.00371004842419726
         515,     3057.930499,           1.00200917836537,                  0.00258000432150724
         516,3057.92960439474,           1.00182149362477,                  0.00128955300868836
         517,3057.92870978947,           1.00179507755573,                 -0.00032227604232129
         518,3057.92781518421,           1.00241462239913,                 -0.00161082214751587
         519,3057.92692057895,           1.00206596598805,                 -0.00289847137840027
         520,3057.92602597368,           1.00220207587504,                 -0.00305843871532696
         521,3057.92513136842,           1.00217717681476,                 -0.00354012490204313
         522,3057.92423676316,           1.00199304765781,                 -0.00353890625276477
         523,3057.92334215789,           1.00212904180255,                 -0.00273366394586702
         524,3057.92244755263,           1.00194505618158,                 -0.00257197511614075
         525,3057.92155294737,           1.00224327659793,                 -0.00241039749061552
         526, 3057.9206583421,           1.00189874027739,                 -0.00208829302927787
         527,3057.91976373684,           1.00203618892236,                 -0.00128466178066969
         528,3057.91886913158,           1.00201301557438,                -0.000642110231063367
         529,3057.91797452631,           1.00199146606243,                -0.000802363441754031
         530,3057.91707992105,           1.00213034913342,                -0.000481253569297306
         531,3057.91618531579,           1.00210877426494,                 -0.00128290449577844
         532,3057.91529071053,           1.00208721413022,                 -0.00208400796411659
         533,3057.91439610526,           1.00222592229945,                 -0.00304481812019339
         534,    3057.9135015,           1.00204574326803,                 -0.00416517814947543
         535,3057.91260689474,           1.00218597612241,                 -0.00496448789705894
         536,3057.91171228947,           1.00200593295093,                 -0.00512289341019808
         537,3057.91081768421,           1.00214608415659,                 -0.00528119143678814
         538,3057.90992307895,           1.00196617664233,                 -0.00463947295587221
         539,3057.90902847368,             1.001947921098,                 -0.00415812385451684
         540,3057.90813386842,            1.0019296778701,                 -0.00399684728686012
         541,3057.90723926316,           1.00206966541741,                 -0.00335621419039324
         542,3057.90634465789,           1.00189322831375,                 -0.00335508815094701
         543,3057.90545005263,           1.00171530969805,                 -0.00335395751014971
         544,3057.90455544737,           1.00169716941519,                 -0.00335282763113148
         545, 3057.9036608421,           1.00168064007967,                 -0.00271328407924705
         546,3057.90276623684,           1.00182367328965,                 -0.00207416909583778
         547,3057.90187163158,           1.00180711265505,                  -0.0011164861946482
         548,3057.90097702631,           1.00179056311057,                 -0.00015944462249094
         549,3057.90008242105,           1.00145524213922,                 0.000318782505853644
         550,3057.89918781579,            1.0014404170836,                 0.000956029037788641
         551,3057.89829321052,           1.00158488702702,                 0.000796425641719961
         552,3057.89739860526,           1.00157002869363,                 0.000477696357087581
         553,     3057.896504,            1.0015551802465,                -0.000318358289970281
         554,3057.89560939474,           1.00154034167579,                 -0.00127300964941314
         555,3057.89471478947,           1.00168617968949,                  -0.0020679562229575
         556,3057.89382018421,           1.00167290028751,                 -0.00318041879754726
         557,3057.89292557894,           1.00149906924174,                 -0.00429213886817888
         558,3057.89203097368,           1.00148745200742,                 -0.00524422182104808
         559,3057.89113636842,           1.00179197803874,                 -0.00619566875095318
         560,3057.89024176316,           1.00161987041037,                 -0.00651124380637784
         561,3057.88934715789,           1.00160822496734,                 -0.00635034537940932
         562,3057.88845255263,           1.00143788069717,                 -0.00618955266991909
         563,3057.88755794737,           1.00142630267126,                 -0.00634617428815756
         564, 3057.8866633421,           1.00141473224765,                 -0.00586828398688042
         565,3057.88576873684,           1.00140316941883,                  -0.0058663580222446
         566,3057.88487413158,           1.00139320136752,                 -0.00618143951461435
         567,3057.88397952631,           1.00138323982336,                 -0.00586252846099121
         568,3057.88308492105,           1.00137328477998,                 -0.00601901056969935
         569,3057.88219031579,           1.00136333623102,                 -0.00585870389635478
         570,3057.88129571052,           1.00119510245431,                 -0.00601508520051603
         571,3057.88040110526,           1.00118680275338,                 -0.00617137431758842
         572,    3057.8795065,           1.00101873588165,                 -0.00585298565543948
         573,3057.87861189474,           1.00101049874992,                 -0.00506040062559203
         574,3057.87771728948,           1.00084418068628,                 -0.00426832931267251
         575,3057.87682268421,           1.00099562242205,                 -0.00300267079665597
         576,3057.87592807894,           1.00082941664363,                 -0.00157984122595679
         577,3057.87503347368,           1.00050696564479,                -0.000473799668024366
         578,3057.87413886842,            1.0006567895621,                -0.000315764212547207
         579,3057.87324426316,           1.00065026484087,                                    0
         580, 3057.8723496579,            1.0006437443199,                -0.000473341411693426
         581,3057.87145505263,           1.00063880629973,                -0.000630919802206642
         582,3057.87056044737,           1.00063229364915,                 -0.00141911292827646
         583, 3057.8696658421,           1.00031210494292,                 -0.00189154510862198
         584,3057.86877123684,           1.00030727775545,                 -0.00141820502517314
         585,3057.86787663158,           1.00030245365528,                 -0.00141775150911772
         586,3057.86698202631,           1.00045511022644,                -0.000787387935012149
         587,3057.86608742105,            1.0004502419657,                -0.000157427260734178
         588,3057.86519281579,           1.00028957407431,                  0.00031475442859481
         589,3057.86429821052,            1.0002863355034,                  0.00157327199670242
         590,3057.86340360526,            1.0004403762071,                  0.00298826711962505
         591,     3057.862509,           1.00027986453299,                  0.00393068164308782
         592,3057.86161439474,           1.00027663212956,                  0.00440096569761593
         593,3057.86071978947,            1.0002749734847,                  0.00487095887182307
         594,3057.85982518421,          0.999957588980675,                  0.00502649117929337
         595,3057.85893057895,          0.999956032084016,                  0.00502490468383928
         596,3057.85803597368,          0.999954476169845,                  0.00612217026226436
         597,3057.85714136842,          0.999795992027996,                  0.00627716836934859
         598,3057.85624676316,           1.00010981597979,                   0.0064320788164975
         599,3057.85535215789,            1.0001082130574,                  0.00595955968263776
         600,3057.85445755263,          0.999794616442286,                  0.00517378427828061
         601,3057.85356294737,          0.999794680822719,                  0.00470196589193942
         602, 3057.8526683421,          0.999794745162802,                  0.00391707704577183
         603,3057.85177373684,          0.999638175464537,                  0.00344594795678781
         604,3057.85087913158,          0.999638288777087,                  0.00313169889967759
         605,3057.84998452631,           1.00010957531738,                  0.00297418718594931
         606,3057.84908992105,          0.999798131227221,                  0.00344272325669101
         607,3057.84819531579,          0.999799758458641,                  0.00406740630886006
         608,3057.84730071053,          0.999644994659281,                  0.00453531052020012
         609,3057.84640610526,          0.999646668521917,                  0.00453389949751886
         610,    3057.8455115,          0.999493610742954,                  0.00437620345595039
         611,3057.84461689474,          0.999651575021523,                  0.00437484277908763
         612,3057.84372228947,          0.999654806699562,                  0.00421729371576378
         613,3057.84282768421,          0.999814184151314,                  0.00452828538815994
         614,3057.84193307895,          0.999505164552299,                  0.00530738335073843
         615,3057.84103847368,          0.999666049742983,                  0.00608600935684926
         616,3057.84014386842,          0.999513269642378,                   0.0067081427492777
         617,3057.83924926316,          0.999518097843293,                  0.00670608179236411
         618,3057.83835465789,          0.999522923078362,                  0.00670402210144589
         619,3057.83746005263,          0.999527745350318,                  0.00639024443464261
         620,3057.83656544737,          0.999688376441259,                   0.0060766593954503
         621, 3057.8356708421,          0.999693144983543,                  0.00560750283879831
         622,3057.83477623684,          0.999543750866173,                  0.00529435854953262
         623,3057.83388163158,          0.999548560843102,                     0.00544840361774
         624,3057.83298702631,          0.999710544580803,                  0.00544674175907972
         625,3057.83209242105,          0.999872429532874,                  0.00544508091390238
         626,3057.83119781579,          0.999724717991468,                  0.00513237643026111
         627,3057.83030321053,           1.00004197937413,                  0.00466437490379727
         628,3057.82940860526,           1.00004818385716,                  0.00419665852722155
         629,     3057.828514,          0.999900553791076,                  0.00341846343176436
         630,3057.82761939474,          0.999908350795872,                  0.00295141504817797
         631,3057.82672478947,          0.999916143078543,                  0.00232935892936452
         632,3057.82583018421,           1.00023441781327,                  0.00170767943441657
         633,3057.82493557895,           1.00008846220103,                 0.000931181063501893
         634,3057.82404097368,           1.00040649271261,                  0.00062059956123611
         635,3057.82314636842,           1.00010547017986,                 0.000155103205673055
         636,3057.82225176316,            1.0004248549446,                -0.000155056549123465
         637,3057.82135715789,           1.00027901785714,                -0.000155009920634921
         638,3057.82046255263,           1.00044319509572,                 0.000464889960546339
         639,3057.81956794737,           1.00045390677406,                 0.000774584938660619
         640,3057.81867334211,           1.00046306262496,                  0.00108409310191559
         641,3057.81777873684,           1.00047376194856,                  0.00123859332955562
         642,3057.81688413158,           1.00063923279682,                  0.00139300125215335
         643,3057.81598952632,           1.00049514142477,                  0.00108312186668317
         644,3057.81509492105,           1.00066050709001,                 0.000464056503519869
         645,3057.81420031579,            1.0008273217199,                -0.000463918721440004
         646,3057.81330571053,           1.00114708328567,                 -0.00139134091253413
         647,3057.81241110526,           1.00115910671509,                 -0.00200911830615872
         648,    3057.8115165,           1.00086211957815,                 -0.00309003433028141
         649,3057.81062189474,           1.00087422038385,                  -0.0030891179641477
         650,3057.80972728947,           1.00088631401457,                  -0.0029337920342914
         651,3057.80883268421,           1.00120712916282,                 -0.00231546514607498
         652,3057.80793807895,           1.00106634321437,                 -0.00154318844337039
         653,3057.80704347368,            1.0009256402345,                -0.000925640234495526
         654,3057.80614886842,           1.00109193204111,                 -0.00107959382595714
         655,3057.80525426316,           1.00110548688449,                 -0.00123345816957891
         656,3057.80435965789,           1.00112057684275,                 -0.00184964540756166
         657,3057.80346505263,           1.00098002354522,                 -0.00215728453350263
         658,3057.80257044737,           1.00145573861404,                  -0.0024647426269535
         659, 3057.8016758421,           1.00116271011558,                  -0.0024640214369865
         660,3057.80078123684,           1.00133172192415,                 -0.00246330066894009
         661,3057.79988663158,           1.00150063488399,                 -0.00230866905229135
         662,3057.79899202632,           1.00151558280698,                  -0.0020002615726672
         663,3057.79809742105,           1.00137670068681,                 -0.00184585566946878
         664,3057.79720281579,           1.00139321599154,                  -0.0013839893955657
         665,3057.79630821053,           1.00156345361831,                -0.000922391515227915
         666,3057.79541360526,           1.00173205281301,                -0.000614748114644376
         667,     3057.794519,           1.00190209291678,                -0.000614569601543799
         668,3057.79362439474,           1.00161124090125,                -0.000767988990109838
         669,3057.79272978947,           1.00147564872497,                 -0.00107487420133008
         670,3057.79183518421,           1.00164561547861,                 -0.00168859797245436
         671,3057.79094057895,           1.00151009183323,                 -0.00230196925796788
         672,3057.79004597368,           1.00183337040986,                 -0.00276156212364127
         673,3057.78915136842,           1.00169787098941,                 -0.00352764523545498
         674,3057.78825676316,           1.00186911302231,                  -0.0044466183467473
         675,3057.78736215789,            1.0017336813981,                 -0.00551834927778604
         676,3057.78646755263,           1.00144661914073,                 -0.00597649856870521
         677,3057.78557294737,           1.00177098525609,                 -0.00597477724804824
         678, 3057.7846783421,           1.00163723272444,                  -0.0056667549863615
         679,3057.78378373684,           1.00180978016224,                 -0.00520579742098671
         680,3057.78288913158,            1.0013699573706,                  -0.0042859001538332
         681,3057.78199452632,           1.00169550660146,                 -0.00351955341457891
         682,3057.78109992105,           1.00156192871425,                 -0.00321258599404295
         683,3057.78020531579,           1.00173583232013,                 -0.00275286182927669
         684,3057.77931071053,           1.00175521212381,                 -0.00305786084286876
         685,3057.77841610526,           1.00177611205708,                 -0.00351554021625158
         686,    3057.7775215,           1.00164419397822,                 -0.00366734716330697
         687,3057.77662689474,           1.00166511357908,                  -0.0036663051282443
         688,3057.77573228947,           1.00153330197497,                 -0.00335982504474676
         689,3057.77483768421,           1.00155424118525,                 -0.00229013927100287
         690,3057.77394307895,           1.00142406439885,                 -0.00106842988123639
         691,3057.77304847368,           1.00129396110792,                -0.000152589753292887
         692,3057.77215386842,           1.00146749692619,                 0.000610185832095165
         693,3057.77125926316,           1.00164246183221,                 0.000915020519335146
         694,3057.77036465789,           1.00151240722784,                 0.000762302030162767
         695,3057.76947005263,            1.0013839522506,                 0.000609670594977534
         696,3057.76857544737,           1.00155879300966,                 0.000457124049753382
         697, 3057.7676808421,           1.00127806526206,                 0.000761659870121759
         698,3057.76678623684,             1.001452837602,                   0.0013706015113166
         699,3057.76589163158,           1.00132454364143,                  0.00182695674679902
         700,3057.76499702632,           1.00134852529779,                  0.00213085261501277
         701,3057.76410242105,           1.00137249352554,                  0.00243457831581959
         702,3057.76320781579,           1.00124432978086,                  0.00212965977163963
         703,3057.76231321053,           1.00126983644202,                  0.00182491464722119
         704,3057.76141860526,           1.00144584028254,                  0.00136830310650415
         705,     3057.760524,           1.00131928527568,                -0.000151991391207602
         706,3057.75962939474,           1.00134474977777,                 -0.00121559301945709
         707,3057.75873478947,           1.00121829323498,                 -0.00197478953300785
         708,3057.75784018421,            1.0009400423095,                 -0.00303729340709907
         709,3057.75694557895,           1.00111741343082,                 -0.00364373944833785
         710,3057.75605097368,           1.00099264471515,                 -0.00379451343713098
         711,3057.75515636842,           1.00116990299365,                 -0.00440041333537674
         712,3057.75426176316,           1.00119688536751,                 -0.00500598442683754
         713,3057.75336715789,           1.00122385284648,                 -0.00561122122922142
         714,3057.75247255263,           1.00094757988098,                 -0.00667096236212713
         715,3057.75157794737,           1.00082303029752,                 -0.00651755115898732
         716,3057.75068334211,           1.00100160772435,                 -0.00590963710282314
         717,3057.74978873684,           1.00087862812822,                 -0.00515057868266376
         718,3057.74889413158,           1.00075420035075,                 -0.00302891707127951
         719,3057.74799952632,           1.00078276049497,                 -0.00181685221269889
         720,3057.74710492105,           1.00081130499013,                -0.000605451485172493
         721,3057.74621031579,           1.00083983384909,                -0.000302642828499875
         722,3057.74531571053,           1.00071706710477,                -0.000907679879460112
         723,3057.74442110526,           1.00059436757324,                 -0.00196610138731139
         724,    3057.7435265,           1.00062293237857,                 -0.00272154922677763
         725,3057.74263189474,           1.00050183805746,                 -0.00256965270387927
         726,3057.74173728947,           1.00053041258846,                  -0.0018133763707992
         727,3057.74084268421,           1.00040940946839,                -0.000906441627425298
         728,3057.73994807895,            1.0004395046737,                -0.000151032533918131
         729,3057.73905347368,            1.0003185920346,                  0.00105694039913089
         730,3057.73815886842,           1.00049964602117,                  0.00241520735309879
         731,3057.73726426316,           1.00022787327831,                  0.00271637020504068
         732,3057.73636965789,            1.0004103628694,                  0.00331911144369278
         733,3057.73547505263,           1.00028958926589,                  0.00392152130894348
         734,3057.73458044737,           1.00001960231428,                  0.00497597208630447
         735, 3057.7336858421,           1.00020200010251,                  0.00602985380619447
         736,3057.73279123684,          0.999932182444295,                   0.0069324612498022
         737,3057.73189663158,          0.999963840391488,                  0.00798524687972712
         738,3057.73100202632,            1.0001461056811,                   0.0090374648103714
         739,3057.73010742105,           1.00047885652675,                  0.00948678024701769
         740,3057.72921281579,           1.00006021738476,                  0.00978532502333424
         741,3057.72831821053,           1.00009180677233,                   0.0100836946657255
         742,3057.72742360526,          0.999974421358467,                  0.00962960622433672
         743,     3057.726529,           1.00015794342617,                  0.00827322708504125
         744,3057.72565691111,           1.00004060315231,                  0.00766948432492748
         745,3057.72478482222,           1.00007366748302,                  0.00616401388556884
         746,3057.72391273333,           1.00040731728213,                  0.00465934898373587
         747,3057.72304064444,           1.00014124590913,                  0.00210366247637136
         748,3057.72216855556,           1.00032447828099,                 0.000450664279147463
         749,3057.72129646667,           1.00020875227713,                -0.000750907471679525
         750,3057.72042437778,           1.00039186894461,                 -0.00180169629706369
         751,3057.71955228889,            1.0004262881708,                 -0.00270182643466984
         752,    3057.7186802,           1.00046068911288,                  -0.0025510472048776
         753,3057.71780811111,           1.00049507178541,                  -0.0019502827910047
         754,3057.71693602222,           1.00038095466639,                 -0.00164980367336287
         755,3057.71606393333,           1.00071522499599,                -0.000899654083005085
         756,3057.71519184444,           1.00059961025334,                                    0
         757,3057.71431975556,           1.00078528225202,                 0.000299726050389944
         758,3057.71344766667,           1.00082103282333,                 0.000149823507907685
         759,3057.71257557778,           1.00070548163726,                -0.000299567574206633
         760,3057.71170348889,           1.00044174571918,                -0.000449232934763891
         761,    3057.7108314,            1.0006272633503,                 -0.00134734371187204
         762,3057.70995931111,           1.00066451547243,                 -0.00179598776333671
         763,3057.70908722222,            1.0005506245399,                 -0.00194514103768786
         764,3057.70821513333,           1.00058638041729,                 -0.00134628157030282
         765,3057.70734304444,           1.00062361387982,                -0.000897286158015083
         766,3057.70647095556,           1.00065933178742,                 -0.00089705005090759
         767,3057.70559886667,           1.00069652663392,                -0.000298938469494824
         768,3057.70472677778,           1.00073370202732,                 0.000149430148130106
         769,3057.70385468889,           1.00047207581896,                 0.000298782163899944
         770,    3057.7029826,           1.00050929044341,                 0.000149352036190985
         771,3057.70211051111,            1.0006957986305,                -0.000298626021674277
         772,3057.70123842222,            1.0007344292052,                -0.000597096914800241
         773,3057.70036633333,           1.00092078145543,                  -0.0011938819519373
         774,3057.69949424444,           1.00065944755602,                 -0.00134276651677414
         775,3057.69862215556,           1.00054889981385,                 -0.00149157558111785
         776,3057.69775006667,           1.00088576600865,                 -0.00149118856675902
         777,3057.69687797778,           1.00092429708697,                   -0.001043561227228
         778,3057.69600588889,           1.00111184969461,                 -0.00074520757011658
         779,    3057.6951338,           1.00085229643228,                 0.000447008618326161
         780,3057.69426171111,           1.00074184197276,                  0.00178757101870693
         781,3057.69338962222,           1.00078037040788,                  0.00312743865752462
         782,3057.69251753333,           1.00067148168165,                  0.00416884414329508
         783,3057.69164544444,           1.00085885716922,                   0.0053585542620601
         784,3057.69077335556,           1.00075000446431,                  0.00654765802177394
         785,3057.68990126667,           1.00078997990089,                  0.00728983336036027
         786,3057.68902917778,           1.00067971258718,                  0.00728794677716582
         787,3057.68815708889,            1.0007196854796,                  0.00654259526910884
         788,     3057.687285,           1.00090829491786,                   0.0055003129232082
         789,3057.68641291111,           1.00094967608466,                  0.00371547763951247
         790,3057.68554082222,           1.00098954881923,                  0.00133722813409129
         791,3057.68466873333,           1.00102940106089,                 -0.00148542721629454
         792,3057.68379664444,           1.00121922424073,                 -0.00445514338878997
         793,3057.68292455556,           1.00081359716844,                  -0.0068294652825617
         794,3057.68205246667,           1.00085494950454,                 -0.00860886653882005
         795,3057.68118037778,           1.00104467158137,                 -0.00964540522573216
         796,3057.68030828889,           1.00093610594761,                  -0.0103846935551108
         797,    3057.6794362,           1.00097739532304,                  -0.0106786742425928
         798,3057.67856411111,           1.00101866363786,                  -0.0102311195068897
         799,3057.67769202222,           1.00106139487447,                 -0.00889437045645909
         800,3057.67681993333,           1.00110262079922,                 -0.00741008601627848
         801,3057.67594784444,           1.00099566175948,                 -0.00607472204442548
         802,3057.67507575556,           1.00103836622481,                 -0.00488817195700186
         803,3057.67420366667,           1.00107956657401,                 -0.00399839471856484
         804,3057.67333157778,            1.0012702793134,                 -0.00340517764663731
         805,3057.67245948889,           1.00101685432341,                 -0.00325630205457858
         806,    3057.6715874,           1.00120600486841,                 -0.00355142537937362
         807,3057.67071531111,           1.00110066335679,                  -0.0044381586967199
         808,3057.66984322222,           1.00114327633714,                  -0.0054723446926391
         809,3057.66897113333,           1.00118586776835,                 -0.00621028008363177
         810,3057.66809904444,           1.00122991774925,                 -0.00620871940727425
         811,3057.66722695556,           1.00127246582003,                 -0.00561599316622305
         812,3057.66635486667,           1.00116724043675,                 -0.00517131839068572
         813,3057.66548277778,           1.00091583207776,                 -0.00443144553753434
         814,3057.66461068889,            1.0011061048422,                 -0.00369193872563136
         815,    3057.6637386,           1.00129775985094,                 -0.00295280967222336
         816,3057.66286651111,            1.0011941118037,                 -0.00250925842557318
         817,3057.66199442222,           1.00108903848821,                 -0.00206592667140846
         818,3057.66112233333,           1.00083796574963,                 -0.00147529181272056
         819,3057.66025024444,           1.00088200329793,                -0.000737460951442621
         820,3057.65937815555,            1.0009260187681,                -0.000294910435700678
         821,3057.65850606667,           1.00082406931027,                 0.000442255443795967
         822,3057.65763397778,            1.0007206957588,                  0.00088428927460277
         823,3057.65676188889,            1.0009120632521,                  0.00103141240140803
         824,    3057.6558898,           1.00081019370995,                  0.00103115563084628
         825,3057.65501771111,           1.00085417218933,                 0.000883626402756914
         826,3057.65414562222,           1.00104683674206,                 0.000441703266690126
         827,3057.65327353333,           1.00064914132292,                                    0
         828,3057.65240144444,           1.00084176075158,                -0.000882965823336198
         829,3057.65152935556,           1.00088716001395,                 -0.00117699504337962
         830,3057.65065726667,            1.0006383610888,                 -0.00176505370175888
         831,3057.64978517778,           1.00068378833442,                 -0.00220576882072246
         832,3057.64891308889,            1.0007291930068,                 -0.00294029438227355
         833,     3057.648041,           1.00092155332443,                 -0.00308654223492114
         834,3057.64716891111,           1.00067299299676,                 -0.00396742596342327
         835,3057.64629682222,           1.00071836653146,                  -0.0038195357501201
         836,3057.64542473333,           1.00076518735341,                 -0.00381859331834291
         837,3057.64455264444,           1.00051685050099,                 -0.00396447827465906
         838,3057.64368055556,           1.00041690154077,                 -0.00396350056369786
         839,3057.64280846667,            1.0004622937106,                 -0.00381575761133573
         840,3057.64193637778,           1.00050913135149,                 -0.00410826450767585
         841,3057.64106428889,           1.00040925833295,                 -0.00381387693792622
         842,    3057.6401922,            1.0004560859612,                 -0.00293302868942013
         843,3057.63932011111,           1.00064950583309,                 -0.00278569093198956
         844,3057.63844802222,           1.00069478442628,                 -0.00234526388616089
         845,3057.63757593333,           1.00030334426057,                 -0.00161197433150692
         846,3057.63670384444,           1.00020364480244,                 -0.00117205641693563
         847,3057.63583175556,           1.00039693641254,                -0.000292942001877758
         848,3057.63495966667,           1.00059013291902,                 0.000292869934997518
         849,3057.63408757778,           1.00019763858491,                  0.00117119161426804
         850,3057.63321548889,           1.00024589012224,                  0.00190272118401948
         851,    3057.6323434,           1.00043898156277,                  0.00278021656423764
         852,3057.63147131111,           1.00019456761371,                  0.00307212021645281
         853,3057.63059922222,           1.00009506607092,                  0.00351013184932759
         854,3057.62972713333,          0.999997075604399,                  0.00380171428070104
         855,3057.62885504444,           1.00019150114974,                  0.00423933842931049
         856,3057.62798295556,           1.00009207336055,                  0.00423829754894868
         857,3057.62711086667,          0.999994155498799,                   0.0040911508407315
         858,3057.62623877778,          0.999896285410863,                  0.00365192215270586
         859,3057.62536668889,          0.999944504321361,                  0.00321290771068642
         860,    3057.6244946,            1.0001387053679,                  0.00248209605711741
         861,3057.62362251111,          0.999748931499171,                  0.00160567064483733
         862,3057.62275042222,             0.999797151067,                 0.000145934484172676
         863,3057.62187833333,          0.999846805903079,                 -0.00102129397947199
         864,3057.62100624445,          0.999603251007917,                 -0.00204209040042475
         865,3057.62013415556,          0.999797298972349,                 -0.00291656154892751
         866,3057.61926206667,          0.999701124791334,                  -0.0037906124025922
         867,3057.61838997778,          0.999895054746441,                 -0.00422696160169778
         868,3057.61751788889,          0.999507459511132,                 -0.00480882725818156
         869,    3057.6166458,          0.999555655917425,                 -0.00466197070242787
         870,3057.61577371111,          0.999750936174117,                 -0.00509779760578294
         871,3057.61490162222,          0.999653434060733,                  -0.0048053260486532
         872,3057.61402953333,          0.999557434517778,                 -0.00480416477411691
         873,3057.61315744444,          0.999752572518084,                 -0.00451191290552637
         874,3057.61228535556,          0.999656595405363,                   -0.003783270957866
         875,3057.61141326667,           0.99956066464747,                 -0.00276403036360092
         876,3057.61054117778,          0.999610220370931,                 -0.00159984176110581
         877,3057.60966908889,          0.999659752171625,                 -0.00130864549375194
         878,     3057.608797,          0.999563890100305,                 -0.00130832969908417
         879,3057.60792491111,          0.999322739388373,                 -0.00101734426639305
         880,3057.60705282222,          0.999808204210208,                   -0.001162398726011
         881,3057.60618073333,          0.999712375689645,                 -0.00130738322888794
         882,3057.60530864444,          0.999471363591474,                 -0.00116183826049576
         883,3057.60443655556,          0.999522308484179,                 -0.00101636492727909
         884,3057.60356446667,          0.999426617989679,                 -0.00058064001045152
         885,3057.60269237778,          0.999476098632777,                -0.000870750194830356
         886,3057.60182028889,          0.999236825076245,                -0.000870541738123634
         887,    3057.6009482,          0.999141272309513,                 -0.00101538747185926
         888,3057.60007611111,          0.999192235014654,                 -0.00130518579319766
         889,3057.59920402222,          0.999241724576388,                 -0.00188481462848129
         890,3057.59833193333,           0.99943758986966,                 -0.00260911916137112
         891,3057.59745984444,          0.999197164279897,                 -0.00275340770432459
         892,3057.59658775555,          0.999248064744668,                 -0.00289763104174182
         893,3057.59571566667,           0.99915409395351,                  -0.0030417854411458
         894,3057.59484357778,          0.999204980385172,                 -0.00275143400395917
         895,3057.59397148889,          0.999254395807243,                 -0.00173733015787988
         896,    3057.5930994,           0.99944997684113,                 -0.00101320055581288
         897,3057.59222731111,          0.999211339348378,                -0.000289416752888741
         898,3057.59135522222,          0.999117489619652,                 0.000144673832843854
         899,3057.59048313333,          0.999023684686314,                 0.000144639305731332
         900,3057.58961104444,          0.999074529311392,                -0.000289209590190011
         901,3057.58873895555,          0.998691638776646,                -0.000433710902769244
         902,3057.58786686667,          0.998742538338127,                -0.000144535823203781
         903,3057.58699477778,          0.998937914989849,                 0.000433504085776008
         904,3057.58612268889,          0.998844264663392,                  0.00101126841953193
         905,    3057.5852506,          0.999040966890248,                  0.00129989427526561
         906,3057.58437851111,          0.998947336501432,                  0.00115518628100773
         907,3057.58350642222,           0.99885375071821,                 0.000144363889394163
         908,3057.58263433333,          0.999048868528806,                -0.000432988530133837
         909,3057.58176224444,          0.998956744581349,                 -0.00129865819749128
         910,3057.58089015556,          0.998863223252566,                 -0.00100982705990294
         911,3057.58001806667,          0.998769746435077,                -0.000865360069113424
         912,3057.57914597778,          0.998821946686238,                -0.000288385144127685
         913,3057.57827388889,          0.998584365746841,                 0.000144158274252467
         914,    3057.5774018,          0.998924833464486,                 0.000720621002354989
         915,3057.57652971111,          0.998975520560913,                  0.00115271948139151
         916,3057.57565762222,          0.998739510930241,                  0.00158461483055425
         917,3057.57478553333,          0.998790218048795,                  0.00288043321715586
         918,3057.57391344444,          0.998842339280983,                  0.00331171598723693
         919,3057.57304135556,          0.998750482244756,                  0.00374279511939516
         920,3057.57216926667,          0.998801150780116,                  0.00331014790604361
         921,3057.57129717778,          0.998853232459996,                  0.00330936680302217
         922,3057.57042508889,          0.998761437997816,                  0.00287703136395741
         923,     3057.569553,          0.998812068008387,                  0.00258871378317509
         924,3057.56868091111,          0.998864110195689,                  0.00186918575392888
         925,3057.56780882222,           0.99862862859985,                  0.00143749622657241
         926,3057.56693673333,          0.998824405232403,                  0.00129344167584052
         927,3057.56606464444,          0.998589043969528,                 0.000862091260980887
         928,3057.56519255555,          0.998783302951819,                 0.000430943464526889
         929,3057.56432046667,          0.998691676564064,                 0.000718069942884717
         930,3057.56344837778,          0.998600093327112,                  0.00086148102946983
         931,3057.56257628889,           0.99879564595149,                  0.00143546370501795
         932,    3057.5617042,          0.998560568769078,                  0.00229620136537874
         933,3057.56083211111,          0.998612559848601,                  0.00243913987319342
         934,3057.55996002222,          0.998521081403639,                  0.00272545619116063
         935,3057.55908793333,          0.998573057314336,                  0.00258140385346231
         936,3057.55821584444,          0.998768386385436,                  0.00301092967471923
         937,3057.55734375555,          0.998820279721282,                  0.00301022185335059
         938,3057.55647166666,          0.998585528248592,                  0.00329613478038427
         939,3057.55559957778,          0.998637440164138,                  0.00358191334348686
         940,3057.55472748889,          0.998689327689564,                  0.00372431476189453
         941,    3057.5538554,          0.998742621133703,                  0.00372344538994498
         942,3057.55298331111,          0.998508108046194,                  0.00314986784872616
         943,3057.55211122222,          0.998703131665059,                   0.0018608486042204
         944,3057.55123913333,          0.998611846530332,                 0.000429325815361278
         945,3057.55036704445,          0.998520604234448,                 -0.00100152517977377
         946,3057.54949495555,           0.99843083291732,                 -0.00243170833232012
         947,3057.54862286667,          0.998339675743392,                 -0.00357520296427228
         948,3057.54775077778,          0.998677485077028,                 -0.00386031382921686
         949,3057.54687868889,          0.998443371751128,                 -0.00371646781181522
         950,    3057.5460066,          0.998639518000663,                 -0.00400141764510855
         951,3057.54513451111,           0.99854839723624,                 -0.00300036004320518
         952,3057.54426242222,          0.998600159981716,                 -0.00285681636384413
         953,3057.54339033333,          0.998653324631592,                 -0.00228492109167817
         954,3057.54251824445,           0.99856226451192,                 -0.00256993433817766
         955,3057.54164615556,          0.998613987732864,                 -0.00214111060834662
         956,3057.54077406667,          0.998952526921771,                 -0.00185519754999757
         957,3057.53990197778,           0.99871878647107,                 -0.00171208934823612
         958,3057.53902988889,          0.998771861507059,                -0.000855845639680427
         959,    3057.5381578,          0.998538272309173,                -0.000713037897964277
         960,3057.53728571111,          0.998732515052275,                -0.000998019643878076
         961,3057.53641362222,          0.998357926425981,                 -0.00128286997970215
         962,3057.53554153333,          0.998979644186537,                 -0.00171009354211675
         963,3057.53466944445,          0.998462697986405,                 -0.00199464580077193
         964,3057.53379735556,          0.998514336016455,                 -0.00242150409590296
         965,3057.53292526667,          0.998424963614666,                 -0.00242094200277411
         966,3057.53205317778,          0.998334211313126,                 -0.00256275182596068
         967,3057.53118108889,          0.998529606438416,                  -0.0025621572225077
         968,     3057.530309,          0.998581180793429,                 -0.00256155924957699
         969,3057.52943691111,          0.998491876049284,                 -0.00241868935492132
         970,3057.52856482222,          0.998258949907827,                 -0.00227588247342907
         971,3057.52769273333,          0.998454180751351,                  -0.0027019839672804
         972,3057.52682064444,          0.998221371690664,                 -0.00255917742350548
         973,3057.52594855555,          0.998274376913608,                 -0.00241644089527714
         974,3057.52507646667,          0.998325938852714,                 -0.00227376726286739
         975,3057.52420437778,          0.998236817690359,                 -0.00198908560314048
         976,3057.52333228889,          0.998005693149471,                 -0.00127840182726235
         977,    3057.5224602,          0.998057281785029,                -0.000284023130843776
         978,3057.52158811111,           0.99811026349827,                -0.000141978700355373
         979,3057.52071602222,          0.998019858196297,                -0.000141945649010994
         980,3057.51984393333,           0.99807282397986,                -0.000425738443329956
         981,3057.51897184444,          0.997842005275098,                -0.000709399975312881
         982,3057.51809975555,          0.997751725214012,                -0.000709234948261311
         983,3057.51722766667,          0.997804716173059,                -0.000992699404947614
         984,3057.51635557778,          0.997998049090332,                 -0.00127603103307472
         985,3057.51548348889,          0.997767461639321,                 -0.00113398773875757
         986,    3057.5146114,          0.997820412166011,                 -0.00113372579141146
         987,3057.51373931111,          0.997730241625838,                -0.000425048384674455
         988,3057.51286722222,          0.997783176219784,                -0.000283300163605844
         989,3057.51199513333,          0.997693056084653,                 0.000283234366525097
         990,3057.51112304445,          0.997462805751729,                 0.000141584500461565
         991,3057.51025095555,          0.997515765335372,                                    0
         992,3057.50937886667,          0.997425769757111,                -0.000283037959635957
         993,3057.50850677778,          0.997337227037474,                -0.000707431711616878
         994,3057.50763468889,          0.997531632588108,                 -0.00113162975903359
         995,    3057.5067626,          0.997441695693309,                 -0.00183847186218815
         996,3057.50589051111,          0.997635987286362,                 -0.00183804816251739
         997,3057.50501842222,          0.997546067771502,                 -0.00183762206051148
         998,3057.50414633333,          0.997457599572639,                 -0.00127190682858512
         999,3057.50327424444,          0.997369172122832,                -0.000847742602739339
        1000,3057.50240215556,          0.997138118955936,                 0.000565030808304823
        1001,3057.50153006667,          0.997191031070953,                   0.0019771525895756
        1002,3057.50065797778,           0.99710272614832,                  0.00324743170509931
        1003,3057.49978588889,          0.997154214472852,                  0.00409363989520282
        1004,    3057.4989138,          0.996924831246763,                  0.00522171839696068
        1005,3057.49804171111,          0.996976336979695,                  0.00522051011438561
        1006,3057.49716962222,           0.99702922531337,                  0.00507824732757234
        1007,3057.49629753333,          0.996658999335749,                  0.00408986995623839
        1008,3057.49542544444,          0.996710530953861,                  0.00338393729564191
        1009,3057.49455335555,           0.99676344383109,                  0.00310122977857219
        1010,3057.49368126667,          0.996534467183138,                   0.0036642477933477
        1011,3057.49280917778,          0.996585991999696,                  0.00422700123851136
        1012,3057.49193708889,          0.996357161572421,                   0.0050712367901325
        1013,     3057.491065,          0.996691777609714,                  0.00591508473358881
        1014,3057.49019291111,          0.996602427722387,                  0.00633612733081484
        1015,3057.48932082222,          0.996514521887001,                   0.0054900503395385
        1016,3057.48844873333,          0.996567394611696,                  0.00422214684908218
        1017,3057.48757664445,          0.996478135029682,                  0.00323623229393994
        1018,3057.48670455555,          0.996390318287835,                  0.00211010232589546
        1019,3057.48583246667,          0.996582422682587,                 0.000843846251213029
        1020,3057.48496037778,          0.996494622416137,                -0.000421826424050855
        1021,3057.48408828889,                          1,                                    0
        1022,    3057.4832162,                          1,                                    0
        1023,3057.48234411111,                          1,                                    0
