"SCAN INDEX",      WAVENUMBER,"SCIENCE DIRECT ABSORPTION","SCIENCE HARMONIC ABSORPTION SPECTRA"
           0, 3058.4135858421,                          1,                                    0
           1,3058.41269123684,                          1,                                    0
           2,3058.41179663158,                          1,                                    0
           3,3058.41090202631,                          1,                                    0
           4,3058.41000742105,                          1,                                    0
           5,3058.40911281578,                          1,                                    0
           6,3058.40821821052,                          1,                                    0
           7,3058.40732360526,                          1,                                    0
           8,     3058.406429,                          1,                                    0
           9,3058.40553439473,                          1,                                    0
          10,3058.40463978946,                          1,                                    0
          11, 3058.4037451842,                          1,                                    0
          12,3058.40285057895,                          1,                                    0
          13,3058.40195597368,                          1,                                    0
          14,3058.40106136841,                          1,                                    0
          15,3058.40016676315,                          1,                                    0
          16,3058.39927215789,                          1,                                    0
          17,3058.39837755263,                          1,                                    0
          18,3058.39748294736,                          1,                                    0
          19, 3058.3965883421,                          1,                                    0
          20,3058.39569373683,                          1,                                    0
          21,3058.39479913157,                          1,                                    0
          22,3058.39390452631,                          1,                                    0
          23,3058.39300992105,                          1,                                    0
          24,3058.39211531579,                          1,                                    0
          25,3058.39122071052,                          1,                                    0
          26,3058.39032610526,                          1,                                    0
          27,3058.38943149999,                          1,                                    0
          28,3058.38853689474,                          1,                                    0
          29,3058.38764228947,                          1,                                    0
          30,3058.38674768421,                          1,                                    0
          31,3058.38585307894,                          1,                                    0
          32,3058.38495847368,                          1,                                    0
          33,3058.38406386842,                          1,                                    0
          34,3058.38316926315,                          1,                                    0
          35,3058.38227465789,                          1,                                    0
          36,3058.38138005263,                          1,                                    0
          37,3058.38048544736,                          1,                                    0
          38, 3058.3795908421,                          1,                                    0
          39,3058.37869623684,                          1,                                    0
          40,3058.37780163157,                          1,                                    0
          41,3058.37690702632,                          1,                                    0
          42,3058.37601242105,                          1,                                    0
          43,3058.37511781578,                          1,                                    0
          44,3058.37422321052,                          1,                                    0
          45,3058.37332860526,                          1,                                    0
          46,     3058.372434,                          1,                                    0
          47,3058.37153939473,                          1,                                    0
          48,3058.37064478947,                          1,                                    0
          49, 3058.3697501842,                          1,                                    0
          50,3058.36885557895,                          1,                                    0
          51,3058.36796097368,                          1,                                    0
          52,3058.36706636842,                          1,                                    0
          53,3058.36617176315,                          1,                                    0
          54,3058.36527715789,                          1,                                    0
          55,3058.36438255263,                          1,                                    0
          56,3058.36348794736,                          1,                                    0
          57,3058.36259334211,                          1,                                    0
          58,3058.36169873684,                          1,                                    0
          59,3058.36080413157,                          1,                                    0
          60,3058.35990952631,                          1,                                    0
          61,3058.35901492105,                          1,                                    0
          62,3058.35812031579,                          1,                                    0
          63,3058.35722571053,                          1,                                    0
          64,3058.35633110526,                          1,                                    0
          65,3058.35543649999,                          1,                                    0
          66,3058.35454189473,                          1,                                    0
          67,3058.35364728947,                          1,                                    0
          68,3058.35275268421,                          1,                                    0
          69,3058.35185807894,                          1,                                    0
          70,3058.35096347368,                          1,                                    0
          71,3058.35006886841,                          1,                                    0
          72,3058.34917426315,                          1,                                    0
          73,3058.34827965789,                          1,                                    0
          74,3058.34738505263,                          1,                                    0
          75,3058.34649044737,                          1,                                    0
          76, 3058.3455958421,                          1,                                    0
          77,3058.34470123683,                          1,                                    0
          78,3058.34380663157,                          1,                                    0
          79,3058.34291202632,                          1,                                    0
          80,3058.34201742105,                          1,                                    0
          81,3058.34112281579,                          1,                                    0
          82,3058.34022821052,                          1,                                    0
          83,3058.33933360526,                          1,                                    0
          84,     3058.338439,                          1,                                    0
          85,3058.33754439473,                          1,                                    0
          86,3058.33664978947,                          1,                                    0
          87,3058.33575518421,                          1,                                    0
          88,3058.33486057894,                          1,                                    0
          89,3058.33396597368,                          1,                                    0
          90,3058.33307136841,                          1,                                    0
          91,3058.33217676316,                          1,                                    0
          92,3058.33128215789,                          1,                                    0
          93,3058.33038755263,                          1,                                    0
          94,3058.32949294736,                          1,                                    0
          95, 3058.3285983421,                          1,                                    0
          96,3058.32770373684,                          1,                                    0
          97,3058.32680913158,                          1,                                    0
          98,3058.32591452631,                          1,                                    0
          99,3058.32501992105,                          1,                                    0
         100,3058.32412531578,                          1,                                    0
         101,3058.32323071052,                          1,                                    0
         102,3058.32233610526,                          1,                                    0
         103,3058.32144149999,                          1,                                    0
         104,3058.32054689473,                          1,                                    0
         105,3058.31965228947,          0.995465598710353,                 0.000778772226646081
         106,3058.31875768421,          0.995516672374607,                -0.000972944363149538
         107,3058.31786307894,          0.995373206607038,                 -0.00136139360028317
         108,3058.31696847369,          0.995422340146368,                 -0.00194380460876073
         109,3058.31607386842,          0.995861908184874,                 -0.00174848949934917
         110,3058.31517926315,           0.99552431529791,                 -0.00174755584897234
         111,3058.31428465789,          0.995575221238938,                 -0.00155255395124981
         112,3058.31339005263,          0.995626072872923,                -0.000969828631280853
         113,3058.31249544737,          0.995676870286722,                -0.000775449275924239
         114, 3058.3116008421,          0.995727613567007,                -0.000581277065713372
         115,3058.31070623684,          0.995776374421212,                 -0.00058096637947562
         116,3058.30981163157,          0.995827010622155,                -0.000967761915084698
         117,3058.30891702631,          0.996071042363488,                  -0.0017410447429154
         118,3058.30802242105,          0.996121468041747,                 -0.00174011902414125
         119,3058.30712781578,          0.995978596315613,                 -0.00135270666942361
         120,3058.30623321052,          0.995835876358748,                 -0.00115884702446712
         121,3058.30533860526,          0.996077462396145,                -0.000772153071624919
         122,3058.30444399999,          0.996127777552686,                -0.000385871693803094
         123,3058.30354939473,          0.996370872880277,                -0.000192833534522988
         124,3058.30265478946,          0.996420979190798,                 0.000770925322391333
         125,3058.30176018421,          0.996278403180694,                 0.000770516939814922
         126,3058.30086557895,          0.996135978144307,                 0.000385054494837382
         127,3058.29997097368,          0.996186129209786,                                    0
         128,3058.29907636841,          0.996618957685044,                -0.000384646452213448
         129,3058.29818176314,          0.996668800326008,                  -0.0007688862490461
         130,3058.29728715789,          0.996526470294405,                 -0.00115272003504269
         131,3058.29639255263,          0.996576309134515,                -0.000768074226693268
         132,3058.29549794736,          0.996626095367502,                -0.000959586072951572
         133, 3058.2946033421,          0.996675829076617,                -0.000767263917687927
         134,3058.29370873684,          0.996917225195933,                -0.000766859403996871
         135,3058.29281413159,          0.996966753084504,                 -0.00134129680407294
         136,3058.29191952631,          0.996824715890593,                 -0.00153210330972617
         137,3058.29102492105,          0.997065652437729,                 -0.00229694525422399
         138,3058.29013031578,           0.99692371266558,                 -0.00267835961951988
         139,3058.28923571053,          0.997355554578256,                 -0.00344179447515502
         140,3058.28834110526,          0.997211705866502,                 -0.00439552879166913
         141,    3058.2874465,          0.997069913319861,                 -0.00477523904846677
         142,3058.28655189474,          0.997310088219179,                 -0.00515455060909606
         143,3058.28565728946,          0.996977583746117,                 -0.00362537303180406
         144,3058.28476268421,          0.996836137074028,                 -0.00190709037129142
         145,3058.28386807894,          0.997077957353045,                -0.000190609435548279
         146,3058.28297347368,           0.99712711560883,                  0.00152407660008992
         147,3058.28207886841,          0.996985812564382,                  0.00285614728580323
         148,3058.28118426315,           0.99722527775769,                  0.00418682368524221
         149,3058.28028965789,          0.997084071192031,                  0.00418463364483493
         150,3058.27939505263,           0.99732323462761,                   0.0039923347173427
         151,3058.27850044736,          0.997182124446353,                  0.00342021307927484
         152, 3058.2776058421,          0.997231074259626,                  0.00246886382886596
         153,3058.27671123685,          0.997279972970562,                   0.0022777616436328
         154,3058.27581663158,            0.9971409979378,                  0.00208686281912401
         155,3058.27492202631,          0.997189892715337,                  0.00208577463773887
         156,3058.27402742104,          0.997049219474014,                  0.00151613642953661
         157,3058.27313281578,           0.99747694778873,                 0.000757673336717608
         158,3058.27223821053,          0.997146951857889,                  0.00113591830475552
         159,3058.27134360526,          0.997197628675392,                  0.00113532936851088
         160,     3058.270449,          0.997624613243159,                   0.0011347388965799
         161,3058.26955439473,          0.997295054543117,                  0.00132317387827934
         162,3058.26865978947,          0.997156648813066,                  0.00170034290248533
         163, 3058.2677651842,          0.997394161410929,                  0.00207711771592583
         164,3058.26687057895,          0.997255847837329,                  0.00207604358936613
         165,3058.26597597368,           0.99730442967655,                  0.00226359999170013
         166,3058.26508136842,           0.99697776973358,                  0.00282803830295078
         167,3058.26418676315,          0.997591759974976,                  0.00301501098594628
         168,3058.26329215789,          0.997641971402311,                  0.00263677319230364
         169,3058.26239755263,          0.997690252942716,                  0.00207067788346601
         170,3058.26150294736,          0.997552215329792,                  0.00188146400477139
         171, 3058.2606083421,          0.997600493440847,                    0.001504392827055
         172,3058.25971373684,            0.9974626444883,                  0.00150361808100742
         173,3058.25881913157,          0.997888503993808,                   0.0015028441325208
         174,3058.25792452631,          0.997373258305029,                  0.00131430964008569
         175,3058.25702992105,          0.997798725024537,                   0.0015012958059425
         176,3058.25613531579,           0.99766105783208,                  0.00131295871495104
         177,3058.25524071052,          0.997711001254169,                  0.00112481510851654
         178,3058.25434610526,          0.997946396450414,                  0.00187372586641084
         179,    3058.2534515,          0.997996142105362,                  0.00243459370376613
         180,3058.25255689473,          0.997858656344292,                  0.00262052545278936
         181,3058.25166228948,          0.997908395975439,                  0.00187084438690559
         182,3058.25076768421,          0.997771096052297,                  0.00130892010351688
         183,3058.24987307894,          0.997820829579902,                 0.000747571327649299
         184,3058.24897847368,          0.997683715022229,                 0.000560391526880114
         185,3058.24808386841,          0.997920143984287,                 0.000560104851628225
         186,3058.24718926316,          0.998158193798319,                 0.000186606504729542
         187,3058.24629465789,          0.997834605650169,                 0.000373022282486044
         188,3058.24540005263,          0.997697763941577,                 -0.00018641587517593
         189,3058.24450544736,          0.997933703366256,                 0.000745282825516248
         190, 3058.2436108421,          0.997798808898622,                  0.00148980785203228
         191,3058.24271623684,          0.997848325565466,                  0.00223357207737094
         192,3058.24182163157,          0.997711755622942,                  0.00241846966680929
         193,3058.24092702632,          0.997763121440379,                  0.00204535861644506
         194,3058.24003242105,          0.997812580727294,                  0.00167262306324188
         195,3058.23913781578,           0.99804959598774,                   0.0011145165784341
         196,3058.23824321052,          0.998100712372105,                 0.000556975843957648
         197,3058.23734860526,           0.99814992475371,                 0.000927821086404266
         198,     3058.236454,          0.997829997959827,                  0.00166923233859451
         199,3058.23555939473,          0.998251900571515,                  0.00240989316758212
         200,3058.23466478947,           0.99811752847794,                  0.00389093523260381
         201, 3058.2337701842,          0.998351821330025,                  0.00481490397970333
         202,3058.23287557894,           0.99821753479324,                  0.00610813622254346
         203,3058.23198097368,          0.998083383900425,                  0.00647505439045688
         204,3058.23108636842,          0.998134276611521,                  0.00665669395294827
         205,3058.23019176316,          0.998371777977789,                  0.00628371722533225
         206,3058.22929715789,          0.998422474018849,                  0.00591110437902001
         207,3058.22840255262,          0.998103861144293,                  0.00535423824883176
         208,3058.22750794737,           0.99815464107769,                  0.00461339730577597
         209, 3058.2266133421,          0.998391654308965,                  0.00405775289022672
         210,3058.22571873684,          0.998626588870761,                  0.00424006120436173
         211,3058.22482413158,          0.998677029322779,                  0.00405367059872715
         212,3058.22392952631,          0.998729258365716,                  0.00349914363063777
         213,3058.22303492105,          0.998413288615806,                   0.0031292451892457
         214,3058.22214031578,          0.998647741175821,                  0.00257573109367382
         215,3058.22124571053,          0.998883795169978,                  0.00147111015488951
         216,3058.22035110526,          0.998568222629434,                 0.000183796838326787
         217,    3058.2194565,          0.998804080455441,                -0.000551114997492427
         218,3058.21856189473,          0.998488862938216,                 -0.00146890601388483
         219,3058.21766728947,          0.998908046504372,                 -0.00238578074674937
         220,3058.21677268421,          0.998776521689684,                 -0.00293488050450596
         221,3058.21587807895,          0.999011805169781,                   -0.002933416935716
         222,3058.21498347368,          0.999246854104095,                 -0.00256546047266777
         223,3058.21408886842,          0.999481668843169,                 -0.00183155885805968
         224,3058.21319426315,          0.998985819783471,                -0.000366130042068342
         225,3058.21229965789,          0.999220531136671,                  0.00109784346947812
         226,3058.21140505263,          0.998908187133433,                  0.00201171549953639
         227,3058.21051044737,          0.999325496418185,                  0.00274188447892313
         228, 3058.2096158421,          0.999378813899953,                  0.00365403588263237
         229,3058.20872123684,          0.999432078610547,                  0.00365222758490973
         230,3058.20782663157,          0.999485290628274,                  0.00365042107607113
         231,3058.20693202631,           0.99972088084896,                  0.00291889308277069
         232,3058.20603742105,          0.999591556897583,                  0.00273511006082885
         233,3058.20514281579,          0.999462360692188,                  0.00236925796662991
         234,3058.20424821052,          0.999697613331245,                  0.00163944579445722
         235,3058.20335360526,          0.999750563053836,                 0.000364141527245979
         236,3058.20245899999,          0.999805280005532,                 -0.00109188781944543
         237,3058.20156439474,          0.999858124552092,                 -0.00218269919858561
         238,3058.20066978947,          0.999730932573157,                 -0.00327244167781721
         239,3058.19977518421,          0.999965474570204,                    -0.00399768134482
         240,3058.19888057894,           1.00001997860473,                 -0.00381409726674525
         241,3058.19798597367,           1.00025596386734,                 -0.00363069315378345
         242,3058.19709136842,           1.00031027218673,                 -0.00344746874143803
         243,3058.19619676315,           1.00036452732051,                 -0.00380849439335218
         244, 3058.1953021579,           1.00023746123128,                 -0.00416916665609269
         245,3058.19440755263,           1.00029169890151,                 -0.00507302437407032
         246,3058.19351294737,           1.00034588353323,                 -0.00543272565278726
         247, 3058.1926183421,            1.0004000152042,                   -0.005973077709741
         248,3058.19172373684,           1.00045590395623,                 -0.00687474219716761
         249,3058.19082913158,           1.00069075509296,                 -0.00741386356321132
         250,3058.18993452632,           1.00074644804595,                 -0.00759099707746613
         251,3058.18903992105,           1.00062143667488,                 -0.00704535765125841
         252,3058.18814531578,           1.00067710919514,                 -0.00613912336929536
         253,3058.18725071052,           1.00055225286684,                 -0.00523376899948384
         254,3058.18635610526,           1.00060790492872,                 -0.00450968048011862
         255,    3058.1854615,            1.0006635030074,                 -0.00378629433570367
         256,3058.18456689474,           1.00089925950755,                 -0.00432509582790444
         257,3058.18367228947,            1.0009546625358,                 -0.00450312516886719
         258,3058.18277768421,            1.0008317760038,                 -0.00522110478577267
         259,3058.18188307895,           1.00088895926983,                 -0.00593839188347795
         260,3058.18098847368,           1.00094428706327,                 -0.00647511129097531
         261,3058.18009386842,           1.00082158337273,                 -0.00557310384130677
         262,3058.17919926316,           1.00069899786347,                 -0.00503134708927586
         263,3058.17830465789,           1.00057653036483,                 -0.00413090292557729
         264,3058.17741005263,           1.00081321683808,                 -0.00376987938181159
         265,3058.17651544736,           1.00104967567713,                 -0.00358863479360864
         266,3058.17562084211,           1.00128770297463,                 -0.00322822472748403
         267,3058.17472623684,           1.00080666845926,                 -0.00322667383705297
         268,3058.17383163158,           1.00086540994093,                 -0.00268760851219368
         269,3058.17293702631,           1.00074500702026,                 -0.00196997048626035
         270,3058.17204242104,           1.00062292804823,                -0.000716009250839521
         271,3058.17114781579,           1.00086058981713,                 0.000536750405693848
         272,3058.17025321052,           1.00074036188317,                  0.00178831372745383
         273,3058.16935860526,           1.00062203727934,                  0.00232370248028428
         274,3058.16846399999,           1.00085935978589,                  0.00303723832851842
         275,3058.16756939474,           1.00073930419689,                  0.00232148660859379
         276,3058.16667478947,            1.0009781312695,                  0.00124943775301114
         277,3058.16578018421,           1.00085991886077,                 0.000356812805297956
         278,3058.16488557895,           1.00109667697959,                -0.000356642920192231
         279,3058.16399097368,           1.00097852066924,                  -0.0010694214964415
         280,3058.16309636841,           1.00103862879621,                 -0.00178152452179428
         281,3058.16220176315,           1.00092061191311,                 -0.00249295295619704
         282,3058.16130715789,           1.00080448804659,                 -0.00213580897324543
         283,3058.16041255263,           1.00086459330314,                 -0.00124529899628901
         284,3058.15951794737,           1.00092642150578,                -0.000711264111924521
         285, 3058.1586233421,           1.00116592374574,                 0.000177732278314529
         286,3058.15772873684,           1.00122577321419,                 0.000355296583823347
         287,3058.15683413158,           1.00110977937586,                 0.000532694100412838
         288,3058.15593952632,           1.00099389464717,                                    0
         289,3058.15504492105,           1.00123469054681,                -0.000532194201211984
         290,3058.15415031579,           1.00111885582364,                 -0.00106388826336199
         291,3058.15325571052,           1.00118213574888,                 -0.00177231746459353
         292,3058.15236110525,           1.00124358279392,                 -0.00248007964598635
         293,    3058.1514665,           1.00112967940478,                 -0.00283305179881083
         294,3058.15057189473,           1.00101588245497,                 -0.00265474509137633
         295,3058.14967728948,           1.00090219179536,                 -0.00212280422438041
         296,3058.14878268421,           1.00131906060252,                 -0.00106090665082379
         297,3058.14788807894,           1.00120533457755,                -0.000176735275300538
         298,3058.14699347368,           1.00127013625259,                 0.000176653164476462
         299,3058.14609886842,           1.00098173548232,                                    0
         300,3058.14520426316,           1.00122130291136,                                    0
         301,3058.14430965789,           1.00110959989133,                  -0.0008820348897721
         302,3058.14341505263,           1.00117432564438,                 -0.00158692654645992
         303,3058.14252044736,            1.0012407560152,                 -0.00229116877806682
         304, 3058.1416258421,           1.00112919904379,                 -0.00264243145973199
         305,3058.14073123684,           1.00136990643081,                 -0.00299336880768838
         306,3058.13983663157,             1.001260155161,                 -0.00316798783492671
         307,3058.13894202631,            1.0009745868561,                  -0.0035183641014274
         308,3058.13804742105,           1.00139263031292,                 -0.00316506889299957
         309,3058.13715281578,           1.00110726400337,                 -0.00316361143821291
         310,3058.13625821052,           1.00117351097619,                 -0.00316215532506957
         311,3058.13536360526,           1.00124145511885,                 -0.00228273218459226
         312,     3058.134469,           1.00113206553694,                 -0.00175514036735088
         313,3058.13357439473,            1.0010245326447,                -0.000877168360186381
         314,3058.13267978947,           1.00109245156301,                -0.000701413523603442
         315,3058.13178518421,           1.00116030834055,                 -0.00087636581612443
         316,3058.13089057894,           1.00122810306255,                 -0.00140154415126866
         317,3058.12999597369,            1.0012958358141,                 -0.00192624242636501
         318,3058.12910136842,           1.00119022614297,                 -0.00245046558846181
         319,3058.12820676315,           1.00125791445132,                 -0.00297420663038135
         320,3058.12731215789,           1.00150216581183,                 -0.00244823298784103
         321,3058.12641755262,           1.00122181223246,                 -0.00244712035112681
         322,3058.12552294737,           1.00129114317712,                 -0.00157243418052593
         323, 3058.1246283421,           1.00136215989662,                 -0.00122245118927037
         324,3058.12373373684,           1.00125680770842,                -0.000872783130847647
         325,3058.12283913157,            1.0009788201466,                -0.000523433233473904
         326,3058.12194452632,            1.0012242805172,                                    0
         327,3058.12104992105,           1.00112087885269,                 -0.00017432019482025
         328,3058.12015531578,           1.00154029509545,                                    0
         329,3058.11926071053,            1.0012626812383,                -0.000348325858840946
         330,3058.11836610526,           1.00115940212453,                -0.000348168806163981
         331,    3058.1174715,           1.00123196425216,                                    0
         332,3058.11657689473,            1.0013044612575,                 0.000173928167666754
         333,3058.11568228947,           1.00120304307311,                  0.00139080124059471
         334,3058.11478768421,           1.00110171582683,                  0.00243281097406276
         335,3058.11389307894,           1.00134786807568,                  0.00330019245332833
         336,3058.11299847368,           1.00124830506562,                  0.00381957043721928
         337,3058.11210386842,           1.00132237027062,                  0.00381786692304222
         338,3058.11120926315,            1.0012211706586,                  0.00346923482556687
         339,3058.11031465789,            1.0012951818196,                  0.00294753560016159
         340,3058.10942005263,           1.00137086249954,                  0.00190638274273018
         341,3058.10852544737,            1.0012715108806,                 0.000692921460817024
         342, 3058.1076308421,           1.00134540096239,                                    0
         343,3058.10673623684,           1.00142095853259,                 -0.00103845934172062
         344,3058.10584163158,           1.00149644917695,                 -0.00172999904850052
         345,3058.10494702631,           1.00139894966375,                 -0.00190215652673135
         346,3058.10405242105,           1.00164723004354,                 -0.00172846804149015
         347,3058.10315781579,           1.00155148047173,                -0.000691082615471266
         348,3058.10226321053,           1.00145581523062,                 0.000518083711966179
         349,3058.10136860526,           1.00135850567828,                  0.00224403733387651
         350,     3058.100474,           1.00126300968998,                  0.00396847306959666
         351,3058.09957939473,           1.00151253054812,                  0.00517399275296082
         352,3058.09868478947,           1.00141877716234,                  0.00655085445552918
         353,3058.09779018421,           1.00149569556736,                  0.00758186693134275
         354,3058.09689557895,           1.00157427151189,                  0.00757854994781135
         355,3058.09600097368,           1.00148061428276,                  0.00654224915639419
         356,3058.09510636842,           1.00138703893002,                  0.00464640832636372
         357,3058.09421176315,           1.00163757336397,                  0.00206416810585054
         358,3058.09331715789,           1.00154573324324,                                    0
         359,3058.09242255263,           1.00162411597391,                 -0.00103118474534033
         360,3058.09152794737,           1.00187594054711,                 -0.00188968370130629
         361, 3058.0906333421,           1.00161240192939,                 -0.00206057754554306
         362,3058.08973873684,           1.00186573248451,                  -0.0018880457524978
         363,3058.08884413158,           1.00177399265011,                 -0.00154409418288252
         364,3058.08794952631,           1.00185554210297,                -0.000514475629289441
         365,3058.08705492105,           1.00210672110887,                -0.000514252508266609
         366,3058.08616031579,           1.00201671284374,                -0.000171343487148382
         367,3058.08526571052,           1.00175722844312,                 0.000171269828764425
         368,3058.08437110526,           1.00183864440206,                 0.000855979703009282
         369,    3058.0834765,             1.001750582244,                   0.0013689792719426
         370,3058.08258189473,           1.00200297966745,                   0.0013683891835677
         371,3058.08168728947,           1.00208589796198,                  0.00170975242784845
         372,3058.08079268421,           1.00217045784697,                  0.00136721754140106
         373,3058.07989807895,           1.00225323336425,                  0.00085414456567603
         374,3058.07900347368,           1.00199442653407,                 0.000341511392820064
         375,3058.07810886842,           1.00173755124752,                -0.000853414168723395
         376,3058.07721426315,           1.00216333522142,                 -0.00119427023264384
         377,3058.07631965789,           1.00207714425068,                    -0.00170537294801
         378,3058.07542505263,           1.00216319969453,                 -0.00170464908946169
         379,3058.07453044737,           1.00207708206604,                 -0.00153353064760999
         380, 3058.0736358421,           1.00233338442934,                 -0.00102192018803331
         381,3058.07274123684,           1.00190847817167,                 -0.00034049565953158
         382,3058.07184663158,           1.00233481045832,                 0.000510527068145153
         383,3058.07095202631,           1.00225217562887,                 0.000850519497308956
         384,3058.07005742105,           1.00216790648247,                 0.000680127523910733
         385,3058.06916281579,           1.00225537201741,                 0.000679840849257189
         386,3058.06826821053,           1.00200298664166,                -0.000169888604042329
         387,3058.06737360526,           1.00209044796041,                 -0.00118871939259835
         388,     3058.066479,           1.00217953679751,                 -0.00152771270853278
         389,3058.06558439474,           1.00209717593881,                 -0.00152706985835579
         390,3058.06468978947,           1.00235579051273,                -0.000678413394594063
         391,3058.06379518421,           1.00210559151525,                 0.000339064656239298
         392,3058.06290057895,           1.00202506333619,                  0.00152515230340363
         393,3058.06200597368,           1.00211569049599,                   0.0016939075228127
         394,3058.06111136842,           1.00186590540435,                  0.00203183891581075
         395,3058.06021676316,           1.00229502203627,                  0.00253874119056807
         396,3058.05932215789,           1.00221624456513,                  0.00270686359099291
         397,3058.05842755263,           1.00213922734152,                  0.00253663321129309
         398,3058.05753294737,           1.00206058003891,                  0.00219750127201516
         399, 3058.0566383421,           1.00181472257049,                  0.00253452872972799
         400,3058.05574373684,           1.00207576456202,                  0.00287127726235536
         401,3058.05484913157,           1.00199893300198,                  0.00354540481769866
         402,3058.05395452632,           1.00225968296935,                  0.00421897492410064
         403,3058.05305992105,           1.00201583994737,                  0.00421723838361687
         404,3058.05216531578,           1.00210774808195,                  0.00455273585701037
         405,3058.05127071052,           1.00220126952236,                  0.00404521198596311
         406,3058.05037610526,           1.00212792125849,                  0.00404355583560924
         407,    3058.0494815,           1.00188453318648,                   0.0042103064934715
         408,3058.04858689474,           1.00214806135779,                  0.00437692753154755
         409,3058.04769228947,           1.00207313871856,                  0.00420685616590495
         410,3058.04679768421,           1.00216816846114,                  0.00370052025950739
         411,3058.04590307895,           1.00209666870112,                  0.00302646644909736
         412,3058.04500847368,           1.00185547465865,                  0.00201682028114475
         413,3058.04411386842,           1.00212016033923,                  0.00134400021504003
         414,3058.04321926316,           1.00221669913347,                 0.000503795257607308
         415,3058.04232465789,            1.0021452959602,                -0.000335727067323349
         416,3058.04143005263,           1.00207395077555,                -0.000838976850950729
         417,3058.04053544737,           1.00217207168675,                 -0.00134182034702829
         418, 3058.0396408421,           1.00243777307585,                 -0.00167659771379136
         419,3058.03874623684,           1.00236807572479,                -0.000837960270627649
         420,3058.03785163158,           1.00229843465209,                 -0.00050257317465423
         421,3058.03695702631,           1.00222884978959,                                    0
         422,3058.03606242105,           1.00232838808923,                 0.000167389510368943
         423,3058.03516781579,           1.00226052415381,                                    0
         424,3058.03427321052,           1.00219271470122,                -0.000167255125951473
         425,3058.03337860526,           1.00212495966589,                -0.000835940073128038
         426,     3058.032484,           1.00222605486924,                -0.000835606182148778
         427,3058.03158939473,           1.00215834068372,                -0.000668216929944137
         428,3058.03069478947,           1.00242632926273,                -0.000500962683289722
         429,3058.02980018421,           1.00219501406311,                 0.000166921221529499
         430,3058.02890557895,            1.0021290654137,                  0.00100112793747622
         431,3058.02801097368,           1.00223162908924,                  0.00216824948879349
         432,3058.02711636842,           1.00233244025935,                   0.0028342733673335
         433,3058.02622176315,           1.00226985624244,                   0.0026664977884734
         434,3058.02532715789,           1.00220565206672,                  0.00283203059925767
         435,3058.02443255263,            1.0024745468049,                  0.00266438417755456
         436,3058.02353794737,           1.00224552268744,                   0.0024968747451107
         437,3058.02264334211,           1.00201667920158,                  0.00199671208077366
         438,3058.02174873684,           1.00228699738035,                  0.00133061665765728
         439,3058.02085413158,           1.00205998393911,                  0.00133009455309654
         440,3058.01995952631,           1.00216387623027,                 0.000830981655248979
         441,3058.01906492105,           1.00260161413045,                 0.000996787023162008
         442,3058.01817031579,           1.00220867861235,                 0.000830330305395486
         443,3058.01727571052,           1.00214971655282,                 0.000498003834629527
         444,3058.01638110526,           1.00242101018683,                 0.000331872541031891
         445,    3058.0154865,           1.00236201142523,                -0.000497614766552326
         446,3058.01459189473,           1.00213725168336,                 -0.00132645566073244
         447,3058.01369728947,           1.00240989415692,                   -0.002154650896832
         448,3058.01280268421,           1.00235262931177,                 -0.00231949368766361
         449,3058.01190807895,           1.00212813527322,                 -0.00182175003933324
         450,3058.01101347368,           1.00207102403944,                -0.000993296901410316
         451,3058.01011886842,           1.00217944241357,                -0.000165485376884672
         452,3058.00922426315,           1.00212235553343,                  0.00066168527932217
         453,3058.00832965789,           1.00223232740802,                 0.000826787928896238
         454,3058.00743505263,           1.00234221457462,                  0.00132235120656283
         455,3058.00654044737,           1.00245201713107,                  0.00132184211917729
         456,3058.00564584211,           1.00206623514119,                  0.00132133342362445
         457,3058.00475123684,           1.00201095624437,                  0.00115572197952061
         458,3058.00385663157,            1.0021224134118,                  0.00132031938525929
         459,3058.00296202632,           1.00223378525966,                  0.00131981403820202
         460,3058.00206742105,           1.00218015825112,                 0.000659654538917969
         461,3058.00117281579,           1.00212822427626,                                    0
         462,3058.00027821052,           1.00207467854018,                                    0
         463,3057.99938360526,           1.00235227452427,                -0.000329450213483738
         464,     3057.998489,           1.00213567197923,                -0.000164662450210192
         465,3057.99759439474,           1.00208383399118,                 0.000164599841325753
         466,3057.99669978947,           1.00203368412739,                 0.000493612652279503
         467,3057.99580518421,           1.00181744915665,                  0.00148027533121161
         468,3057.99491057895,            1.0020962637182,                  0.00147971556578569
         469,3057.99401597368,           1.00204616610924,                  0.00147915622354981
         470,3057.99312136842,           1.00199775252841,                  0.00180717745168265
         471,3057.99222676316,           1.00178350308911,                  0.00197072164542119
         472,3057.99133215789,           1.00206355486314,                  0.00196998077627092
         473,3057.99043755263,           1.00201518940811,                  0.00164103371996088
         474,3057.98954294737,           1.00180446194226,                  0.00131233595800525
         475, 3057.9886483421,           1.00175623002514,                  0.00180378433954436
         476,3057.98775373684,           1.00187359541813,                  0.00131135287358394
         477,3057.98685913158,           1.00182701524697,                  0.00131086295747069
         478,3057.98596452632,           1.00178046986714,                  0.00147417008319233
         479,3057.98506992105,           1.00206143029533,                  0.00180109080608638
         480,3057.98417531579,           1.00201647222113,                  0.00229144570583075
         481,3057.98328071052,           1.00197154754211,                  0.00229059465473376
         482,3057.98238610526,           1.00209020938075,                   0.0021261910758854
         483,    3057.9814915,           1.00188179822087,                  0.00245238690817773
         484,3057.98059689473,           1.00167354169799,                   0.0022880452902222
         485,3057.97970228947,           1.00146707574881,                  0.00212382903503011
         486,3057.97880768421,           1.00142407337244,                  0.00179642283220758
         487,3057.97791307895,           1.00154435364066,                   0.0016325091338886
         488,3057.97701847368,           1.00182937078457,                   0.0019582916516395
         489,3057.97612386842,           1.00162315152405,                  0.00228383129011998
         490,3057.97522926316,           1.00158178823606,                  0.00277220618691193
         491,3057.97433465789,           1.00154045529012,                  0.00309721169441931
         492,3057.97344005263,           1.00149915265285,                  0.00277017338026333
         493,3057.97254544737,           1.00162240350283,                  0.00211759493340978
         494, 3057.9716508421,            1.0014182688002,                  0.00113982567180511
         495,3057.97075623684,           1.00154145906344,                -0.000162772868367209
         496,3057.96986163158,           1.00150184598512,                -0.000976281247101665
         497,3057.96896702631,           1.00162654521796,                 -0.00113858165256994
         498,3057.96807242105,           1.00142433466011,                -0.000812976404172845
         499,3057.96717781579,           1.00154897138873,                                    0
         500,3057.96628321052,           1.00151104034315,                 0.000812387281264725
         501,3057.96538860526,           1.00163555538231,                 0.000812093039875392
         502,     3057.964494,           1.00159924664929,                  0.00178596072510005
         503,3057.96359939473,           1.00139903722867,                  0.00162301302630255
         504,3057.96270478947,           1.00136283989876,                 0.000973457070543189
         505,3057.96181018421,            1.0013266686345,                 0.000162184429646016
         506,3057.96091557895,           1.00145427308233,                 -0.00129701055280211
         507,3057.96002097369,           1.00158016287833,                 -0.00226895182529071
         508,3057.95912636842,           1.00154557502195,                 -0.00324019920744727
         509,3057.95823176316,           1.00151101192452,                  -0.0037248954195123
         510, 3057.9573371579,           1.00131457952882,                 -0.00453303285801246
         511,3057.95644255263,           1.00144358059776,                 -0.00517876447626507
         512,3057.95554794737,           1.00108553392577,                 -0.00630936260877584
         513,3057.95465334211,           1.00137624545362,                 -0.00679228073466602
         514,3057.95375873684,           1.00166675019278,                 -0.00678986499485102
         515,3057.95286413158,           1.00131062446165,                 -0.00646423902170207
         516,3057.95196952632,           1.00095636889992,                 -0.00565420802315964
         517,3057.95107492105,           1.00108522224447,                 -0.00371430232483027
         518,3057.95018031579,           1.00105416605456,                 -0.00177577742728595
         519,3057.94928571052,            1.0008617545581,                                    0
         520,3057.94839110526,           1.00099373431158,                  0.00145188454614089
         521,    3057.9474965,           1.00128527035025,                  0.00322527064052262
         522,3057.94660189474,           1.00093338771378,                  0.00419137833476539
         523,3057.94570728947,           1.00074290254118,                  0.00435105609800512
         524,3057.94481268421,           1.00071364479176,                  0.00402734081129975
         525,3057.94391807894,           1.00068440758485,                  0.00322074157574782
         526,3057.94302347368,           1.00065680176177,                  0.00289765483135649
         527,3057.94212886842,           1.00079013982739,                  0.00193109530116236
         528,3057.94123426316,           1.00076251636836,                  0.00128694745715269
         529,3057.94033965789,           1.00073491218845,                  0.00112568606545382
         530,3057.93944505263,           1.00054817951352,                 0.000482269366732095
         531,3057.93855044736,           1.00084207007823,                 0.000321400793217158
         532, 3057.9376558421,           1.00081607474474,                                    0
         533,3057.93676123684,           1.00079009744535,                -0.000160588911656828
         534,3057.93586663158,           1.00076413816132,                 0.000321066454334718
         535,3057.93497202632,           1.00057932499811,                                    0
         536,3057.93407742105,           1.00055506181078,                -0.000481267465998454
         537,3057.93318281579,           1.00053081535484,                -0.000641468706750977
         538,3057.93228821052,           1.00034627371013,                -0.000320623805676324
         539,3057.93139360526,           1.00080288590206,                -0.000320513334155984
         540,     3057.930499,           1.00061837767176,                -0.000480604408103631
         541,3057.92960439474,           1.00059574522603,                -0.000800732830686644
         542,3057.92870978947,           1.00041303658736,                -0.000960550203156368
         543,3057.92781518421,           1.00055052684138,                 -0.00112025810746796
         544,3057.92692057895,           1.00068952387656,                -0.000959894027699342
         545,3057.92602597368,           1.00034704285899,                -0.000799637923948036
         546,3057.92513136842,           1.00048601429905,                -0.000319746249376495
         547,3057.92423676316,           1.00062489112351,                -0.000159818701664831
         548,3057.92334215789,           1.00028438048191,                 0.000319528631363013
         549,3057.92244755263,           1.00058294137846,                 0.000958259800202832
         550,3057.92155294737,           1.00056358536083,                  0.00127724727666932
         551, 3057.9206583421,           1.00054424244165,                  0.00191522266857551
         552,3057.91976373684,           1.00036536470258,                  0.00191457486067479
         553,3057.91886913158,           1.00034610188793,                  0.00207342144842843
         554,3057.91797452631,             1.000486292142,                  0.00207272060523442
         555,3057.91707992105,           1.00030920966647,                  0.00239079639021622
         556,3057.91618531579,           1.00029157909999,                  0.00302732398899329
         557,3057.91529071053,           1.00027396038405,                  0.00318558586109571
         558,3057.91439610526,           1.00041557928727,                  0.00270683826959791
         559,    3057.9135015,           1.00055710306407,                  0.00206923995224831
         560,3057.91260689474,            1.0002227667632,                 0.000477357349711994
         561,3057.91171228947,           1.00036585171871,                -0.000954395787933256
         562,3057.91081768421,           1.00050884111436,                 -0.00206716702709579
         563,3057.90992307895,           1.00065173504586,                 -0.00333815511294091
         564,3057.90902847368,           1.00047830999255,                 -0.00397267435670484
         565,3057.90813386842,           1.00062111899909,                 -0.00349478720717257
         566,3057.90723926316,           1.00044781950016,                 -0.00301722358261952
         567,3057.90634465789,           1.00027463499739,                 -0.00285747396126853
         568,3057.90545005263,           1.00057765307807,                 -0.00285652621021494
         569,3057.90455544737,           1.00040612744787,                 -0.00285558361783407
         570, 3057.9036608421,           1.00055031060038,                 -0.00364759187570276
         571,3057.90276623684,           1.00053744603741,                  -0.0041220050066507
         572,3057.90187163158,           1.00052458995608,                 -0.00443761896384767
         573,3057.90097702631,           1.00051174234803,                 -0.00396085408688846
         574,3057.90008242105,           1.00034210559659,                 -0.00332602663355422
         575,3057.89918781579,           1.00064598664961,                 -0.00237495091768103
         576,3057.89829321052,           1.00047641734159,                 -0.00126622549260129
         577,3057.89739860526,             1.000781638149,                -0.000316452691904824
         578,     3057.896504,             1.000612135467,                -0.000316349078554221
         579,3057.89560939474,           1.00044274374624,                -0.000316245533031846
         580,3057.89471478947,           1.00027504402285,                -0.000474213832501352
         581,3057.89382018421,           1.00058151294498,                -0.000474059466019417
         582,3057.89292557894,             1.000571845608,                -0.000315936800002527
         583,3057.89203097368,           1.00087801858367,                  0.00094750206871285
         584,3057.89113636842,           1.00039466414082,                  0.00173652221959113
         585,3057.89024176316,           1.00038664572993,                  0.00284066250562214
         586,3057.88934715789,           1.00037705427531,                  0.00347079249236031
         587,3057.88845255263,           1.00036904675539,                  0.00378509492702652
         588,3057.88755794737,           1.00036104441162,                  0.00362621024767016
         589, 3057.8866633421,           1.00066984514756,                  0.00330982308207573
         590,3057.88576873684,           1.00066175080355,                  0.00220583601184849
         591,3057.88487413158,           1.00034021963067,                  0.00126007270619515
         592,3057.88397952631,            1.0004912705011,                  0.00110220945758698
         593,3057.88308492105,           1.00064222436297,                 0.000629631728402058
         594,3057.88219031579,             1.000635723907,                 0.000944144416329922
         595,3057.88129571052,           1.00062922762309,                 0.000786534528865817
         596,3057.88040110526,           1.00062430905342,                 0.000471770065560313
         597,    3057.8795065,           1.00046218711976,                -0.000786032516593146
         598,3057.87861189474,           1.00061448132904,                 -0.00172871985151868
         599,3057.87771728948,           1.00045246593937,                 -0.00251369966316425
         600,3057.87682268421,           1.00060466613791,                 -0.00376934735321141
         601,3057.87592807894,           1.00075834056871,                 -0.00439617720990333
         602,3057.87503347368,           1.00059643395279,                 -0.00517955801104972
         603,3057.87413886842,           1.00075001333706,                 -0.00564863601130982
         604,3057.87324426316,           1.00043292487812,                 -0.00564684623637698
         605, 3057.8723496579,           1.00074483515622,                 -0.00533145164451762
         606,3057.87145505263,           1.00058470640058,                 -0.00485949019245149
         607,3057.87056044737,           1.00073966351578,                 -0.00470125115964195
         608, 3057.8696658421,           1.00073786401683,                 -0.00501308886169984
         609,3057.86877123684,           1.00073606565079,                 -0.00516812052683507
         610,3057.86787663158,           1.00057770798662,                 -0.00532305461923721
         611,3057.86698202631,           1.00057596113514,                 -0.00563440240902005
         612,3057.86608742105,           1.00073224310471,                 -0.00469386605583823
         613,3057.86519281579,           1.00073044876457,                 -0.00359749926876917
         614,3057.86429821052,           1.00073022033265,                 -0.00234546145390465
         615,3057.86340360526,           1.00072999204356,                  -0.0015631521275282
         616,     3057.862509,           1.00104386091022,                -0.000937599619959621
         617,3057.86161439474,           1.00073109921079,                 -0.00109352446058001
         618,3057.86071978947,           1.00088860292567,                  -0.0012493538498058
         619,3057.85982518421,           1.00073376734891,                 -0.00156120712534932
         620,3057.85893057895,           1.00057902795097,                 -0.00202893891177081
         621,3057.85803597368,           1.00089245593889,                 -0.00218433271755954
         622,3057.85714136842,           1.00089373868204,                 -0.00202767938333591
         623,3057.85624676316,           1.00058472693252,                 -0.00155927182006003
         624,3057.85535215789,           1.00058610433904,                 -0.00140290932217657
         625,3057.85445755263,           1.00074487083192,                 -0.00171413789771895
         626,3057.85356294737,           1.00074775672981,                 -0.00249252243270189
         627, 3057.8526683421,            1.0009063754637,                 -0.00373763077814358
         628,3057.85177373684,           1.00091076808108,                 -0.00513766609840966
         629,3057.85087913158,           1.00060232244328,                 -0.00669247159201448
         630,3057.84998452631,           1.00076239672636,                 -0.00762396726361812
         631,3057.84908992105,           1.00076682941701,                 -0.00808826159926708
         632,3057.84819531579,           1.00046026770165,                 -0.00761929641239986
         633,3057.84730071053,           1.00062023842649,                 -0.00715061845077188
         634,3057.84640610526,           1.00062626554592,                 -0.00637143607507106
         635,    3057.8455115,           1.00063228899491,                 -0.00528202108769242
         636,3057.84461689474,           1.00063675472519,                 -0.00465918091599497
         637,3057.84372228947,           1.00064277130694,                 -0.00465776309374835
         638,3057.84282768421,           1.00064878422802,                 -0.00496676920975598
         639,3057.84193307895,           1.00065634615355,                 -0.00620658301227197
         640,3057.84103847368,           1.00066235130058,                 -0.00620469602418591
         641,3057.84014386842,           1.00051483404356,                 -0.00589267881178784
         642,3057.83924926316,            1.0003674059743,                 -0.00434066129974902
         643,3057.83835465789,           1.00022006701195,                 -0.00201469799677028
         644,3057.83746005263,           1.00053760692103,                  0.00030985989684764
         645,3057.83656544737,           1.00039030555349,                  0.00216836418605804
         646, 3057.8356708421,           1.00039947851022,                  0.00247738610991543
         647,3057.83477623684,           1.00056188732224,                  0.00232184843902129
         648,3057.83388163158,           1.00026151639274,                  0.00139269084893792
         649,3057.83298702631,           1.00042541671501,                                    0
         650,3057.83209242105,           1.00012526696555,                -0.000618602299035444
         651,3057.83119781579,           1.00028910983545,                 -0.00108222933057932
         652,3057.83030321053,           1.00014528458778,                 -0.00170013879314875
         653,3057.82940860526,           1.00015605710145,                 -0.00185414377957939
         654,     3057.828514,           0.99985634691756,                 -0.00108125976030016
         655,3057.82761939474,            1.0001760383949,                -0.000154419644649514
         656,3057.82672478947,          0.999878044827017,                  0.00138936273019039
         657,3057.82583018421,          0.999890427195044,                   0.0026235742031665
         658,3057.82493557895,          0.999901259557766,                  0.00323992076079511
         659,3057.82404097368,          0.999605155192518,                  0.00339319756430109
         660,3057.82314636842,          0.999617607332071,                  0.00354638361385742
         661,3057.82225176316,          0.999784197058914,                  0.00323704411628696
         662,3057.82135715789,          0.999488390154901,                  0.00292788766773714
         663,3057.82046255263,          0.999808973324049,                  0.00200269902206666
         664,3057.81956794737,          0.999821350467261,                  0.00138607396090655
         665,3057.81867334211,          0.999681296737372,                 0.000615851715224008
         666,3057.81777873684,          0.999695243020604,                 0.000461752999085729
         667,3057.81688413158,          0.999247563814744,                 0.000615489722091003
         668,3057.81598952632,          0.999569283780458,                   0.0006153088850603
         669,3057.81509492105,          0.999583250675488,                  0.00107647426995822
         670,3057.81420031579,          0.999597209368111,                  0.00138363194160458
         671,3057.81330571053,          0.999612696187824,                  0.00199799585646398
         672,3057.81241110526,          0.999472991182205,                  0.00199740951350787
         673,    3057.8115165,          0.999795709280482,                  0.00199682658175546
         674,3057.81062189474,          0.999504010147062,                  0.00122845784009471
         675,3057.80972728947,          0.999519506058368,                -0.000307024882831629
         676,3057.80883268421,          0.999536526898321,                 -0.00122774331570499
         677,3057.80793807895,          0.999705427498343,                 -0.00214792449124874
         678,3057.80704347368,          0.999569005845262,                 -0.00260743794681133
         679,3057.80614886842,          0.999739331769324,                 -0.00245334805342165
         680,3057.80525426316,           0.99960297934113,                 -0.00214605761551538
         681,3057.80435965789,          0.999619951329251,                 -0.00153245431753679
         682,3057.80346505263,          0.999636913488894,                -0.000766005297692639
         683,3057.80257044737,          0.999500709115581,                 0.000153156713011888
         684, 3057.8016758421,          0.999366113725934,                 0.000612450506343456
         685,3057.80078123684,          0.999690801497623,                 0.000765342827666225
         686,3057.79988663158,           0.99940167500394,                 0.000459072887002269
         687,3057.79899202632,          0.999420204718218,                 0.000152980285430617
         688,3057.79809742105,          0.999593188818504,                -0.000305873068793912
         689,3057.79720281579,          0.999611652860467,                -0.000305785149238442
         690,3057.79630821053,          0.999477257650839,                 0.000458545920316947
         691,3057.79541360526,          0.999497271667362,                  0.00183365957193217
         692,     3057.794519,          0.999517274249331,                  0.00305522627005756
         693,3057.79362439474,          0.999537265406542,                  0.00412337756546625
         694,3057.79272978947,          0.999709919235408,                  0.00473289668544558
         695,3057.79183518421,          0.999729843996355,                  0.00503680684761522
         696,3057.79094057895,          0.999597170427427,                  0.00457760877924329
         697,3057.79004597368,          0.999618640835939,                  0.00442376630310426
         698,3057.78915136842,           0.99948607444753,                  0.00427000459025493
         699,3057.78825676316,          0.999660021069546,                  0.00411633682612136
         700,3057.78736215789,          0.999833869067487,                  0.00426758358748318
         701,3057.78646755263,          0.999855248021088,                  0.00441874461941657
         702,3057.78557294737,          0.999876614860141,                   0.0045698199947904
         703, 3057.7846783421,          0.999747207865186,                  0.00411167930119726
         704,3057.78378373684,          0.999768593229525,                  0.00319706722366682
         705,3057.78288913158,          0.999791488150591,                  0.00258737331383164
         706,3057.78199452632,          0.999966525770592,                  0.00182586705861946
         707,3057.78109992105,           1.00013994353583,                   0.0015211253894081
         708,3057.78020531579,          0.999860095621601,                  0.00152069976520396
         709,3057.77931071053,           1.00003496625756,                  0.00182432648146712
         710,3057.77841610526,           1.00020973855633,                  0.00212778245552175
         711,    3057.7775215,           1.00008204866397,                  0.00182330364387233
         712,3057.77662689474,           1.00010481049806,                  0.00212658981576137
         713,3057.77573228947,           1.00028093513436,                  0.00151856829381259
         714,3057.77483768421,           1.00030514696394,                                    0
         715,3057.77394307895,           1.00017757325656,                   -0.001365948127361
         716,3057.77304847368,           1.00020180042393,                 -0.00273113355698283
         717,3057.77215386842,           1.00037921880925,                 -0.00303375047402351
         718,3057.77125926316,           1.00040337622871,                 -0.00272961357770452
         719,3057.77036465789,           1.00042903685017,                  -0.0016676343999624
         720,3057.76947005263,           1.00030312215823,                -0.000757805395574416
         721,3057.76857544737,           1.00047879948605,                 0.000151518824698781
         722, 3057.7676808421,           1.00050441782155,                  0.00106033776302057
         723,3057.76678623684,           1.00038010203695,                  0.00106004552138339
         724,3057.76589163158,           1.00070851979919,                  0.00121114495588405
         725,3057.76499702632,           1.00058270207275,                  0.00121080950182757
         726,3057.76410242105,            1.0006097773178,                     0.00166440458952
         727,3057.76320781579,            1.0006368376548,                   0.0024202856239572
         728,3057.76231321053,           1.00066388309608,                  0.00347820300909928
         729,3057.76141860526,           1.00069091365394,                  0.00423316899566554
         730,     3057.760524,           1.00086907235972,                  0.00513886264878141
         731,3057.75962939474,           1.00074493016846,                  0.00498634798362665
         732,3057.75873478947,           1.00092297606154,                  0.00422967753240613
         733,3057.75784018421,           1.00080039868916,                  0.00347342827370615
         734,3057.75694557895,           1.00082886566186,                  0.00211368292642421
         735,3057.75605097368,           1.00100674230567,                 0.000905615267465922
         736,3057.75515636842,           1.00103513732922,                 0.000301789308811946
         737,3057.75426176316,           1.00106351684656,                                    0
         738,3057.75336715789,           1.00109339064208,                 0.000150812502356445
         739,3057.75247255263,           1.00127251016199,                 0.000452314038621588
         740,3057.75157794737,           1.00115007152149,                 0.000150730212514527
         741,3057.75068334211,           1.00117989744084,                -0.000602757313329827
         742,3057.74978873684,           1.00105905871825,                -0.000753242331616443
         743,3057.74889413158,           1.00123950076584,                  -0.0013554686382209
         744,3057.74799952632,           1.00126927819778,                 -0.00150566808751545
         745,3057.74710492105,           1.00129903949351,                 -0.00150526013152963
         746,3057.74621031579,           1.00132878466616,                 -0.00165533763620795
         747,3057.74531571053,           1.00120806924057,                 -0.00150444488240507
         748,3057.74442110526,           1.00138973282236,                 -0.00180484782124787
         749,    3057.7435265,           1.00156979261897,                  -0.0027065389982197
         750,3057.74263189474,           1.00160093801439,                 -0.00285613354679174
         751,3057.74173728947,           1.00163206665324,                 -0.00330621237304896
         752,3057.74084268421,           1.00136269461968,                 -0.00405653304647134
         753,3057.73994807895,           1.00169427371533,                 -0.00480645025624388
         754,3057.73905347368,            1.0015751909675,                  -0.0063067703179363
         755,3057.73815886842,           1.00145767561538,                 -0.00750605363225441
         756,3057.73726426316,            1.0017889624618,                 -0.00825444088919839
         757,3057.73636965789,           1.00167145296375,                 -0.00915248032216731
         758,3057.73547505263,           1.00170400681603,                  -0.0094500378001512
         759,3057.73458044737,           1.00173654328911,                 -0.00974743642422043
         760, 3057.7336858421,           1.00176906239693,                 -0.00929507361098618
         761,3057.73279123684,           1.00165168360816,                 -0.00779378835068451
         762,3057.73189663158,           1.00168420800269,                 -0.00644314449425811
         763,3057.73100202632,           1.00171671505227,                 -0.00419441723066598
         764,3057.73010742105,           1.00175070499947,                 -0.00209665269397407
         765,3057.72921281579,           1.00178317704957,                 0.000449162984777866
         766,3057.72831821053,            1.0012184060136,                   0.0028439452405828
         767,3057.72742360526,           1.00140214256962,                  0.00389068375774209
         768,     3057.726529,           1.00173538387888,                  0.00493686793130273
         769,3057.72563709091,           1.00147019893302,                  0.00523468592632254
         770,3057.72474518182,              1.00165372297,                  0.00463520904792806
         771,3057.72385327273,           1.00138869995859,                  0.00313914952965076
         772,3057.72296136364,           1.00142420125922,                   0.0014944399362173
         773,3057.72206945455,            1.0013087831902,                -0.000298808947535125
         774,3057.72117754545,           1.00119492158327,                 -0.00209111277072442
         775,3057.72028563636,            1.0013797717105,                 -0.00283719291119885
         776,3057.71939372727,           1.00156452470098,                 -0.00298573416217314
         777,3057.71850181818,           1.00115219065472,                 -0.00298494988269147
         778,3057.71760990909,           1.00148611467553,                 -0.00328258261663613
         779,     3057.716718,           1.00137235597721,                 -0.00387839732688923
         780,3057.71582609091,           1.00125865699509,                 -0.00417563932020592
         781,3057.71493418182,           1.00114651029996,                 -0.00417454985679803
         782,3057.71404227273,           1.00133103395851,                 -0.00447155865119905
         783,3057.71315036364,           1.00121892704617,                 -0.00387434024456028
         784,3057.71225845455,           1.00110687858749,                 -0.00283051051981581
         785,3057.71136654545,           1.00099488853674,                 -0.00193616032598982
         786,3057.71047463636,           1.00088295684828,                -0.000744483008664293
         787,3057.70958272727,           1.00106879910447,                  0.00044657344197969
         788,3057.70869081818,           1.00080808742226,                  0.00119055237165473
         789,3057.70779890909,           1.00084507209893,                  0.00208292418751079
         790,     3057.706907,           1.00103226804461,                  0.00252861048391655
         791,3057.70601509091,           1.00077176901652,                  0.00297406172070289
         792,3057.70512318182,           1.00081022217927,                  0.00297329240100795
         793,3057.70423127273,           1.00084865545332,                  0.00297252347921983
         794,3057.70333936364,           1.00088558166073,                  0.00222881290452954
         795,3057.70244745455,           1.00077542641025,                  0.00103984384516428
         796,3057.70155554545,           1.00081383882427,                                    0
         797,3057.70066363636,           1.00055677220593,                 -0.00103930811773876
         798,3057.69977172727,           1.00074365554944,                 -0.00222651362106816
         799,3057.69887981818,           1.00063365055433,                  -0.0031163142016374
         800,3057.69798790909,           1.00067354453554,                 -0.00356058785305454
         801,     3057.697096,           1.00071193379016,                 -0.00296639079232298
         802,3057.69620409091,           1.00060350567103,                 -0.00148281491652493
         803,3057.69531218182,           1.00064337663031,                 -0.00029648692640898
         804,3057.69442027273,           1.00038681623561,                  0.00148205454257128
         805,3057.69352836364,           1.00057488976341,                  0.00325968422549903
         806,3057.69263645455,           1.00076286689824,                   0.0045920143389351
         807,3057.69174454545,           1.00065456462567,                  0.00533129559368419
         808,3057.69085263636,           1.00054631783261,                  0.00636630536649932
         809,3057.68996072727,           1.00029159136357,                  0.00725278010902853
         810,3057.68906881818,           1.00033147078322,                  0.00828676958045269
         811,3057.68817690909,           1.00037280974276,                  0.00932024356903194
         812,     3057.687285,           1.00011832219133,                   0.0102052890019523
         813,3057.68639309091,           1.00030608035275,                   0.0107941380437177
         814,3057.68550118182,           1.00034739417413,                   0.0106435661859815
         815,3057.68460927273,            1.0003886869917,                  0.00975412222506307
         816,3057.68371736364,           1.00042995882147,                  0.00797861730562094
         817,3057.68282545454,           1.00032497267275,                   0.0056131643475435
         818,3057.68193354545,           1.00036623978073,                  0.00310122394971882
         819,3057.68104163636,           1.00040748592992,                  0.00103347880777885
         820,3057.68014972727,           1.00045018782426,                  -0.0010332179573281
         821,3057.67925781818,           1.00049139178977,                 -0.00177078122440668
         822,3057.67836590909,           1.00053405090892,                 -0.00191786238009672
         823,     3057.677474,           1.00042919784251,                 -0.00235985068044819
         824,3057.67658209091,            1.0006193046094,                 -0.00221180217641334
         825,3057.67569018182,           1.00080784017737,                 -0.00235865745217822
         826,3057.67479827273,           1.00055561860099,                 -0.00235806302807716
         827,3057.67390636364,           1.00059968203591,                 -0.00206278832992237
         828,3057.67301445454,           1.00064224940489,                 -0.00162035400315822
         829,3057.67212254545,           1.00053752752067,                 -0.00044180344164881
         830,3057.67123063636,           1.00058008910404,                  0.00103061515946561
         831,3057.67033872727,           1.00062410211724,                  0.00264949012034573
         832,3057.66944681818,           1.00096093426945,                  0.00412039196700155
         833,3057.66855490909,           1.00056346979699,                  0.00485496169729461
         834,     3057.667663,            1.0003132873551,                  0.00514791428575631
         835,3057.66677109091,           1.00065141598425,                  0.00455844142476292
         836,3057.66587918182,            1.0006938849915,                  0.00367523830245153
         837,3057.66498727273,           1.00073780346209,                  0.00249853762062793
         838,3057.66409536364,           1.00078317050342,                  0.00146936304581327
         839,3057.66320345455,            1.0005332455853,                 0.000440698830826002
         840,3057.66231154545,           1.00072403426606,                -0.000440588802876164
         841,3057.66141963636,           1.00062107515009,                -0.000734131383088843
         842,3057.66052772727,           1.00066642593131,                 -0.00102752896897743
         843,3057.65963581818,            1.0010037921035,                  -0.0010272726205431
         844,3057.65874390909,           1.00075559174571,                 -0.00146716843827256
         845,     3057.657852,           1.00065272715272,                  -0.0023468841445974
         846,3057.65696009091,           1.00084466890739,                 -0.00322616596570879
         847,3057.65606818182,           1.00059669282634,                 -0.00381179692505274
         848,3057.65517627273,           1.00093512462954,                 -0.00395742398081675
         849,3057.65428436364,           1.00083378392834,                 -0.00410297890922306
         850,3057.65339245455,           1.00087899208907,                 -0.00410196308233226
         851,3057.65250054546,           1.00092417786982,                 -0.00366156049849949
         852,3057.65160863636,            1.0009693412872,                 -0.00366065440786719
         853,3057.65071672727,           1.00086809240719,                 -0.00395252866681208
         854,3057.64982481818,           1.00076835827449,                 -0.00395155684021807
         855,3057.64893290909,             1.000959844552,                 -0.00365794417684551
         856,     3057.648041,           1.00100641884578,                  -0.0035107634155047
         857,3057.64714909091,            1.0011977519118,                 -0.00263242178416774
         858,3057.64625718182,           1.00109803508741,                 -0.00190072651615837
         859,3057.64536527273,           1.00085219341136,                 -0.00146173826991582
         860,3057.64447336364,           1.00119102420775,                -0.000876827637607137
         861,3057.64358145455,           1.00108991984852,                -0.000438305569110561
         862,3057.64268954545,            1.0011363935135,                -0.000146066004306026
         863,3057.64179763636,           1.00132887454548,                -0.000146030169833088
         864,3057.64090572727,           1.00093874505991,                  0.00014599456608225
         865,3057.64001381818,           1.00113118044153,                -0.000291917533296844
         866,3057.63912190909,            1.0010316755023,                  -0.0011673838781368
         867,      3057.63823,           1.00136988099979,                 -0.00204242108595529
         868,3057.63733809091,           1.00112597501852,                 -0.00277118204040675
         869,3057.63644618182,           1.00117236029373,                 -0.00335376700943138
         870,3057.63555427273,           1.00107440197212,                 -0.00349873098111706
         871,3057.63466236364,           1.00112077722767,                 -0.00364361907565756
         872,3057.63377045455,           1.00116858857231,                 -0.00305989526415639
         873,3057.63287854545,           1.00092502895268,                 -0.00233078161304655
         874,3057.63198663636,           1.00126268326748,                 -0.00189329671017851
         875,3057.63109472727,           1.00131042516016,                 -0.00145602795573675
         876,3057.63020281818,           1.00121257644108,                 -0.00101897179922762
         877,3057.62931090909,           1.00126030730542,                 -0.00160085223551738
         878,     3057.628419,           1.00130801497452,                 -0.00160046326136584
         879,3057.62752709091,           1.00091931551723,                 -0.00174553579221142
         880,3057.62663518182,           1.00111250881645,                 -0.00218138983617762
         881,3057.62574327273,           1.00116167321653,                 -0.00290781781358271
         882,3057.62485136364,           1.00106400297688,                 -0.00305246755663054
         883,3057.62395945455,           1.00096638014343,                  -0.0034876877356914
         884,3057.62306754545,           1.00087025879666,                 -0.00363213187253832
         885,3057.62217563636,           1.00091798021114,                 -0.00421225096881772
         886,3057.62128372727,            1.0009671320324,                 -0.00363037549699841
         887,3057.62039181818,           1.00101480688907,                 -0.00261323662422093
         888,3057.61949990909,           1.00106391162421,                 -0.00188688282602795
         889,     3057.618608,           1.00096788283249,                 -0.00159620856931826
         890,3057.61771609091,           1.00101697521685,                 -0.00116059939155577
         891,3057.61682418182,           1.00091955223318,                 -0.00116031827530292
         892,3057.61593227273,           1.00096863254605,                 -0.00101503410514593
         893,3057.61504036364,           1.00087271925984,                 -0.00086981986030693
         894,3057.61414845455,           1.00077685212562,                -0.000869610588378524
         895,3057.61325654545,           1.00082593134627,                 -0.00144900236187385
         896,3057.61236463636,           1.00101985235319,                 -0.00188325008402193
         897,3057.61147272727,           1.00092546863617,                 -0.00217246158725837
         898,3057.61058081818,           1.00082968085522,                 -0.00260632729389381
         899,3057.60968890909,           1.00087870027635,                 -0.00332950681318427
         900,     3057.608797,           1.00092769614405,                 -0.00361815968820147
         901,3057.60790509091,           1.00097811680682,                 -0.00390667955388613
         902,3057.60701318182,           1.00059309407051,                 -0.00361642725918211
         903,3057.60612127273,           1.00078819301328,                 -0.00361556428111735
         904,3057.60522936364,           1.00069257584718,                 -0.00303634505025151
         905,3057.60433745455,           1.00074300433949,                 -0.00260196072195737
         906,3057.60344554545,           1.00079196244826,                 -0.00245681781395241
         907,3057.60255363636,           1.00055337464619,                 -0.00260071635287097
         908,3057.60166172727,           1.00089269979575,                 -0.00346679532329311
         909,3057.60076981818,           1.00065275659689,                 -0.00404362493645732
         910,3057.59987790909,           1.00099189590724,                 -0.00505332703833165
         911,     3057.598986,            1.0007534881304,                 -0.00534081624993865
         912,3057.59809409091,           1.00051519389041,                 -0.00519523250830155
         913,3057.59720218182,           1.00056556842512,                 -0.00519399574092349
         914,3057.59631027273,           1.00047167566024,                 -0.00490427291990313
         915,3057.59541836364,           1.00037782757795,                 -0.00432626997655162
         916,3057.59452645455,           1.00057237353356,                 -0.00374854203341104
         917,3057.59363454545,           1.00062268654651,                 -0.00331522929855514
         918,3057.59274263636,           1.00038476337053,                 -0.00317033488823849
         919,3057.59185072727,           1.00014695331207,                 -0.00288143749153578
         920,3057.59095881818,           1.00019877222144,                 -0.00230460546594801
         921,3057.59006690909,           1.00024912625805,                 -0.00158403979107955
         922,     3057.589175,           1.00001151755275,                 -0.00057587763751958
         923,3057.58828309091,           1.00006333158692,                                    0
         924,3057.58739118182,          0.999969780737667,                 0.000575604996826977
         925,3057.58649927273,           1.00002014139258,                  0.00100706962879413
         926,3057.58560736364,          0.999928083423229,                  0.00158216468896081
         927,3057.58471545455,          0.999690832093067,                   0.0015817892912865
         928,3057.58382354545,          0.999455130186506,                  0.00158141634523181
         929,3057.58293163636,          0.999505565265385,                  0.00143731027504369
         930,3057.58203972727,          0.999557412761457,                  0.00158066870908224
         931,3057.58114781818,          0.999752899125378,                   0.0017239595903872
         932,3057.58025590909,           0.99951596941846,                  0.00215443879023953
         933,     3057.579364,          0.999567777760227,                  0.00244112228443095
         934,3057.57847209091,          0.999619561706373,                  0.00287123240472892
         935,3057.57758018182,           0.99952635884776,                  0.00287055243781666
         936,3057.57668827273,          0.999291140402988,                  0.00215240768323447
         937,3057.57579636364,          0.999199492725139,                  0.00186498110630679
         938,3057.57490445454,          0.999394740842945,                  0.00114741072427433
         939,3057.57401254545,          0.999303111906462,                                    0
         940,3057.57312063636,           0.99921152605548,                 -0.00100351229302559
         941,3057.57222872727,          0.999263308461633,                 -0.00200655282823621
         942,3057.57133681818,          0.999171775009386,                 -0.00272253889648334
         943,3057.57044490909,          0.999366800278493,                 -0.00343818853306821
         944,     3057.569553,          0.999275285517455,                  -0.0041535019750618
         945,3057.56866109091,          0.999183813737703,                 -0.00458209831464696
         946,3057.56776918182,          0.999092384908966,                 -0.00486733645033742
         947,3057.56687727273,          0.999144122353291,                 -0.00486619397794183
         948,3057.56598536364,          0.999052745749519,                 -0.00500814180768163
         949,3057.56509345454,          0.999104468217205,                 -0.00515002303204745
         950,3057.56420154546,          0.999156166421144,                 -0.00486276977645561
         951,3057.56330963636,          0.998778873074294,                 -0.00514760764934497
         952,3057.56241772727,          0.998689095475878,                 -0.00557527551153153
         953,3057.56152581818,          0.998883777035535,                 -0.00600273553233545
         954,3057.56063390909,          0.998649701005223,                 -0.00585844008316127
         955,     3057.559742,          0.998844300573278,                 -0.00571421224584255
         956,3057.55885009091,          0.998754591728889,                  -0.0051415937798141
         957,3057.55795818182,          0.998520710059172,                 -0.00442644673413904
         958,3057.55706627273,          0.998572448251249,                 -0.00356887937187723
         959,3057.55617436364,           0.99848286551452,                 -0.00242627340105015
         960,3057.55528245454,          0.998249211288949,                 -0.00099881996555498
         961,3057.55439054546,          0.998443631943919,                                    0
         962,3057.55349863636,          0.998354141886091,                 0.000427866060808325
         963,3057.55260672727,          0.998263270014458,                 0.000855532012582024
         964,3057.55171481818,          0.998314995965684,                  0.00085533199711468
         965,3057.55082290909,          0.998083076199503,                 0.000712611078251822
         966,     3057.549931,          0.998134820157621,                 0.000854933464803102
         967,3057.54903909091,          0.998187961913011,                  0.00113964659559071
         968,3057.54814718182,          0.998097234723757,                  0.00170907060740369
         969,3057.54725527273,          0.998292749954079,                  0.00213584242608917
         970,3057.54636336364,          0.998202040534519,                  0.00227770003544671
         971,3057.54547145454,          0.998112794004207,                  0.00170787872922437
         972,3057.54457954546,          0.998022168784416,                  0.00142290015509612
         973,3057.54368763636,          0.997933005478318,                  0.00113805617160749
         974,3057.54279572727,          0.998126912021755,                 0.000711119202067366
         975,3057.54190381818,          0.997895575019907,                  0.00014219087703333
         976,3057.54101190909,          0.997947242424415,                 0.000142157726841085
         977,      3057.54012,          0.998000304147059,                                    0
         978,3057.53922809091,          0.997909831465065,                 0.000142091674706687
         979,3057.53833618182,          0.997678759656445,                 0.000994411407887671
         980,3057.53744427273,             0.997873872492,                 0.000852155313827498
         981,3057.53655236364,          0.997925485011949,                  0.00113594249859072
         982,3057.53566045454,          0.997836530271541,                 0.000993719691549408
         983,3057.53476854546,          0.997746200616531,                  0.00113541530653375
         984,3057.53387663636,          0.997657328616774,                 0.000709470437076357
         985,3057.53298472727,          0.997852220270842,                 0.000567445106778983
         986,3057.53209281818,          0.997620121461739,                 0.000709141399958586
         987,3057.53120090909,           0.99753134035032,                 0.000992568497861015
         988,     3057.530309,          0.997584363003329,                    0.001275864610918
         989,3057.52941709091,          0.997494217424826,                  0.00127556805297292
         990,3057.52852518182,          0.997405527035088,                 0.000425091146626689
         991,3057.52763327273,          0.997598793021625,                                    0
         992,3057.52674136364,          0.997510119565248,                -0.000849788544283897
         993,3057.52584945455,          0.997704684510939,                 -0.00155758608141078
         994,3057.52495754545,          0.997473049399407,                  -0.0018403561797037
         995,3057.52406563636,          0.997667532849856,                 -0.00226453121373212
         996,3057.52317372727,          0.997437424916267,                 -0.00212250835207037
         997,3057.52228181818,          0.997347480106101,                 -0.00212201591511936
         998,3057.52138990909,           0.99740042260812,                 -0.00212152670719254
         999,     3057.520498,          0.997311938190133,                 -0.00254524526973237
        1000,3057.51960609091,          0.997363454510755,                 -0.00296876435786334
        1001,3057.51871418182,          0.997275019504528,                 -0.00310941757782024
        1002,3057.51782227273,           0.99746923445402,                 -0.00310870139651345
        1003,3057.51693036364,          0.997379406799415,                 -0.00240162180107508
        1004,3057.51603845455,          0.997432268671135,                 -0.00169487216426701
        1005,3057.51514654545,          0.997626313047088,                -0.000988447868553378
        1006,3057.51425463636,          0.997536511163346,                                    0
        1007,3057.51336272727,           0.99758930033253,                 0.000987991666995997
        1008,3057.51247081818,          0.997218737608848,                  0.00112887362400888
        1009,3057.51157890909,          0.997270168657022,                   0.0011286124415414
        1010,     3057.510687,          0.997181938453987,                 0.000987308849954443
        1011,3057.50979509091,          0.997093748810214,                 0.000423035107683587
        1012,3057.50890318182,          0.997427131427766,                 0.000140979099848447
        1013,3057.50801127272,          0.997197979387953,                 -0.00028189342173511
        1014,3057.50711936364,          0.997250761289704,                -0.000704571683827684
        1015,3057.50622745455,                          1,                                    0
        1016,3057.50533554545,                          1,                                    0
        1017,3057.50444363636,                          1,                                    0
        1018,3057.50355172727,                          1,                                    0
        1019,3057.50265981818,                          1,                                    0
        1020,3057.50176790909,                          1,                                    0
        1021,     3057.500876,                          1,                                    0
        1022,3057.49998409091,                          1,                                    0
        1023,3057.49909218182,                          1,                                    0
