"SCAN INDEX",      WAVENUMBER,"SCIENCE DIRECT ABSORPTION","SCIENCE HARMONIC ABSORPTION SPECTRA"
           0, 3058.4135858421,                          1,                                    0
           1,3058.41269123684,                          1,                                    0
           2,3058.41179663158,                          1,                                    0
           3,3058.41090202631,                          1,                                    0
           4,3058.41000742105,                          1,                                    0
           5,3058.40911281578,                          1,                                    0
           6,3058.40821821052,                          1,                                    0
           7,3058.40732360526,                          1,                                    0
           8,     3058.406429,                          1,                                    0
           9,3058.40553439473,                          1,                                    0
          10,3058.40463978946,                          1,                                    0
          11, 3058.4037451842,                          1,                                    0
          12,3058.40285057895,                          1,                                    0
          13,3058.40195597368,                          1,                                    0
          14,3058.40106136841,                          1,                                    0
          15,3058.40016676315,                          1,                                    0
          16,3058.39927215789,                          1,                                    0
          17,3058.39837755263,                          1,                                    0
          18,3058.39748294736,                          1,                                    0
          19, 3058.3965883421,                          1,                                    0
          20,3058.39569373683,                          1,                                    0
          21,3058.39479913157,                          1,                                    0
          22,3058.39390452631,                          1,                                    0
          23,3058.39300992105,                          1,                                    0
          24,3058.39211531579,                          1,                                    0
          25,3058.39122071052,                          1,                                    0
          26,3058.39032610526,                          1,                                    0
          27,3058.38943149999,                          1,                                    0
          28,3058.38853689474,                          1,                                    0
          29,3058.38764228947,                          1,                                    0
          30,3058.38674768421,                          1,                                    0
          31,3058.38585307894,                          1,                                    0
          32,3058.38495847368,                          1,                                    0
          33,3058.38406386842,                          1,                                    0
          34,3058.38316926315,                          1,                                    0
          35,3058.38227465789,                          1,                                    0
          36,3058.38138005263,                          1,                                    0
          37,3058.38048544736,                          1,                                    0
          38, 3058.3795908421,                          1,                                    0
          39,3058.37869623684,                          1,                                    0
          40,3058.37780163157,                          1,                                    0
          41,3058.37690702632,                          1,                                    0
          42,3058.37601242105,                          1,                                    0
          43,3058.37511781578,                          1,                                    0
          44,3058.37422321052,                          1,                                    0
          45,3058.37332860526,                          1,                                    0
          46,     3058.372434,                          1,                                    0
          47,3058.37153939473,                          1,                                    0
          48,3058.37064478947,                          1,                                    0
          49, 3058.3697501842,                          1,                                    0
          50,3058.36885557895,                          1,                                    0
          51,3058.36796097368,                          1,                                    0
          52,3058.36706636842,                          1,                                    0
          53,3058.36617176315,                          1,                                    0
          54,3058.36527715789,                          1,                                    0
          55,3058.36438255263,                          1,                                    0
          56,3058.36348794736,                          1,                                    0
          57,3058.36259334211,                          1,                                    0
          58,3058.36169873684,                          1,                                    0
          59,3058.36080413157,                          1,                                    0
          60,3058.35990952631,                          1,                                    0
          61,3058.35901492105,                          1,                                    0
          62,3058.35812031579,                          1,                                    0
          63,3058.35722571053,                          1,                                    0
          64,3058.35633110526,                          1,                                    0
          65,3058.35543649999,                          1,                                    0
          66,3058.35454189473,                          1,                                    0
          67,3058.35364728947,                          1,                                    0
          68,3058.35275268421,                          1,                                    0
          69,3058.35185807894,                          1,                                    0
          70,3058.35096347368,                          1,                                    0
          71,3058.35006886841,                          1,                                    0
          72,3058.34917426315,                          1,                                    0
          73,3058.34827965789,                          1,                                    0
          74,3058.34738505263,                          1,                                    0
          75,3058.34649044737,                          1,                                    0
          76, 3058.3455958421,                          1,                                    0
          77,3058.34470123683,                          1,                                    0
          78,3058.34380663157,                          1,                                    0
          79,3058.34291202632,                          1,                                    0
          80,3058.34201742105,                          1,                                    0
          81,3058.34112281579,                          1,                                    0
          82,3058.34022821052,          0.984931506849315,                 -0.00156555772994129
          83,3058.33933360526,          0.989086214989829,                -0.000391175089970271
          84,     3058.338439,          0.993234433430226,                 0.000781920435686067
          85,3058.33754439473,            0.9960124335487,                  0.00234447807033825
          86,3058.33664978947,          0.998201596888235,                  0.00371006070830917
          87,3058.33575518421,          0.999215459736691,                  0.00409834465907627
          88,3058.33486057894,          0.999254898748152,                  0.00312084293967801
          89,3058.33396597368,          0.998709456061073,                  0.00253430078641303
          90,3058.33307136841,          0.997967824208026,                  0.00233807377791806
          91,3058.33217676316,          0.997034212683755,                  0.00155786595731837
          92,3058.33128215789,          0.996101618713787,                  0.00155701698900162
          93,3058.33038755263,          0.995364561753647,                 0.000972605590925979
          94,3058.32949294736,          0.995015203241284,                 0.000388829700367833
          95, 3058.3285983421,          0.994862468036157,                 0.000194309075788312
          96,3058.32770373684,          0.994709898936542,                 0.000388406832853004
          97,3058.32680913158,          0.994751593543528,                  0.00116458723146559
          98,3058.32591452631,          0.994985305101021,                  0.00174592859152061
          99,3058.32501992105,          0.995026804843291,                  0.00174498075673999
         100,3058.32412531578,          0.995455822651125,                  0.00116268930035171
         101,3058.32323071052,          0.995882446361407,                                    0
         102,3058.32233610526,          0.995923392295095,                -0.000774284464369365
         103,3058.32144149999,          0.996157760125057,                 -0.00212812883305023
         104,3058.32054689473,          0.996198512663245,                 -0.00309378420081753
         105,3058.31965228947,          0.995850782785483,                 -0.00425164316345442
         106,3058.31875768421,          0.996084809175492,                 -0.00424934376611612
         107,3058.31786307894,          0.995932487398819,                 -0.00424704685457919
         108,3058.31696847369,          0.995973273495187,                 -0.00328003596462964
         109,3058.31607386842,          0.996204933586338,                 -0.00231406488637941
         110,3058.31517926315,          0.996052793881831,                -0.000770938694954977
         111,3058.31428465789,          0.995900818295295,                  0.00057789215761816
         112,3058.31339005263,           0.99613406031482,                  0.00192526876751995
         113,3058.31249544737,           0.99598220470744,                  0.00327119348532196
         114, 3058.3116008421,          0.996020916631568,                  0.00365406399227646
         115,3058.31070623684,          0.996445932620726,                  0.00384431301165404
         116,3058.30981163157,          0.996102042345383,                  0.00307379608052577
         117,3058.30891702631,          0.996526557720777,                   0.0021120986772502
         118,3058.30802242105,          0.996374899489339,                  0.00153524637825784
         119,3058.30712781578,          0.996223404153296,                 0.000959013673616959
         120,3058.30623321052,          0.996263771233147,                 0.000575099348412438
         121,3058.30533860526,          0.996685379265419,                -0.000574789722759757
         122,3058.30444399999,           0.99653396143314,                 -0.00114896306083759
         123,3058.30354939473,          0.996765488334705,                 -0.00133973855958966
         124,3058.30265478946,          0.996805478508713,                 -0.00133902098437171
         125,3058.30176018421,          0.996845425867508,                 -0.00114711786636077
         126,3058.30086557895,          0.996694246460168,                 -0.00114650411786062
         127,3058.29997097368,          0.997116174251829,                 -0.00114589102576345
         128,3058.29907636841,          0.996965011739106,                 -0.00152703811868904
         129,3058.29818176314,          0.997195566323903,                 -0.00190777801095065
         130,3058.29728715789,          0.996853846887215,                 -0.00305081513967013
         131,3058.29639255263,          0.996893640538944,                 -0.00438320660149029
         132,3058.29549794736,          0.997123864307346,                 -0.00495228662311194
         133, 3058.2946033421,          0.996973100573017,                 -0.00514001789487712
         134,3058.29370873684,          0.997203036703008,                 -0.00475674030100653
         135,3058.29281413159,          0.997242559665304,                 -0.00380336597889132
         136,3058.29191952631,          0.997282040560318,                 -0.00266093931157699
         137,3058.29102492105,          0.997133407673501,                 -0.00246956264045638
         138,3058.29013031578,          0.997172904693282,                 -0.00208851903115501
         139,3058.28923571053,          0.997402124223626,                 -0.00170788034969799
         140,3058.28834110526,          0.997441436588784,                 -0.00246562819464807
         141,    3058.2874465,          0.997480707221783,                 -0.00303300861184883
         142,3058.28655189474,          0.997521826118589,                 -0.00416818236934643
         143,3058.28565728946,          0.997182287800518,                   -0.004734059474936
         144,3058.28476268421,          0.997600157466008,                 -0.00548859885534324
         145,3058.28386807894,           0.99745198591877,                 -0.00529654003522199
         146,3058.28297347368,          0.997302085164871,                 -0.00548279819332346
         147,3058.28207886841,          0.997530266984375,                 -0.00491301135472509
         148,3058.28118426315,          0.997382367050309,                 -0.00491042256074759
         149,3058.28028965789,          0.997610265664463,                 -0.00509658981512592
         150,3058.27939505263,          0.997651142827496,                 -0.00528257034780066
         151,3058.27850044736,          0.997312968462735,                 -0.00452552679960402
         152, 3058.2776058421,           0.99791935228532,                 -0.00339236040436936
         153,3058.27671123685,          0.997581392545264,                 -0.00188365066568215
         154,3058.27581663158,          0.997622198835386,                -0.000376532250928623
         155,3058.27492202631,          0.997472918073999,                 0.000564500802531974
         156,3058.27402742104,          0.997325670181034,                  0.00112840920631458
         157,3058.27313281578,          0.997366546303484,                 0.000939847857428839
         158,3058.27223821053,           0.99759337643087,                 0.000187870692359863
         159,3058.27134360526,           0.99744629713084,                -0.000563316809373592
         160,     3058.270449,          0.997862393706166,                 -0.00150139160234142
         161,3058.26955439473,          0.997715327563504,                 -0.00187575733702482
         162,3058.26865978947,          0.997943370510145,                 -0.00206225381845042
         163, 3058.2677651842,           0.99760716688184,                  -0.0020611718324005
         164,3058.26687057895,          0.998022308954296,                -0.000749125396100053
         165,3058.26597597368,          0.997688283246137,                 0.000187183542822915
         166,3058.26508136842,          0.997728777917884,                 0.000935429193622618
         167,3058.26418676315,          0.997582242101149,                  0.00168289412913034
         168,3058.26329215789,          0.997809640571736,                  0.00186890736199988
         169,3058.26239755263,          0.997665078920333,                  0.00168114317736061
         170,3058.26150294736,          0.997892197771219,                 0.000560089166195258
         171, 3058.2606083421,          0.997745881755824,                -0.000559797577196086
         172,3058.25971373684,          0.997786220106045,                 -0.00205152306937692
         173,3058.25881913157,           0.99764011139569,                 -0.00316888675144371
         174,3058.25792452631,          0.997868630110444,                 -0.00391247969236731
         175,3058.25702992105,          0.997722630129436,                 -0.00428287056606514
         176,3058.25613531579,          0.997950869252058,                 -0.00446677002276192
         177,3058.25524071052,           0.99780497786376,                 -0.00483648945273262
         178,3058.25434610526,          0.998404783418672,                 -0.00520583499734131
         179,    3058.2534515,          0.998072981415513,                 -0.00464565714678604
         180,3058.25255689473,          0.997929106729939,                 -0.00371460676244161
         181,3058.25166228948,           0.99834043074547,                 -0.00297014631683293
         182,3058.25076768421,          0.998196566797533,                 -0.00166984555783974
         183,3058.24987307894,          0.997867408437645,                -0.000927213722763097
         184,3058.24897847368,          0.998094630862532,                                    0
         185,3058.24808386841,          0.997951115771221,                 0.000741006954350267
         186,3058.24718926316,          0.998178061190481,                 0.000740625532324601
         187,3058.24629465789,          0.997849589719484,                  0.00111036675413889
         188,3058.24540005263,          0.997891387984611,                  0.00110979579757325
         189,3058.24450544736,          0.998118014190691,                  0.00147896723717828
         190, 3058.2436108421,          0.998159631630685,                   0.0012934315848602
         191,3058.24271623684,          0.998201206336777,                  0.00129276751977011
         192,3058.24182163157,          0.998058152069582,                  0.00110751783103708
         193,3058.24092702632,          0.998101577590867,                  0.00147593578941348
         194,3058.24003242105,          0.997958720798367,                  0.00221276878225802
         195,3058.23913781578,          0.998000313314964,                  0.00368605840559544
         196,3058.23824321052,          0.997859492836117,                  0.00460522195327726
         197,3058.23734860526,          0.998269322826527,                  0.00552343778767905
         198,     3058.236454,          0.998312529788358,                  0.00607268451299831
         199,3058.23555939473,          0.998355692724216,                  0.00643744459199476
         200,3058.23466478947,          0.998580809306361,                  0.00680182068194686
         201, 3058.2337701842,          0.998440052255493,                  0.00643087998324296
         202,3058.23287557894,          0.998115792450682,                  0.00661125455901096
         203,3058.23198097368,          0.998709625314104,                  0.00587368278074827
         204,3058.23108636842,          0.998569017391942,                  0.00587069787921039
         205,3058.23019176316,          0.998611918431413,                  0.00550098375926228
         206,3058.22929715789,          0.998654775912058,                  0.00513164502212106
         207,3058.22840255262,          0.998516238940485,                  0.00421314868751259
         208,3058.22750794737,          0.998742189030497,                  0.00311248711521878
         209, 3058.2266133421,          0.998967910054459,                  0.00237893072553727
         210,3058.22571873684,          0.998829425320994,                   0.0023777298167319
         211,3058.22482413158,          0.998872064305131,                  0.00237652577525013
         212,3058.22392952631,          0.998916485319564,                   0.0029234797448533
         213,3058.22303492105,          0.999143486939546,                  0.00328725694843937
         214,3058.22214031578,          0.998820836512451,                  0.00383319399977366
         215,3058.22124571053,          0.999047657273381,                  0.00437858724882417
         216,3058.22035110526,          0.999091900408098,                  0.00382933562850339
         217,    3058.2194565,          0.999136099031483,                  0.00309837900100971
         218,3058.21856189473,          0.998998087257492,                  0.00163949357865015
         219,3058.21766728947,          0.999224363012676,                                    0
         220,3058.21677268421,          0.999268428504355,                 -0.00127388071380996
         221,3058.21587807895,          0.999678051282611,                  -0.0023645950994676
         222,3058.21498347368,          0.999176442997311,                  -0.0021816079541426
         223,3058.21408886842,          0.999403991801253,                  -0.0014536785335291
         224,3058.21319426315,          0.999629497787884,                                    0
         225,3058.21229965789,          0.999493536693176,                  0.00235986487050695
         226,3058.21140505263,          0.999537335232376,                  0.00417305476680789
         227,3058.21051044737,          0.999582902634967,                   0.0050777070525724
         228, 3058.2096158421,          0.999447168323651,                   0.0059814574818064
         229,3058.20872123684,          0.999673901228305,                  0.00525381354396898
         230,3058.20782663157,          0.999719332554707,                  0.00452689427891101
         231,3058.20693202631,          0.999583733009972,                  0.00307675601324815
         232,3058.20603742105,          0.999992764162343,                  0.00235164723844256
         233,3058.20514281579,          0.999857163262391,                 0.000904029984866538
         234,3058.20424821052,          0.999904220271689,                                    0
         235,3058.20335360526,           1.00031067792814,                  0.00018062670240667
         236,3058.20245899999,           1.00017692660434,                 0.000541612054117876
         237,3058.20156439474,           1.00022195074859,                 0.000180447763079305
         238,3058.20066978947,           1.00026873429753,                -0.000360717177893087
         239,3058.19977518421,           1.00049574113299,                 -0.00126188652034792
         240,3058.19888057894,           1.00054234331954,                 -0.00270270757244608
         241,3058.19798597367,           1.00058889951429,                 -0.00378192348628512
         242,3058.19709136842,           1.00027720476792,                 -0.00522008978554431
         243,3058.19619676315,           1.00032384584938,                 -0.00539743082292829
         244, 3058.1953021579,           1.00055026668153,                 -0.00557459710049021
         245,3058.19440755263,           1.00059852579323,                 -0.00485291183697092
         246,3058.19351294737,           1.00046708824375,                 -0.00395228513940788
         247, 3058.1926183421,           1.00087266615671,                 -0.00341165781431244
         248,3058.19172373684,           1.00056175036388,                 -0.00287156735530441
         249,3058.19082913158,           1.00096867936713,                 -0.00251139095181717
         250,3058.18993452632,           1.00083731821499,                 -0.00268945893465153
         251,3058.18903992105,            1.0008852951402,                 -0.00268814313824582
         252,3058.18814531578,           1.00093501803761,                 -0.00376156681796524
         253,3058.18725071052,           1.00098290039764,                 -0.00393876297777643
         254,3058.18635610526,           1.00103252729397,                 -0.00465263598670778
         255,    3058.1854615,           1.00108031536623,                 -0.00447150399931318
         256,3058.18456689474,           1.00095107335421,                 -0.00357546373764677
         257,3058.18367228947,           1.00117932956901,                 -0.00268029447501966
         258,3058.18277768421,           1.00122876452014,                 -0.00232179342468102
         259,3058.18188307895,           1.00127815146452,                 -0.00267769161561201
         260,3058.18098847368,           1.00132749047204,                 -0.00374694891302796
         261,3058.18009386842,           1.00137678161248,                 -0.00481516885192107
         262,3058.17919926316,           1.00124955659458,                 -0.00623887030101658
         263,3058.17830465789,           1.00112067076332,                 -0.00641401390772016
         264,3058.17741005263,           1.00081561129889,                 -0.00569859422803637
         265,3058.17651544736,           1.00104483164327,                 -0.00444987923027769
         266,3058.17562084211,           1.00109592160602,                  -0.0030244589776617
         267,3058.17472623684,           1.00096913871131,                 -0.00160041255079087
         268,3058.17383163158,           1.00102021591608,                -0.000888689822368678
         269,3058.17293702631,           1.00089359154517,                                    0
         270,3058.17204242104,            1.0011240005185,                 0.000177567222511262
         271,3058.17114781579,           1.00117492962846,                 0.000354963633975699
         272,3058.17025321052,           1.00158237952983,                 0.000532190424829876
         273,3058.16935860526,           1.00128019178053,                 0.000886559404799478
         274,3058.16846399999,           1.00115374595258,                  0.00159504048744437
         275,3058.16756939474,           1.00102919476581,                  0.00212570347499376
         276,3058.16667478947,           1.00126065001381,                  0.00336409413797744
         277,3058.16578018421,           1.00113616655281,                  0.00460129756591359
         278,3058.16488557895,           1.00118869045934,                  0.00566043075878074
         279,3058.16399097368,           1.00106613012445,                  0.00636495596688101
         280,3058.16309636841,           1.00129712688163,                  0.00671537077682702
         281,3058.16220176315,            1.0013494990603,                  0.00600562409032459
         282,3058.16130715789,            1.0012270371907,                  0.00529656341310546
         283,3058.16041255263,           1.00110469158634,                  0.00441170761319559
         284,3058.15951794737,           1.00116061254943,                  0.00405685237643357
         285, 3058.1586233421,           1.00086211304083,                  0.00352602470685512
         286,3058.15772873684,           1.00127053159676,                  0.00334814151713103
         287,3058.15683413158,           1.00132453130614,                  0.00281815171519759
         288,3058.15593952632,           1.00138024281006,                  0.00264077068251599
         289,3058.15504492105,           1.00143590176743,                  0.00211162024621492
         290,3058.15415031579,            1.0013156228454,                   0.0017588540713954
         291,3058.15325571052,           1.00137125980099,                  0.00158222284729792
         292,3058.15236110525,            1.0010754048583,                  0.00123003823661718
         293,    3058.1514665,            1.0014841355569,                  0.00122946140808459
         294,3058.15057189473,           1.00119026301653,                  0.00175555017186836
         295,3058.14967728948,           1.00124585446314,                   0.0015792521363772
         296,3058.14878268421,           1.00130314983417,                  0.00210468344684008
         297,3058.14788807894,           1.00136039156838,                  0.00210369830161424
         298,3058.14699347368,           1.00141933448983,                  0.00175226480225692
         299,3058.14609886842,           1.00130132391756,                 0.000700578152120037
         300,3058.14520426316,           1.00118342366567,                -0.000525188017310197
         301,3058.14430965789,           1.00159232882465,                 -0.00192479308474339
         302,3058.14341505263,           1.00130125438124,                  -0.0029732963012194
         303,3058.14252044736,           1.00170972445116,                 -0.00367118747181052
         304, 3058.1416258421,           1.00124412883024,                 -0.00349474390516663
         305,3058.14073123684,           1.00130293387174,                  -0.0019212161647635
         306,3058.13983663157,           1.00136343242804,                -0.000174575214858446
         307,3058.13894202631,           1.00124763342262,                  0.00157044766483157
         308,3058.13804742105,           1.00130810150868,                  0.00313944362082498
         309,3058.13715281578,           1.00136851372436,                  0.00418399100441934
         310,3058.13625821052,           1.00142887014707,                  0.00505332125182965
         311,3058.13536360526,           1.00183751491348,                  0.00487681683198495
         312,     3058.134469,           1.00120123256907,                  0.00400410856356958
         313,3058.13357439473,           1.00108931324542,                  0.00382825741202838
         314,3058.13267978947,           1.00115142850186,                  0.00313077236154159
         315,3058.13178518421,           1.00121348674031,                  0.00347703937051679
         316,3058.13089057894,           1.00110171582683,                  0.00382298867352719
         317,3058.12999597369,           1.00151112500651,                  0.00399492817813906
         318,3058.12910136842,           1.00157293305139,                  0.00434032298947559
         319,3058.12820676315,           1.00146115108163,                  0.00433833456542035
         320,3058.12731215789,           1.00117775414946,                  0.00381599282593349
         321,3058.12641755262,           1.00158811617521,                   0.0034675025659519
         322,3058.12552294737,           1.00147821581258,                  0.00277273774926479
         323, 3058.1246283421,           1.00119519842026,                  0.00294469176005959
         324,3058.12373373684,           1.00143185363582,                  0.00242393602194008
         325,3058.12283913157,           1.00149696712729,                  0.00224977718552874
         326,3058.12194452632,           1.00138904024757,                  0.00190279485968618
         327,3058.12104992105,           1.00162528528944,                  0.00155612421329276
         328,3058.12015531578,           1.00151739823235,                  0.00138259520032076
         329,3058.11926071053,           1.00123859225439,                  0.00224570422693359
         330,3058.11836610526,           1.00147631422183,                  0.00259002495057369
         331,    3058.1174715,           1.00136864069644,                    0.003451805035148
         332,3058.11657689473,           1.00126279180496,                  0.00345025083323558
         333,3058.11568228947,           1.00150190799219,                  0.00396600273481754
         334,3058.11478768421,           1.00122373705166,                  0.00396421861803892
         335,3058.11389307894,            1.0014626557625,                   0.0039624361057178
         336,3058.11299847368,            1.0013586792742,                  0.00396066201604585
         337,3058.11210386842,           1.00125307243723,                  0.00344250669567552
         338,3058.11120926315,           1.00132133124123,                  0.00258072508051862
         339,3058.11031465789,            1.0013895290047,                  0.00137577129178045
         340,3058.10942005263,            1.0018014549155,                                    0
         341,3058.10852544737,           1.00135392397408,                -0.000859088816038157
         342, 3058.1076308421,           1.00159547702015,                -0.000515224010812835
         343,3058.10673623684,           1.00166343078737,                                    0
         344,3058.10584163158,           1.00156145438323,                  0.00120111875632732
         345,3058.10494702631,           1.00145956857828,                  0.00291570691314109
         346,3058.10405242105,           1.00170064528517,                  0.00411446439959678
         347,3058.10315781579,            1.0016005044845,                  0.00582624758810486
         348,3058.10226321053,             1.001498736779,                  0.00668008392925962
         349,3058.10136860526,            1.0015699823484,                  0.00719075884762953
         350,     3058.100474,           1.00164116500468,                  0.00735871691358299
         351,3058.09957939473,           1.00171228483114,                  0.00632912475046998
         352,3058.09868478947,           1.00195432387746,                   0.0051294589959597
         353,3058.09779018421,           1.00168514169888,                  0.00410176478429844
         354,3058.09689557895,           1.00175785954548,                  0.00307497296586268
         355,3058.09600097368,           1.00165804630577,                  0.00307361828051548
         356,3058.09510636842,            1.0019013937865,                  0.00307227003205402
         357,3058.09421176315,           1.00197563047862,                  0.00290032108260456
         358,3058.09331715789,           1.00204809353358,                  0.00221692056091501
         359,3058.09242255263,           1.00212220129378,                  0.00119320554670121
         360,3058.09152794737,           1.00202586082047,                 0.000851917922819644
         361, 3058.0906333421,           1.00192960435447,                -0.000170309298717401
         362,3058.08973873684,           1.00200366686357,                -0.000340470155237367
         363,3058.08884413158,           1.00190750392646,                -0.000510482763549489
         364,3058.08794952631,           1.00198321580313,                -0.000510261355866475
         365,3058.08705492105,           1.00222887541249,                 -0.00051004014015903
         366,3058.08616031579,           1.00213444269973,                                    0
         367,3058.08526571052,           1.00254969007931,                  0.00016986609455766
         368,3058.08437110526,            1.0022871094977,                  0.00084896417880544
         369,    3058.0834765,           1.00219277402887,                 0.000509158056238205
         370,3058.08258189473,           1.00210022020079,                 0.000169646219773285
         371,3058.08168728947,           1.00234689240244,                                    0
         372,3058.08079268421,           1.00259335220435,                 -0.00067800057630049
         373,3058.07989807895,           1.00216358901635,                 -0.00118599241303711
         374,3058.07900347368,           1.00224056144439,                 -0.00118548224570982
         375,3058.07810886842,           1.00231916442368,                -0.000338564149442216
         376,3058.07721426315,           1.00222849049803,                  0.00101525763008411
         377,3058.07631965789,           1.00213958916505,                  0.00236792476764738
         378,3058.07542505263,            1.0022181346029,                  0.00371943302315516
         379,3058.07453044737,           1.00246729982763,                  0.00422482847196404
         380, 3058.0736358421,           1.00220948931742,                  0.00405410883930864
         381,3058.07274123684,           1.00245844618097,                  0.00320813718670008
         382,3058.07184663158,           1.00236963625071,                  0.00151899759660825
         383,3058.07095202631,           1.00244960759041,                                    0
         384,3058.07005742105,           1.00236256722187,                  -0.0011804404391913
         385,3058.06916281579,           1.00244416350611,                  -0.0021913190054783
         386,3058.06826821053,           1.00218870734843,                 -0.00202190055282131
         387,3058.06737360526,           1.00244041694246,                 -0.00134736615180438
         388,     3058.066479,            1.0023535274292,                -0.000673398406065973
         389,3058.06558439474,           1.00226839791873,                -0.000336557554707431
         390,3058.06468978947,            1.0025197560311,                -0.000168208012756896
         391,3058.06379518421,           1.00226649090713,                 -0.00016813730765092
         392,3058.06290057895,           1.00234957193421,                   0.0003361333239216
         393,3058.06200597368,           1.00209827450941,                 0.000671985431355848
         394,3058.06111136842,           1.00235096557515,                  0.00134340890008396
         395,3058.06021676316,           1.00243558948483,                  0.00184641518491848
         396,3058.05932215789,           1.00218457108916,                  0.00251678696908379
         397,3058.05842755263,           1.00226919380726,                   0.0030188831138773
         398,3058.05753294737,           1.00235542628186,                  0.00251468998063689
         399, 3058.0566383421,           1.00227401075505,                  0.00251364490241193
         400,3058.05574373684,           1.00219266287096,                  0.00184257384114668
         401,3058.05484913157,           1.00211138254535,                 0.000837185783245903
         402,3058.05395452632,           1.00236658264796,                 0.000167367938328262
         403,3058.05305992105,           1.00245427306172,                 0.000501896331639712
         404,3058.05216531578,           1.00220743168668,                 0.000501689019699655
         405,3058.05127071052,           1.00229511539934,                 0.000668642505269739
         406,3058.05037610526,             1.002382726735,                  0.00100254981837139
         407,    3058.0494815,           1.00247194013896,                 0.000835114911811865
         408,3058.04858689474,           1.00239412587693,                 0.000166954384723006
         409,3058.04769228947,           1.00265014719331,                 0.000166885843407675
         410,3058.04679768421,           1.00207187159067,                 -0.00033363471669408
         411,3058.04590307895,           1.00232948642912,                -0.000833746037621956
         412,3058.04500847368,           1.00241853890914,                 -0.00150012751083842
         413,3058.04411386842,           1.00217596310526,                  -0.0016661279519622
         414,3058.04321926316,           1.00243321969426,                 -0.00199853773655609
         415,3058.04232465789,           1.00219250419939,                 -0.00216420308215814
         416,3058.04143005263,           1.00244954470419,                 -0.00199691144363385
         417,3058.04053544737,           1.00220901838409,                 -0.00232878444105847
         418, 3058.0396408421,           1.00246751000971,                 -0.00216156537238783
         419,3058.03874623684,           1.00239337831998,                 -0.00282551607220025
         420,3058.03785163158,           1.00248711171069,                  -0.0029905150829951
         421,3058.03695702631,           1.00224862408785,                 -0.00315538092090623
         422,3058.03606242105,           1.00234234024858,                 -0.00315410805974213
         423,3058.03516781579,           1.00243598083076,                 -0.00348471372247076
         424,3058.03427321052,           1.00236367406179,                 -0.00331743727970143
         425,3058.03337860526,           1.00262469802708,                 -0.00265288492945813
         426,     3058.032484,           1.00222089631397,                 -0.00248607796340493
         427,3058.03158939473,           1.00264743986932,                 -0.00265075331095656
         428,3058.03069478947,           1.00241287884434,                 -0.00281530132832541
         429,3058.02980018421,            1.0025079252092,                 -0.00281417350207338
         430,3058.02890557895,           1.00227360729143,                 -0.00231663042794783
         431,3058.02801097368,           1.00253569910366,                 -0.00181948402741135
         432,3058.02711636842,           1.00230155685771,                 -0.00132273382627214
         433,3058.02622176315,           1.00223287700666,                -0.000495827610656327
         434,3058.02532715789,           1.00249632820025,                                    0
         435,3058.02443255263,           1.00242928084369,                 0.000330289713622304
         436,3058.02353794737,            1.0023622866142,                 0.000495238283900299
         437,3058.02264334211,           1.00229534544866,                  0.00082507025473219
         438,3058.02174873684,           1.00239505944762,                 0.000989693986619337
         439,3058.02085413158,           1.00249304190685,                  0.00115418606798486
         440,3058.01995952631,           1.00242778053391,                  0.00131855018814063
         441,3058.01906492105,           1.00236257055585,                  0.00131803099349881
         442,3058.01817031579,           1.00246375188569,                 0.000658757188687822
         443,3058.01727571052,           1.00239857896132,                 0.000493873499241904
         444,3058.01638110526,           1.00233510674186,                 0.000164560024091588
         445,    3058.0154865,           1.00227168422109,                -0.000493486796760753
         446,3058.01459189473,           1.00237439078131,                -0.000986588967304441
         447,3058.01369728947,           1.00247536957958,                 -0.00147930452963047
         448,3058.01280268421,           1.00241361350309,                 -0.00164303165629092
         449,3058.01190807895,            1.0021876662922,                 -0.00164239211126221
         450,3058.01101347368,           1.00229024552417,                 -0.00164175306392166
         451,3058.01011886842,           1.00223027828424,                 -0.00131289376555984
         452,3058.00922426315,           1.00216871343782,                 -0.00114833540580533
         453,3058.00832965789,           1.00210883974458,                -0.000819922140193567
         454,3058.00743505263,           1.00221293336612,                 -0.00016392099008278
         455,3058.00654044737,           1.00231694648083,                 0.000491572803570785
         456,3058.00564584211,           1.00225872656305,                 0.000163794529590301
         457,3058.00475123684,           1.00220055144771,                 0.000491194519579014
         458,3058.00385663157,           1.00230608961507,                 0.000327337063884738
         459,3058.00296202632,           1.00208433541767,                                    0
         460,3058.00206742105,           1.00235501913453,                -0.000654171981814019
         461,3058.00117281579,           1.00229689632905,                 -0.00114436116038222
         462,3058.00027821052,           1.00224045600061,                 -0.00163417651394198
         463,3057.99938360526,           1.00202070363612,                 -0.00228697258736644
         464,     3057.998489,           1.00229263417788,                 -0.00277598155441904
         465,3057.99759439474,           1.00223626005909,                 -0.00310138256370077
         466,3057.99669978947,           1.00234473283589,                 -0.00261069765999905
         467,3057.99580518421,           1.00212690997821,                 -0.00260970549473492
         468,3057.99491057895,           1.00207229724993,                 -0.00277175871351265
         469,3057.99401597368,            1.0023453250777,                 -0.00244474469531147
         470,3057.99312136842,           1.00180353962981,                 -0.00211797788505245
         471,3057.99222676316,           1.00191197115432,                 -0.00211717419132089
         472,3057.99133215789,           1.00218638127038,                 -0.00227917630568313
         473,3057.99043755263,           1.00197074317034,                 -0.00244105264699612
         474,3057.98954294737,           1.00191957313899,                 -0.00211478396668402
         475, 3057.9886483421,           1.00202942668696,                 -0.00146352886078913
         476,3057.98775373684,           1.00214082638825,                -0.000975319539063986
         477,3057.98685913158,           1.00192878603474,                -0.000649970020132821
         478,3057.98596452632,           1.00204014008096,                -0.000649726140431808
         479,3057.98506992105,           1.00182829604757,                 -0.00146133787105804
         480,3057.98417531579,           1.00194123070131,                 -0.00227234363029618
         481,3057.98328071052,           1.00221633075573,                  -0.0032449937858369
         482,3057.98238610526,           1.00184246890834,                 -0.00470348576952271
         483,    3057.9814915,           1.00211902534562,                 -0.00502599737675363
         484,3057.98059689473,           1.00207123895096,                 -0.00534826959168393
         485,3057.97970228947,           1.00186147936577,                 -0.00502226808867057
         486,3057.97880768421,           1.00165187536438,                 -0.00469650838893567
         487,3057.97791307895,           1.00176782557454,                 -0.00404721972193982
         488,3057.97701847368,           1.00188369022035,                 -0.00356023924807747
         489,3057.97612386842,           1.00199784847088,                 -0.00372068945993384
         490,3057.97522926316,           1.00163003402373,                 -0.00388103338982393
         491,3057.97433465789,           1.00174582134428,                 -0.00355630273835311
         492,3057.97344005263,           1.00186314226295,                 -0.00307022575854775
         493,3057.97254544737,           1.00165569599806,                  -0.0029075637039131
         494, 3057.9716508421,           1.00161310897286,                 -0.00258355791448746
         495,3057.97075623684,           1.00173034955644,                 -0.00242119807337199
         496,3057.96986163158,           1.00168615017225,                 -0.00225895716855854
         497,3057.96896702631,           1.00164359875545,                 -0.00241942898250108
         498,3057.96807242105,           1.00176231484005,                 -0.00257978384636097
         499,3057.96717781579,           1.00123623340474,                 -0.00257884412982546
         500,3057.96628321052,           1.00151613043555,                 -0.00209454789183755
         501,3057.96538860526,           1.00163637652122,                 -0.00177166749344483
         502,     3057.964494,           1.00159553315119,                 -0.00193202803372677
         503,3057.96359939473,           1.00171566339521,                 -0.00209227243318408
         504,3057.96270478947,            1.0015139351212,                 -0.00273505813607397
         505,3057.96181018421,           1.00147479104446,                 -0.00353821188421041
         506,3057.96091557895,           1.00143406515672,                 -0.00450154981929493
         507,3057.96002097369,           1.00123426631867,                  -0.0054641998482881
         508,3057.95912636842,           1.00135591913324,                 -0.00626550310383384
         509,3057.95823176316,           1.00163968914963,                 -0.00674504841178199
         510, 3057.9573371579,             1.001440031594,                  -0.0069031614874226
         511,3057.95644255263,           1.00140260557255,                 -0.00690069103199032
         512,3057.95554794737,           1.00120478255359,                 -0.00625652724236343
         513,3057.95465334211,           1.00116746742958,                 -0.00561282418068804
         514,3057.95375873684,           1.00129209322308,                 -0.00464897065377352
         515,3057.95286413158,           1.00125477350777,                  -0.0036857970215555
         516,3057.95196952632,           1.00121908435711,                 -0.00320390106994276
         517,3057.95107492105,           1.00102328247881,                 -0.00304262395890216
         518,3057.95018031579,           1.00114778215511,                 -0.00320162386362363
         519,3057.94928571052,           1.00111377107524,                 -0.00416063907416179
         520,3057.94839110526,           1.00091981603679,                 -0.00399920015996801
         521,    3057.9474965,           1.00104582103348,                 -0.00383787535220502
         522,3057.94660189474,           1.00133159197976,                  -0.0035168095503759
         523,3057.94570728947,           1.00113776550525,                 -0.00319597052036792
         524,3057.94481268421,           1.00078593244815,                 -0.00191690841011616
         525,3057.94391807894,           1.00091340534119,                -0.000958117490754166
         526,3057.94302347368,           1.00072152836309,                   0.0004788905064746
         527,3057.94212886842,           1.00084893436397,                  0.00111701889995979
         528,3057.94123426316,           1.00081673281352,                  0.00111662689348018
         529,3057.94033965789,            1.0011050745726,                 0.000956774521732336
         530,3057.93944505263,           1.00091499475552,                 0.000637627007329522
         531,3057.93855044736,           1.00056569648392,                 0.000318702244460557
         532, 3057.9376558421,           1.00085382404853,                -0.000318591062883504
         533,3057.93676123684,           1.00098410463994,                -0.000636960932001236
         534,3057.93586663158,           1.00063673989175,                -0.000795924864692773
         535,3057.93497202632,           1.00060628338736,                -0.000477388493982518
         536,3057.93407742105,           1.00057903142677,                -0.000477223703383198
         537,3057.93318281579,           1.00070922662494,                                    0
         538,3057.93228821052,           1.00052299342999,                -0.000635858273549409
         539,3057.93139360526,           1.00065311804274,                 -0.00111236649615677
         540,     3057.930499,           1.00062588760075,                -0.000953128326020721
         541,3057.92960439474,           1.00091786534375,                -0.000794001162417702
         542,3057.92870978947,           1.00057307136088,                 -0.00111121870530321
         543,3057.92781518421,           1.00054748434909,                -0.000476073347033666
         544,3057.92692057895,           1.00068055161167,                -0.000317273478634011
         545,3057.92602597368,           1.00065494531286,                                    0
         546,3057.92513136842,           1.00078788464861,                                    0
         547,3057.92423676316,           1.00060378530599,                                    0
         548,3057.92334215789,           1.00057981667654,                 0.000158419856978553
         549,3057.92244755263,           1.00039749845197,                 0.000791829585603905
         550,3057.92155294737,           1.00053192836698,                  0.00126649611185694
         551, 3057.9206583421,           1.00035133364352,                  0.00126606718385511
         552,3057.91976373684,           1.00048568802376,                  0.00158204567998696
         553,3057.91886913158,           1.00062153352723,                  0.00189781229687478
         554,3057.91797452631,           1.00059918959212,                  0.00173907269481962
         555,3057.91707992105,           1.00041881672422,                  0.00205457260938624
         556,3057.91618531579,           1.00039655643662,                  0.00189588734637388
         557,3057.91529071053,           1.00053382862522,                  0.00110556224157483
         558,3057.91439610526,           1.00051312413657,                 0.000947306098283008
         559,    3057.9135015,           1.00033460229676,                 0.000789156360284601
         560,3057.91260689474,           1.00031397867785,                                    0
         561,3057.91171228947,           1.00045109413988,                 -0.00047317567119969
         562,3057.91081768421,           1.00043202265439,                -0.000946035009602255
         563,3057.90992307895,           1.00025534409982,                 -0.00110333870291502
         564,3057.90902847368,           1.00070905223351,                -0.000630268652012921
         565,3057.90813386842,           1.00053239916706,                -0.000472543639405099
         566,3057.90723926316,           1.00067078797117,                -0.000472385895187018
         567,3057.90634465789,           1.00049584044956,                -0.000472228999582864
         568,3057.90545005263,           1.00047836650427,                -0.000944144416329922
         569,3057.90455544737,           1.00046090415868,                 -0.00110113621526898
         570, 3057.9036608421,           1.00044345340122,                 -0.00141527681241921
         571,3057.90276623684,            1.0005847879672,                 -0.00220081493032849
         572,3057.90187163158,            1.0005673076772,                 -0.00204293623367419
         573,3057.90097702631,           1.00070850790748,                 -0.00219935935803842
         574,3057.90008242105,           1.00053552442918,                 -0.00204158873294292
         575,3057.89918781579,           1.00052121927632,                 -0.00141294382135366
         576,3057.89829321052,           1.00050535329217,                -0.000941652097216163
         577,3057.89739860526,           1.00033417688155,                -0.000156890554717934
         578,     3057.896504,           1.00063363007296,                 0.000941034761824102
         579,3057.89560939474,           1.00046252381214,                  0.00109751413049443
         580,3057.89471478947,           1.00029152965295,                   0.0012538909804487
         581,3057.89382018421,           1.00059070262275,                  0.00141016541240287
         582,3057.89292557894,           1.00057797945275,                  0.00140970598232229
         583,3057.89203097368,           1.00056526457044,                  0.00187899580201021
         584,3057.89113636842,           1.00086562197208,                  0.00187838402622224
         585,3057.89024176316,           1.00053985963649,                   0.0015648105405638
         586,3057.88934715789,           1.00037230431341,                  0.00140787345407673
         587,3057.88845255263,           1.00067243185763,                  0.00109465651242435
         588,3057.88755794737,           1.00034861344085,                 0.000625315588961304
         589, 3057.8866633421,           1.00033756118296,                 0.000156278325446487
         590,3057.88576873684,           1.00064053492478,                 -0.00015622803043322
         591,3057.88487413158,           1.00031704037345,                 -0.00046853257160349
         592,3057.88397952631,            1.0004636980623,                -0.000624509174820415
         593,3057.88308492105,            1.0004541843489,                -0.000312154191684524
         594,3057.88219031579,           1.00044467675121,                -0.000468080790744483
         595,3057.88129571052,           1.00043517526333,                -0.000779883984458472
         596,3057.88040110526,           1.00042567987938,                 -0.00124741356593438
         597,    3057.8795065,           1.00057362688065,                 -0.00140289182768747
         598,3057.87861189474,           1.00056565228435,                 -0.00140244368019921
         599,3057.87771728948,           1.00071346009453,                 -0.00155777313215213
         600,3057.87682268421,           1.00070544594929,                 -0.00186873099150195
         601,3057.87592807894,           1.00069743691932,                 -0.00233516825665679
         602,3057.87503347368,           1.00053536189842,                 -0.00233442688263747
         603,3057.87413886842,           1.00068454788724,                 -0.00233368597921464
         604,3057.87324426316,           1.00067810950535,                  -0.0017108267336896
         605, 3057.8723496579,           1.00051619483556,                -0.000932882232946913
         606,3057.87145505263,           1.00050981391792,                -0.000466293217609719
         607,3057.87056044737,           1.00081575573942,                  0.00015538204560463
         608, 3057.8696658421,           1.00050017241969,                 0.000155333049591629
         609,3057.86877123684,           1.00065064031392,                -0.000310568168936661
         610,3057.86787663158,           1.00080101337506,                -0.000931410901233188
         611,3057.86698202631,           1.00079610544595,                 -0.00170704871451472
         612,3057.86608742105,           1.00063761559692,                 -0.00217192660749718
         613,3057.86519281579,           1.00078785096589,                  -0.0018610652737627
         614,3057.86429821052,           1.00093954362366,                -0.000930241211546154
         615,3057.86340360526,            1.0007811579737,                -0.000154991661448614
         616,     3057.862509,           1.00062287146846,                 0.000464829454073301
         617,3057.86161439474,           1.00077602350685,                 0.000929369469283565
         618,3057.86071978947,           1.00092908021059,                  0.00108392691235677
         619,3057.85982518421,           1.00061609716379,                  0.00139318454122433
         620,3057.85893057895,           1.00061435802681,                  0.00123800106158591
         621,3057.85803597368,           1.00061261997141,                  0.00108291409087815
         622,3057.85714136842,           1.00061243048295,                  0.00108257913653488
         623,3057.85624676316,            1.0006106941041,                  0.00154606102302858
         624,3057.85535215789,           1.00076506363938,                  0.00185469973184133
         625,3057.85445755263,           1.00061031666937,                  0.00216314768890846
         626,3057.85356294737,           1.00061012812691,                  0.00185355380326071
         627, 3057.8526683421,            1.0006099397009,                  0.00108090579905961
         628,3057.85177373684,            1.0007656636884,                 0.000308735358225636
         629,3057.85087913158,           1.00076697175785,                -0.000462960819625835
         630,3057.84998452631,           1.00061246245389,                 -0.00123418126728818
         631,3057.84908992105,           1.00045959142631,                 -0.00185070373009337
         632,3057.84819531579,           1.00061671292014,                 -0.00292938637064447
         633,3057.84730071053,            1.0004639341306,                 -0.00354501162917945
         634,3057.84640610526,           1.00061941639265,                 -0.00354392463459055
         635,    3057.8455115,           1.00062230820892,                 -0.00354284376367076
         636,3057.84461689474,           1.00047120854212,                 -0.00307979439292633
         637,3057.84372228947,           1.00047414377024,                 -0.00261702730329191
         638,3057.84282768421,           1.00032318133551,                 -0.00215454223672263
         639,3057.84193307895,           1.00017384963084,                  -0.0015384923083077
         640,3057.84103847368,           1.00017687273622,                 -0.00107661665525966
         641,3057.84014386842,           1.00033518762819,                -0.000922534756496951
         642,3057.83924926316,           1.00018598817361,                                    0
         643,3057.83835465789,           1.00034420445745,                 0.000614650816870936
         644,3057.83746005263,           1.00019662904088,                  0.00122893150550254
         645,3057.83656544737,           1.00004760668889,                   0.0016892696058934
         646, 3057.8356708421,           1.00020725706785,                  0.00214933255547965
         647,3057.83477623684,           1.00036681139602,                  0.00199520843021605
         648,3057.83388163158,           1.00006597550928,                  0.00245490267078067
         649,3057.83298702631,          0.999918705796277,                  0.00245416464070263
         650,3057.83209242105,          0.999924863796464,                  0.00276010543602766
         651,3057.83119781579,          0.999779257569626,                  0.00367904050623597
         652,3057.83030321053,           1.00009194838631,                  0.00459741931529102
         653,3057.82940860526,          0.999946379464867,                  0.00490244892644029
         654,     3057.828514,          0.999954053267578,                   0.0045946732421546
         655,3057.82761939474,           0.99981014324998,                  0.00413397762140114
         656,3057.82672478947,          0.999817853146778,                  0.00290822706824691
         657,3057.82583018421,          0.999978577352589,                  0.00153018910076907
         658,3057.82493557895,          0.999834788621219,                                    0
         659,3057.82404097368,          0.999996941437708,                -0.000611712458441785
         660,3057.82314636842,          0.999547467038478,                -0.000305765514542208
         661,3057.82225176316,          0.999709608889025,                 0.000305674853658164
         662,3057.82135715789,          0.999567597630496,                  0.00152792356715148
         663,3057.82046255263,          0.999576890588794,                  0.00274944743743861
         664,3057.81956794737,          0.999740406492892,                  0.00366484951211691
         665,3057.81867334211,          0.999445854826177,                  0.00412174096231965
         666,3057.81777873684,           0.99930408878362,                  0.00412052693908945
         667,3057.81688413158,          0.999467540571425,                  0.00366161211627449
         668,3057.81598952632,          0.999173329347418,                   0.0032029674731027
         669,3057.81509492105,          0.999338247178402,                  0.00350698499925286
         670,3057.81420031579,          0.999503068475945,                  0.00320109263962099
         671,3057.81330571053,          0.999513881798607,                  0.00365731562176651
         672,3057.81241110526,          0.999527734190521,                  0.00365625142822321
         673,    3057.8115165,          0.999540056228887,                  0.00350288302502886
         674,3057.81062189474,          0.999400116322622,                  0.00365411377083226
         675,3057.80972728947,          0.999109568711614,                  0.00304420953294215
         676,3057.80883268421,          0.999578500160535,                   0.0028911541335135
         677,3057.80793807895,          0.999440191795159,                  0.00212970512711297
         678,3057.80704347368,          0.999606118994645,                  0.00167285369069544
         679,3057.80614886842,          0.999467882934245,                  0.00167236792094261
         680,3057.80525426316,            0.9994817164457,                  0.00151989312111572
         681,3057.80435965789,          0.999345115182236,                  0.00197529063362765
         682,3057.80346505263,          0.999358976306428,                  0.00197471753944119
         683,3057.80257044737,          0.999526204533858,                  0.00167043273319241
         684, 3057.8016758421,           0.99969333628864,                  0.00151813718494858
         685,3057.80078123684,          0.999556831772127,                   0.0016694693515781
         686,3057.79988663158,          0.999572132147441,                  0.00136553569965497
         687,3057.79899202632,          0.999437257212891,                  0.00121346153554456
         688,3057.79809742105,          0.999604222236038,                  0.00136475091021304
         689,3057.79720281579,          0.999469415599181,                  0.00166755097400136
         690,3057.79630821053,          0.999486238309648,                  0.00227328181571565
         691,3057.79541360526,          0.999503051385699,                  0.00242413958195713
         692,     3057.794519,          0.999368389484064,                  0.00333223773395717
         693,3057.79362439474,          0.999385226663598,                  0.00393697210503842
         694,3057.79272978947,          0.999554946003143,                  0.00469274622536687
         695,3057.79183518421,          0.999421897085574,                  0.00544809029301646
         696,3057.79094057895,          0.999438704572515,                  0.00559782501804164
         697,3057.79004597368,          0.999608263670312,                  0.00635248102196295
         698,3057.78915136842,          0.999475313262176,                  0.00710670797629686
         699,3057.78825676316,          0.999644765583076,                   0.0074070155018253
         700,3057.78736215789,           0.99951339081971,                  0.00816052662598493
         701,3057.78646755263,          0.999682736323669,                  0.00846036470214984
         702,3057.78557294737,          0.999551425244337,                  0.00830693991967944
         703, 3057.7846783421,          0.999420188318003,                  0.00785161652704882
         704,3057.78378373684,          0.999892825497267,                  0.00649085016551668
         705,3057.78288913158,          0.999610658891917,                  0.00437631478077681
         706,3057.78199452632,              0.99963038116,                  0.00316816148571687
         707,3057.78109992105,          0.999802422511165,                  0.00165904761617481
         708,3057.78020531579,          0.999822079617863,                  0.00120623987889352
         709,3057.77931071053,          0.999692495070877,                  0.00135663939319027
         710,3057.77841610526,          0.999864374086409,                  0.00180834551454965
         711,    3057.7775215,          0.999885503543364,                  0.00271175818348358
         712,3057.77662689474,             1.000057232191,                  0.00286160954994412
         713,3057.77573228947,          0.999927726952426,                  0.00271023928401501
         714,3057.77483768421,          0.999948820924415,                  0.00240842708637523
         715,3057.77394307895,           1.00012189267726,                   0.0019563022276263
         716,3057.77304847368,           1.00014442518775,                  0.00135398613518198
         717,3057.77215386842,           1.00001504008182,                 0.000752004090902255
         718,3057.77125926316,           1.00018794872759,                 0.000451076946209074
         719,3057.77036465789,           1.00006163013202,                -0.000450952185539767
         720,3057.76947005263,           1.00038470554998,                -0.000901653632762486
         721,3057.76857544737,           1.00025689986464,                 -0.00135210455073322
         722, 3057.7676808421,           1.00043105196204,                 -0.00150192321267383
         723,3057.76678623684,           1.00045345481518,                  -0.0013513554094757
         724,3057.76589163158,           1.00017712877262,                  -0.0010507639053592
         725,3057.76499702632,           1.00035115837243,                 -0.00105047376366741
         726,3057.76410242105,           1.00037506563649,                -0.000600105018378216
         727,3057.76320781579,            1.0005489445566,                -0.000149984851529995
         728,3057.76231321053,           1.00057428435622,                 0.000449831088426296
         729,3057.76141860526,           1.00044820799249,                  0.00104931637038469
         730,     3057.760524,           1.00062342271057,                  0.00119888982801925
         731,3057.75962939474,           1.00064872121019,                  0.00134838126828742
         732,3057.75873478947,           1.00052422676552,                  0.00149779075863102
         733,3057.75784018421,           1.00069927661556,                  0.00104816623317506
         734,3057.75694557895,           1.00087423055735,                 0.000598788052980767
         735,3057.75605097368,            1.0007497766384,                 0.000149656015648033
         736,3057.75515636842,           1.00062688795762,                -0.000598461057390919
         737,3057.75426176316,            1.0009512926212,                   -0.001346168803585
         738,3057.75336715789,           1.00082841616997,                 -0.00179440325624378
         739,3057.75247255263,            1.0010045924225,                  -0.0017939150401837
         740,3057.75157794737,           1.00073231606163,                 -0.00179342708971619
         741,3057.75068334211,           1.00105783424873,                 -0.00179293940462459
         742,3057.74978873684,           1.00093506245201,                  -0.0020911939821412
         743,3057.74889413158,           1.00096168779194,                 -0.00179196482970361
         744,3057.74799952632,            1.0009897930392,                 -0.00238864081858721
         745,3057.74710492105,           1.00116563858637,                 -0.00253724148121173
         746,3057.74621031579,           1.00134288272158,                 -0.00253655625186511
         747,3057.74531571053,           1.00122169333558,                 -0.00283420920342313
         748,3057.74442110526,            1.0009514407318,                  -0.0031317014683206
         749,    3057.7435265,            1.0012776875793,                 -0.00402538677257907
         750,3057.74263189474,           1.00115661386387,                  -0.0046204935283281
         751,3057.74173728947,           1.00118610528323,                 -0.00551330345222201
         752,3057.74084268421,            1.0010651213717,                 -0.00625665700857311
         753,3057.73994807895,           1.00139247764217,                 -0.00640390787308348
         754,3057.73905347368,           1.00127299391792,                  -0.0064021916339733
         755,3057.73815886842,           1.00130093208658,                 -0.00625161872270499
         756,3057.73726426316,           1.00118153706961,                 -0.00639875239209174
         757,3057.73636965789,           1.00106369526246,                 -0.00609951129525354
         758,3057.73547505263,           1.00124188498806,                  -0.0056516921612517
         759,3057.73458044737,           1.00127129039693,                   -0.004906734865325
         760, 3057.7336858421,           1.00145081786884,                 -0.00475677989784815
         761,3057.73279123684,           1.00133154209219,                 -0.00401245942957688
         762,3057.73189663158,           1.00121381761239,                 -0.00386282226709039
         763,3057.73100202632,           1.00124468631825,                 -0.00386179525949779
         764,3057.73010742105,           1.00127553861437,                  -0.0035637865826405
         765,3057.72921281579,           1.00100947121523,                 -0.00282058133665865
         766,3057.72831821053,           1.00104036960577,                 -0.00237459539120717
         767,3057.72742360526,           1.00107125158388,                 -0.00178047354661428
         768,     3057.726529,           1.00110360213363,                 -0.00148333620111666
         769,3057.72563709091,           1.00113445097763,                 -0.00103805971809264
         770,3057.72474518182,            1.0013150228387,                 -0.00118604089172484
         771,3057.72385327273,            1.0010508514268,                 -0.00192680797579929
         772,3057.72296136364,           1.00093499627335,                 -0.00296353810887743
         773,3057.72206945455,           1.00096734005188,                 -0.00414785933423895
         774,3057.72117754545,           1.00099966677774,                 -0.00607205005738828
         775,3057.72028563636,           1.00103197646442,                 -0.00710686804766932
         776,3057.71939372727,           1.00091624838472,                 -0.00799311999597383
         777,3057.71850181818,           1.00095004424661,                 -0.00828699031310025
         778,3057.71760990909,           1.00098234152346,                 -0.00769303602707949
         779,     3057.716718,           1.00072029379704,                 -0.00724730925156002
         780,3057.71582609091,           1.00075411435922,                 -0.00665395022845229
         781,3057.71493418182,           1.00078791722287,                  -0.0057652479721849
         782,3057.71404227273,           1.00067391420008,                 -0.00472922245671284
         783,3057.71315036364,           1.00085546991006,                 -0.00413698747527042
         784,3057.71225845455,           1.00059379791373,                 -0.00295421847627319
         785,3057.71136654545,           1.00062760733931,                 -0.00251042935725625
         786,3057.71047463636,           1.00051524246661,                 -0.00132870550128368
         787,3057.70958272727,           1.00054905479921,                -0.000737976880660283
         788,3057.70869081818,           1.00058432590039,                -0.000147557045553811
         789,3057.70779890909,           1.00032454121673,                  0.00014751873487933
         790,     3057.706907,           1.00035985228359,                 0.000147480444093113
         791,3057.70601509091,           1.00039514502412,                 0.000294884346359358
         792,3057.70512318182,           1.00013561160835,                  0.00029480784424712
         793,3057.70423127273,           1.00002357851055,                -0.000589462763637221
         794,3057.70333936364,           1.00035358595085,                 -0.00117861983617184
         795,3057.70244745455,           1.00024155443223,                 -0.00206205003122533
         796,3057.70155554545,           1.00027830501936,                 -0.00250327266087576
         797,3057.70066363636,           1.00046225006845,                 -0.00309148134953466
         798,3057.69977172727,           1.00020310186589,                 -0.00338503109813352
         799,3057.69887981818,            0.9999455591735,                 -0.00367843422297491
         800,3057.69798790909,          0.999982348060935,                 -0.00323618882867616
         801,     3057.697096,           1.00001911801255,                 -0.00264710943003322
         802,3057.69620409091,           0.99976182144842,                 -0.00117619037817461
         803,3057.69531218182,          0.999945615187767,                 0.000440957937022387
         804,3057.69442027273,          0.999836887280294,                  0.00176338075358077
         805,3057.69352836364,           1.00016747810297,                  0.00323203356613769
         806,3057.69263645455,           1.00035102612721,                  0.00455305855380173
         807,3057.69174454545,          0.999801772302451,                  0.00528607193462891
         808,3057.69085263636,          0.999986788195693,                  0.00557831737396306
         809,3057.68996072727,          0.999729961372736,                   0.0058704049405328
         810,3057.68906881818,          0.999768178203469,                  0.00586890624128834
         811,3057.68817690909,           0.99965969031819,                  0.00557403789172285
         812,     3057.687285,          0.999844553354861,                  0.00513267224514816
         813,3057.68639309091,          0.999737567056015,                  0.00425170691371527
         814,3057.68550118182,          0.999775743016154,                  0.00322461022523902
         815,3057.68460927273,           1.00010697114856,                  0.00146535819948507
         816,3057.68371736364,           1.00014649868151,                -0.000585994726047466
         817,3057.68282545454,          0.999891618602935,                 -0.00278276560033042
         818,3057.68193354545,          0.999931180604059,                 -0.00512484863393499
         819,3057.68104163636,          0.999969258740399,                   -0.007465734474566
         820,3057.68014972727,          0.999862431105791,                 -0.00907369302233007
         821,3057.67925781818,           1.00004828323825,                 -0.00965664765087415
         822,3057.67836590909,          0.999941489672927,                 -0.00936165233163653
         823,     3057.677474,           1.00027346657639,                 -0.00804313459966394
         824,3057.67658209091,           1.00016667007804,                 -0.00672528385083905
         825,3057.67569018182,          0.999769059193929,                 -0.00511577734967654
         826,3057.67479827273,          0.999808572167562,                 -0.00394545914184802
         827,3057.67390636364,          0.999848065168355,                 -0.00277573250119795
         828,3057.67301445454,           0.99974294410787,                 -0.00189870829414205
         829,3057.67212254545,          0.999928451381253,                 -0.00116814071423044
         830,3057.67123063636,           0.99982336307938,                -0.000291961852264383
         831,3057.67033872727,          0.999864271818305,                   0.0008756656883535
         832,3057.66944681818,          0.999905160024221,                  0.00189679951558659
         833,3057.66855490909,          0.999800156665505,                  0.00291742094153926
         834,     3057.667663,          0.999986874898827,                   0.0030625236069528
         835,3057.66677109091,           1.00002770159838,                  0.00277015983822267
         836,3057.66587918182,          0.999922746493347,                  0.00116609066646454
         837,3057.66498727273,          0.999817844001603,                -0.000582899194870487
         838,3057.66409536364,          0.999858682366036,                 -0.00189394767168271
         839,3057.66320345455,          0.999755304645716,                 -0.00233043194556111
         840,3057.66231154545,           1.00008736931007,                 -0.00232984826863151
         841,3057.66141963636,           0.99998398628061,                 -0.00160137193901393
         842,3057.66052772727,          0.999880654710791,                 -0.00101880124934142
         843,3057.65963581818,          0.999921426430403,                -0.000727533051826545
         844,3057.65874390909,          0.999818161981307,                -0.000727352074771793
         845,     3057.657852,           1.00015125160705,                 -0.00145434237546466
         846,3057.65696009091,           1.00004798136578,                 -0.00203557309379485
         847,3057.65606818182,          0.999944762464059,                 -0.00261651486035079
         848,3057.65517627273,           1.00013224649002,                 -0.00319716789055222
         849,3057.65428436364,           1.00002905794154,                 -0.00377753239960481
         850,3057.65339245455,          0.999927373084465,                 -0.00450286876316363
         851,3057.65250054546,          0.999969504270128,                  -0.0045017506001124
         852,3057.65160863636,           1.00001161453675,                 -0.00493617812053566
         853,3057.65071672727,           1.00020030132286,                 -0.00508010601455523
         854,3057.64982481818,           1.00009722361286,                 -0.00522395531776885
         855,3057.64893290909,          0.999995647777538,                 -0.00551281511904054
         856,     3057.648041,            1.0000391603442,                 -0.00565649416293314
         857,3057.64714909091,            1.0002262036645,                 -0.00565509161248412
         858,3057.64625718182,           1.00026963790239,                 -0.00507383149660633
         859,3057.64536527273,           1.00016811984046,                 -0.00405806511455338
         860,3057.64447336364,           1.00021154698806,                  -0.0028979039460758
         861,3057.64358145455,           1.00025495274683,                 -0.00202803321338965
         862,3057.64268954545,            1.0001535132818,                 -0.00144823850750332
         863,3057.64179763636,           1.00019836012643,                 -0.00115830730761602
         864,3057.64090572727,           1.00009698436525,                 -0.00159228062353709
         865,3057.64001381818,           1.00014037565684,                 -0.00188132323593385
         866,3057.63912190909,            1.0001851926872,                 -0.00217022680316911
         867,      3057.63823,            1.0000838948017,                 -0.00173575451802436
         868,3057.63733809091,           1.00012725737225,                 -0.00115688520228138
         869,3057.63644618182,           1.00031661994474,                -0.000578301268937559
         870,3057.63555427273,          0.999927729999277,                  -0.0001445400014454
         871,3057.63466236364,           1.00026010808936,                                    0
         872,3057.63377045455,           1.00030483003919,                                    0
         873,3057.63287854545,           1.00020509620745,                -0.000288867897821647
         874,3057.63198663636,           1.00039420845685,                 -0.00101079091501126
         875,3057.63109472727,           1.00015013801148,                 -0.00158799819834386
         876,3057.63020281818,           1.00019484315126,                 -0.00158761086214486
         877,3057.62931090909,           1.00023952648788,                 -0.00144293064986711
         878,     3057.628419,           1.00013993015033,                 -0.00100980520857527
         879,3057.62752709091,           1.00018460508933,                -0.000865336356241671
         880,3057.62663518182,           1.00008651267411,                -0.000576751160711711
         881,3057.62574327273,          0.999987026260291,                 -0.00115322130749349
         882,3057.62485136364,           1.00003170586184,                 -0.00172941064567546
         883,3057.62395945455,           1.00022188731006,                 -0.00216124003308138
         884,3057.62306754545,          0.999978392861001,                 -0.00244880908652219
         885,3057.62217563636,           1.00016849490843,                 -0.00316828032944355
         886,3057.62128372727,          0.999925131595618,                 -0.00316750941614163
         887,3057.62039181818,          0.999971211423307,                 -0.00316674343620451
         888,3057.61949990909,          0.999873360886934,                 -0.00244643741149653
         889,     3057.618608,           1.00006186542974,                 -0.00143873092422636
         890,3057.61771609091,           1.00010787874429,                -0.000719191628609443
         891,3057.61682418182,          0.999866262674488,                 0.000143803575819716
         892,3057.61593227273,          0.999912301005951,                  0.00115015074163158
         893,3057.61504036364,          0.999958317103355,                   0.0014373412636242
         894,3057.61414845455,          0.999716912129238,                  0.00143699426782987
         895,3057.61325654545,           1.00019394740434,                  0.00114931795162808
         896,3057.61236463636,          0.999952602074306,                 0.000143630077861865
         897,3057.61147272727,           1.00028575490271,                -0.000143595428495938
         898,3057.61058081818,           0.99990237851868,                 -0.00100492701358661
         899,3057.60968890909,          0.999661277729298,                 -0.00129173747301704
         900,     3057.608797,          0.999707276755479,                 -0.00186539322489181
         901,3057.60790509091,          0.999898145239151,                 -0.00186494632541018
         902,3057.60701318182,          0.999657219403963,                 -0.00215134265294971
         903,3057.60612127273,          0.999704619690682,                 -0.00229421599470036
         904,3057.60522936364,          0.999750564097859,                 -0.00200695553446659
         905,3057.60433745455,          0.999654599629375,                 -0.00214979483791264
         906,3057.60344554545,          0.999700534023777,                 -0.00200599218522759
         907,3057.60255363636,          0.999747878454495,                 -0.00214876317191824
         908,3057.60166172727,          0.999651983621748,                 -0.00272111571472969
         909,3057.60076981818,          0.999697885628949,                 -0.00257727899474665
         910,3057.59987790909,          0.999602048733284,                 -0.00214721906501493
         911,     3057.598986,          0.999363143922318,                 -0.00128802352789644
         912,3057.59809409091,          0.999410512339179,                -0.000429238587976741
         913,3057.59720218182,          0.999171767425427,                  0.00100131744767044
         914,3057.59631027273,          0.999219158922611,                  0.00228817898135992
         915,3057.59541836364,          0.999266527788302,                  0.00257358670771061
         916,3057.59452645455,          0.999027988221504,                  0.00228708653763687
         917,3057.59363454545,          0.998932471307487,                  0.00171490553014161
         918,3057.59274263636,          0.998979874670317,                 0.000714373480170421
         919,3057.59185072727,          0.999027255417587,                 0.000285681228315009
         920,3057.59095881818,          0.998931807016943,                                    0
         921,3057.59006690909,          0.998836404131836,                -0.000142772499161212
         922,     3057.589175,          0.998885210989165,                -0.000713693348806205
         923,3057.58828309091,          0.998932569197486,                -0.000428113958227494
         924,3057.58739118182,          0.998694563534808,                 0.000285341303867088
         925,3057.58649927273,          0.998600732297695,                  0.00128373183697747
         926,3057.58560736364,          0.998790727388884,                  0.00199644063155973
         927,3057.58471545455,           0.99855292515843,                  0.00199596529871759
         928,3057.58382354545,          0.998459194305433,                  0.00171042260266455
         929,3057.58293163636,          0.998506586409936,                  0.00142501296761801
         930,3057.58203972727,          0.998412910983397,                 0.000997273170217434
         931,3057.58114781818,           0.99817542420319,                  0.00113946966233241
         932,3057.58025590909,            0.9986514716332,                  0.00199360054225935
         933,     3057.579364,          0.998415462128406,                  0.00270496132617136
         934,3057.57847209091,          0.998605141051553,                  0.00370064618975775
         935,3057.57758018182,          0.998226955400671,                  0.00455356558415131
         936,3057.57668827273,           0.99827574433215,                  0.00455249021214604
         937,3057.57579636364,          0.998180858765516,                  0.00398248276509468
         938,3057.57490445454,          0.998229635475546,                  0.00341275089051469
         939,3057.57401254545,          0.997994060371532,                  0.00255895912915778
         940,3057.57312063636,          0.998042858137773,                  0.00156343939611443
         941,3057.57222872727,          0.998233730211171,                 0.000710486640719695
         942,3057.57133681818,          0.997998320805672,                 0.000284127635816562
         943,3057.57044490909,          0.998189113375706,                -0.000568121293896247
         944,     3057.569553,          0.998236401691464,                 -0.00127796978879419
         945,3057.56866109091,          0.997859195239123,                 -0.00269730042816095
         946,3057.56776918182,          0.997907955729278,                 -0.00397403253597209
         947,3057.56687727273,          0.997956693248574,                 -0.00496637057638278
         948,3057.56598536364,          0.997863544926557,                 -0.00553265258062777
         949,3057.56509345454,          0.997771855600358,                 -0.00496403908258885
         950,3057.56420154546,           0.99782059080848,                 -0.00382850020631362
         951,3057.56330963636,          0.997727540143719,                 -0.00240996990372879
         952,3057.56241772727,          0.997634533263224,                -0.000708647913953136
         953,3057.56152581818,          0.997541570136099,                 0.000425088737273906
         954,3057.56063390909,          0.997448650731476,                  0.00127496631963972
         955,     3057.559742,          0.997497404637237,                  0.00141629618718903
         956,3057.55885009091,          0.997264355056129,                  0.00084957917511526
         957,3057.55795818182,          0.997313129425621,                  0.00084937952825461
         958,3057.55706627273,          0.997220350881166,                 0.000990709971071269
         959,3057.55617436364,          0.997127615921215,                  0.00113197402119621
         960,3057.55528245454,          0.997177798682973,                   0.0016975647019713
         961,3057.55439054546,          0.997226547638747,                   0.0025457492352145
         962,3057.55349863636,          0.996992479076732,                  0.00311074096435798
         963,3057.55260672727,          0.996901293766398,                  0.00367547272233783
         964,3057.55171481818,           0.99737406686095,                  0.00395727276067828
         965,3057.55082290909,          0.997141537013775,                  0.00381505193416068
         966,     3057.549931,          0.996907707281791,                  0.00409668747501374
         967,3057.54903909091,          0.996956451123147,                  0.00451942292618511
         968,3057.54814718182,          0.996865380813871,                  0.00508316624777611
         969,3057.54725527273,          0.996772945823322,                  0.00536430703034786
         970,3057.54636336364,          0.996823093891618,                   0.0053630578462242
         971,3057.54547145454,          0.997012912065042,                  0.00522070163407961
         972,3057.54457954546,          0.996780846459636,                  0.00507841925736582
         973,3057.54368763636,          0.996547483386174,                   0.0042310252620415
         974,3057.54279572727,          0.996738638462634,                  0.00352503408707962
         975,3057.54190381818,          0.996647767480807,                  0.00324227703706627
         976,3057.54101190909,          0.996837405432221,                  0.00408713201718287
         977,      3057.54012,          0.996746553869262,                  0.00493159872567489
         978,3057.53922809091,          0.996513470681458,                  0.00577566472970593
         979,3057.53833618182,          0.996563573883162,                  0.00605599684524816
         980,3057.53744427273,           0.99633204497293,                  0.00549137220943249
         981,3057.53655236364,          0.996803078954518,                  0.00436391688286825
         982,3057.53566045454,          0.996430863460824,                  0.00309625409549974
         983,3057.53476854546,          0.996621645389552,                  0.00211059221810579
         984,3057.53387663636,          0.996529589923291,                  0.00168807948603607
         985,3057.53298472727,          0.996438978836396,                  0.00196896904780657
         986,3057.53209281818,          0.996489017810818,                  0.00309337637813433
         987,3057.53120090909,          0.996256482274169,                  0.00421725616879146
         988,     3057.530309,          0.996447082897651,                  0.00505953384828144
         989,3057.52941709091,          0.996356575096285,                   0.0051988708614529
         990,3057.52852518182,          0.996266109252126,                  0.00491671091706492
         991,3057.52763327273,          0.996314730964125,                  0.00449423053155512
         992,3057.52674136364,           0.99622431685971,                  0.00322947981504909
         993,3057.52584945455,          0.996414703925296,                  0.00280759285411467
         994,3057.52495754545,          0.996043614275549,                  0.00224555415364362
         995,3057.52406563636,          0.996233955020739,                   0.0016837756986266
         996,3057.52317372727,          0.996282527881041,                  0.00168338360103809
         997,3057.52228181818,          0.996051976466133,                  0.00182324355027594
         998,3057.52138990909,          0.996101965843125,                  0.00210325584004038
         999,     3057.520498,          0.996151932094569,                  0.00238313859352768
        1000,3057.51960609091,          0.996201875236507,                   0.0016818264635394
        1001,3057.51871418182,          0.996251795284969,                  0.00168143762917294
        1002,3057.51782227273,          0.996160209346339,                  0.00168104661962538
        1003,3057.51693036364,          0.996070061035902,                  0.00182071299120736
        1004,3057.51603845455,          0.996400021843508,                  0.00224035980178417
        1005,3057.51514654545,          0.996169869641177,                  0.00251982260448864
        1006,3057.51425463636,          0.996359697187268,                  0.00279915633428085
        1007,3057.51336272727,          0.996129660568713,                  0.00349813759154626
        1008,3057.51247081818,          0.996319409762587,                  0.00377711654922632
        1009,3057.51157890909,          0.996229349534823,                  0.00321680121287392
        1010,     3057.510687,          0.996137937977689,                  0.00279656916894354
        1011,3057.50979509091,          0.996047961282043,                  0.00195714687129103
        1012,3057.50890318182,           0.99609779005216,                  0.00111811173290547
        1013,3057.50801127272,          0.996147595845496,                 0.000558926971999156
        1014,3057.50711936364,          0.996197378677939,                -0.000279399068483506
        1015,3057.50622745455,          0.996386805905694,                -0.000698336701644024
        1016,3057.50533554545,          0.996296875523632,                -0.000837810967504105
        1017,3057.50444363636,          0.996206986571588,                 -0.00153563296696853
        1018,3057.50355172727,          0.995977568173381,                 -0.00153527932313722
        1019,3057.50265981818,           0.99616687155601,                 -0.00125584841630538
        1020,3057.50176790909,          0.996216581195627,                -0.000976546151571123
        1021,     3057.500876,          0.996264878420258,                -0.000697371467464832
        1022,3057.49998409091,          0.996453984770122,                -0.000836653219790195
        1023,3057.49909218182,          0.996085363609496,                -0.000975870895068785
