"SCAN INDEX",      WAVENUMBER,"SCIENCE DIRECT ABSORPTION","SCIENCE HARMONIC ABSORPTION SPECTRA"
           0,3058.41469805405,                          1,                                    0
           1,3058.41377927027,                          1,                                    0
           2,3058.41286048648,                          1,                                    0
           3, 3058.4119417027,                          1,                                    0
           4,3058.41102291891,                          1,                                    0
           5,3058.41010413513,                          1,                                    0
           6,3058.40918535135,                          1,                                    0
           7,3058.40826656757,                          1,                                    0
           8,3058.40734778377,                          1,                                    0
           9,     3058.406429,                          1,                                    0
          10,3058.40551021621,                          1,                                    0
          11,3058.40459143243,                          1,                                    0
          12,3058.40367264864,                          1,                                    0
          13,3058.40275386486,                          1,                                    0
          14,3058.40183508107,                          1,                                    0
          15,3058.40091629729,                          1,                                    0
          16,3058.39999751351,                          1,                                    0
          17,3058.39907872973,                          1,                                    0
          18,3058.39815994594,                          1,                                    0
          19,3058.39724116216,                          1,                                    0
          20,3058.39632237837,                          1,                                    0
          21,3058.39540359459,                          1,                                    0
          22,3058.39448481081,                          1,                                    0
          23,3058.39356602702,                          1,                                    0
          24,3058.39264724324,                          1,                                    0
          25,3058.39172845946,                          1,                                    0
          26,3058.39080967567,                          1,                                    0
          27,3058.38989089189,                          1,                                    0
          28,3058.38897210811,                          1,                                    0
          29,3058.38805332432,                          1,                                    0
          30,3058.38713454054,                          1,                                    0
          31,3058.38621575675,                          1,                                    0
          32,3058.38529697297,                          1,                                    0
          33,3058.38437818918,                          1,                                    0
          34, 3058.3834594054,                          1,                                    0
          35,3058.38254062161,                          1,                                    0
          36,3058.38162183783,                          1,                                    0
          37,3058.38070305405,                          1,                                    0
          38,3058.37978427027,                          1,                                    0
          39,3058.37886548648,                          1,                                    0
          40, 3058.3779467027,                          1,                                    0
          41,3058.37702791892,                          1,                                    0
          42,3058.37610913513,                          1,                                    0
          43,3058.37519035135,                          1,                                    0
          44,3058.37427156757,                          1,                                    0
          45,3058.37335278378,                          1,                                    0
          46,     3058.372434,                          1,                                    0
          47,3058.37151521621,                          1,                                    0
          48,3058.37059643243,                          1,                                    0
          49,3058.36967764864,                          1,                                    0
          50,3058.36875886486,                          1,                                    0
          51,3058.36784008107,                          1,                                    0
          52,3058.36692129729,                          1,                                    0
          53, 3058.3660025135,                          1,                                    0
          54,3058.36508372972,                          1,                                    0
          55,3058.36416494595,                          1,                                    0
          56,3058.36324616216,                          1,                                    0
          57,3058.36232737837,                          1,                                    0
          58,3058.36140859459,                          1,                                    0
          59,3058.36048981081,                          1,                                    0
          60,3058.35957102702,                          1,                                    0
          61,3058.35865224324,                          1,                                    0
          62,3058.35773345945,                          1,                                    0
          63,3058.35681467567,                          1,                                    0
          64,3058.35589589189,                          1,                                    0
          65, 3058.3549771081,                          1,                                    0
          66,3058.35405832432,                          1,                                    0
          67,3058.35313954054,                          1,                                    0
          68,3058.35222075675,                          1,                                    0
          69,3058.35130197297,                          1,                                    0
          70,3058.35038318919,                          1,                                    0
          71,3058.34946440541,                          1,                                    0
          72,3058.34854562161,                          1,                                    0
          73,3058.34762683784,          0.983374323659616,                  0.00177078209542548
          74,3058.34670805405,          0.987377069490029,                  0.00275309280479195
          75,3058.34578927026,          0.990984439460914,                  0.00334128033931685
          76,3058.34487048648,          0.993800289162685,                   0.0037323987930601
          77, 3058.3439517027,          0.995631473028027,                  0.00431944239925391
          78,3058.34303291892,          0.996283315737627,                  0.00353222369180171
          79,3058.34211413513,          0.995955768423613,                  0.00313810403599405
          80,3058.34119535134,          0.995822641635188,                  0.00294042118593067
          81,3058.34027656756,          0.994122257053291,                  0.00352664576802508
          82,3058.33935778379,          0.993402771658354,                  0.00391643119124129
          83,     3058.338439,          0.992488325393688,                  0.00469724310973151
          84,3058.33752021621,          0.991772397037593,                  0.00567285986471207
          85,3058.33660143243,          0.991446307248644,                   0.0068429542010851
          86,3058.33568264865,           0.99112056028014,                  0.00781640820410205
          87,3058.33476386486,          0.990990463132772,                  0.00898414688689545
          88,3058.33384508108,          0.991252847558274,                  0.00956506292444967
          89,3058.33292629729,          0.991708126036484,                   0.0097551458394303
          90,3058.33200751351,          0.991772925730131,                  0.00975002876258485
          91,3058.33108872973,          0.991642759136834,                  0.00935512036921542
          92,3058.33016994594,          0.991709456985016,                  0.00837625351607851
          93,3058.32925116215,          0.991774154295449,                  0.00700900462399611
          94,3058.32833237837,          0.992033376532904,                  0.00583777977559575
          95,3058.32741359459,          0.992292327530375,                  0.00369532619033264
          96,3058.32649481081,          0.992358547599192,                  0.00272145341163344
          97,3058.32557602703,          0.992034194676511,                  0.00194287934719254
          98,3058.32465724323,          0.992098553505163,                  0.00135930512322101
          99,3058.32373845945,          0.991968760068163,                  0.00135859544521173
         100,3058.32281967568,          0.992422978588028,                  0.00155187330506337
         101,3058.32190089189,          0.992293151083321,                  0.00135718094130192
         102, 3058.3209821081,          0.991969677004287,                  0.00135647347900567
         103,3058.32006332432,          0.992421263845768,                  0.00232417157809313
         104,3058.31914454054,          0.992293560932361,                  0.00309728774383882
         105,3058.31822575675,          0.992551030279578,                  0.00445003385895327
         106,3058.31730697297,          0.992614852674143,                  0.00541461443110773
         107,3058.31638818918,          0.992873806261077,                   0.0063782043228763
         108, 3058.3154694054,          0.992744216236265,                  0.00656806836972816
         109,3058.31455062162,          0.993000917121205,                  0.00714389149008061
         110,3058.31363183784,          0.993064373574376,                  0.00675422718132591
         111,3058.31271305405,          0.992936801539939,                  0.00597922316389629
         112,3058.31179427027,           0.99300022555043,                   0.0057833443538173
         113,3058.31087548648,           0.99344894026975,                  0.00481695568400771
         114, 3058.3099567027,          0.993321367771555,                  0.00462189081553263
         115,3058.30903791892,          0.993576973343573,                  0.00423453959968202
         116,3058.30811913513,          0.993255175969496,                  0.00403996875757494
         117,3058.30720035134,          0.993704742017482,                   0.0048070082334437
         118,3058.30628156757,          0.993959753470307,                   0.0046123422434817
         119,3058.30536278378,          0.994022419767504,                  0.00480204067520534
         120,3058.30444399999,          0.994086929811089,                  0.00518353555521425
         121,3058.30352521621,          0.994149465891712,                  0.00518085998438067
         122,3058.30260643244,           0.99459550686781,                  0.00441104833358265
         123,3058.30168764865,          0.994276250464839,                  0.00383372373420027
         124,3058.30076886486,          0.994721767202153,                    0.002873810960715
         125,3058.29985008107,          0.994592358834523,                  0.00114893225895401
         126,3058.29893129729,          0.994847768004103,                  0.00172251441170391
         127,3058.29801251351,          0.994527135727417,                  0.00172162804799899
         128,3058.29709372972,          0.994973510073055,                   0.0013383579113204
         129,3058.29617494595,          0.994844237891221,                  0.00152876563640602
         130,3058.29525616216,          0.995097093590696,                 0.000954987613810649
         131,3058.29433737837,           0.99573338933061,                 0.000190899806236697
         132,3058.29341859459,          0.995413124112771,                -0.000190801825591867
         133,3058.29249981081,          0.995857902405163,                -0.000762817236618279
         134,3058.29158102702,          0.995728507684302,                -0.000571819587108137
         135,3058.29066224323,          0.995791651505308,                -0.000952546060364749
         136,3058.28974345946,          0.996043246289829,                  -0.0011424697911946
         137,3058.28882467568,          0.995915850534593,                 -0.00209345965141994
         138,3058.28790589188,          0.995976907640071,                  -0.0030434741257145
         139,3058.28698710811,          0.996420036389009,                 -0.00342216383419236
         140,3058.28606832432,          0.996290750438953,                 -0.00361043758503531
         141,3058.28514954054,          0.996353414875028,                 -0.00398845248043759
         142,3058.28423075676,          0.996793782709965,                 -0.00455590378690519
         143,3058.28331197297,          0.996666394716321,                 -0.00455358718316994
         144,3058.28239318918,          0.996537246409242,                 -0.00436162829065891
         145, 3058.2814744054,          0.996978737438257,                 -0.00416987304631971
         146,3058.28055562162,          0.996662006357722,                 -0.00397831251349785
         147,3058.27963683783,          0.996722404100498,                 -0.00340824530277526
         148,3058.27871805405,          0.996973877694697,                 -0.00321726574047264
         149,3058.27779927028,          0.996846786351333,                 -0.00264816983091436
         150,3058.27688048648,           0.99690699820016,                 -0.00207964668693377
         151, 3058.2759617027,          0.997157995782345,                 -0.00113377827831989
         152,3058.27504291892,          0.997219871872356,                 -0.00113320439985495
         153,3058.27412413513,          0.997279802771543,                 -0.00037754298798847
         154,3058.27320535135,          0.997907582701426,                                    0
         155,3058.27228656756,          0.997403243964947,                 0.000188580685189062
         156,3058.27136778378,          0.997464871028848,                                    0
         157,     3058.270449,          0.997714826125208,                 0.000565170785191772
         158,3058.26953021622,          0.997774354996027,                 0.000564884518774879
         159,3058.26861143243,          0.998023901383269,                 0.000188199868260092
         160,3058.26769264865,          0.997708881189124,                 0.000376209985365432
         161,3058.26677386486,          0.998146219302633,                                    0
         162,3058.26585508108,          0.998019370332648,                -0.000187915528211758
         163, 3058.2649362973,          0.998080470003118,                -0.000375641878059134
         164,3058.26401751351,          0.998141508194259,                 -0.00131408511517017
         165,3058.26309872972,          0.998202484998818,                 -0.00262684864473373
         166,3058.26217994594,          0.998450938251323,                 -0.00487598129123486
         167,3058.26126116216,          0.998511698350872,                 -0.00693541070752436
         168,3058.26034237837,          0.998572397435561,                 -0.00880542264155185
         169,3058.25942359459,          0.998445780199614,                 -0.00973728067711552
         170,3058.25850481081,          0.998319289984241,                 -0.00935807358440421
         171,3058.25758602702,          0.998568929877564,                 -0.00916633150318483
         172,3058.25666724324,          0.998629478734483,                 -0.00860081558168625
         173,3058.25574845945,          0.998503086333234,                 -0.00784898551862172
         174,3058.25482967567,          0.998376820473356,                 -0.00709790817174696
         175,3058.25391089189,          0.998625932536275,                 -0.00597420636402333
         176,3058.25299210811,          0.998872932465516,                 -0.00466501462948588
         177,3058.25207332431,           0.99874667084443,                 -0.00279760972225331
         178,3058.25115454054,          0.998808811439884,                  -0.0020505593366627
         179,3058.25023575675,          0.998869029097813,                 -0.00167689260620786
         180,3058.24931697297,          0.998744818184866,                 -0.00130360129168265
         181,3058.24839818919,          0.998618871942253,                 -0.00204749442523109
         182, 3058.2474794054,          0.998866995715421,                 -0.00223252075779196
         183,3058.24656062161,          0.998741113881776,                 -0.00297521091456124
         184,3058.24564183784,          0.998988930273361,                 -0.00371716811264506
         185,3058.24472305406,          0.998864968391878,                  -0.0044583892954073
         186,3058.24380427027,          0.998553601235845,                 -0.00482751833992785
         187,3058.24288548648,          0.998986723479436,                 -0.00519628984904778
         188, 3058.2419667027,          0.998862947100144,                 -0.00556469608412337
         189,3058.24104791892,          0.998924691312247,                 -0.00537654343876302
         190,3058.24012913513,          0.998615761785019,                 -0.00574449593901198
         191,3058.23921035135,          0.998675717474047,                 -0.00555643017882445
         192,3058.23829156756,          0.998552339766967,                 -0.00536856096648907
         193,3058.23737278378,          0.998614115300426,                  -0.0044407520413582
         194,     3058.236454,          0.998860769794125,                 -0.00388373933821082
         195,3058.23553521621,          0.998552634740833,                 -0.00295757907364926
         196,3058.23461643243,          0.998616163725014,                 -0.00221709416553195
         197,3058.23369764865,          0.998493119316881,                 -0.00147733400305808
         198,3058.23277886486,          0.998554771928983,                -0.000553727230274852
         199,3058.23186008108,          0.998616363804077,                 0.000184484826123051
         200,3058.23094129729,          0.998310947860657,                                    0
         201,3058.23002251351,          0.998556902814869,                 0.000184303599633604
         202,3058.22910372973,          0.998434189923552,                -0.000736851800681588
         203,3058.22818494595,          0.998313435803769,                 -0.00128885910192298
         204,3058.22726616215,          0.998743059683501,                 -0.00165629031456634
         205,3058.22634737838,          0.998438330614054,                 -0.00202336433985899
         206,3058.22542859459,          0.998501604110936,                 -0.00202237481959497
         207,3058.22450981081,           0.99874674281766,                -0.000918810250982208
         208,3058.22359102702,          0.998626131421183,                -0.000367344539790761
         209,3058.22267224324,          0.998322055243669,                 0.000183582577279086
         210,3058.22175345945,          0.998385261844471,                 0.000183492972219164
         211,3058.22083467567,          0.998265003319603,                                    0
         212,3058.21991589189,          0.998144862074528,                -0.000916570121280558
         213, 3058.2189971081,          0.998574511981062,                 -0.00109934808658466
         214,3058.21807832432,          0.998454337013135,                 -0.00128194797488847
         215,3058.21715954054,          0.998151232816533,                -0.000915231278944189
         216,3058.21624075675,          0.998214337987764,                -0.000365914346769708
         217,3058.21532197297,          0.998643118121871,                                    0
         218,3058.21440318918,          0.998342189005076,                -0.000182779602527476
         219, 3058.2134844054,          0.998405109495719,                -0.000182690779413672
         220,3058.21256562162,            0.9984679688627,                -0.000365204085172897
         221,3058.21164683784,           0.99835007592571,                 -0.00073005490012849
         222,3058.21072805405,          0.998230475947243,                -0.000729700640312312
         223,3058.20980927027,          0.998295148923756,                -0.000182337013502056
         224,3058.20889048649,          0.998359759431383,                 0.000546746856205577
         225, 3058.2079717027,          0.998424307560591,                  0.00109296585392511
         226,3058.20705291892,           0.99848697542564,                  0.00163865477367446
         227,3058.20613413513,          0.998369414882001,                   0.0025477892468735
         228,3058.20521535135,          0.998433864897656,                  0.00272845836645379
         229,3058.20429656756,          0.998498252809867,                  0.00399981091802933
         230,3058.20337778379,          0.998380856674014,                  0.00563338306459673
         231,3058.20245899999,          0.998265386746102,                  0.00726539582784645
         232,3058.20154021621,          0.998511310409934,                   0.0088958280381976
         233,3058.20062143243,          0.998394077138735,                   0.0101617717774935
         234,3058.19970264865,          0.998278767169252,                   0.0103382793838385
         235,3058.19878386486,          0.998343044230204,                   0.0105145989768207
         236,3058.19786508108,          0.998409068670974,                  0.00996597073990991
         237,3058.19694629729,          0.998292109109415,                  0.00851228757767462
         238,3058.19602751351,          0.998720146558606,                  0.00669796001860947
         239,3058.19510872973,          0.998604956655949,                  0.00452348684841434
         240,3058.19418994594,           0.99867072983262,                  0.00271279625995822
         241,3058.19327116216,          0.998917207008689,                  0.00108460065907567
         242,3058.19235237838,          0.998802087944452,                 0.000180680551364771
         243,3058.19143359459,          0.999048267467543,                -0.000722377633743704
         244,3058.19051481081,          0.998752687318025,                -0.000541525042825606
         245,3058.18959602702,          0.998820035579355,                 0.000180422694288178
         246,3058.18867724324,          0.998885518594527,                 0.000721347188008324
         247,3058.18775845946,          0.998950939287864,                  0.00162225883319935
         248,3058.18683967568,          0.998837932059563,                  0.00234215243809061
         249,3058.18592089189,          0.999085192361716,                  0.00342152463137574
         250, 3058.1850021081,          0.999150425147416,                  0.00377988811531179
         251,3058.18408332433,          0.999217393650993,                  0.00431782813244938
         252,3058.18316454054,          0.999284298810641,                  0.00449561048592155
         253,3058.18224575675,           0.99935114071619,                   0.0044934853449469
         254,3058.18132697297,          0.999058610480324,                  0.00395239874673029
         255,3058.18040818918,          0.999125495836678,                  0.00377096251124555
         256, 3058.1794894054,          0.999553081850636,                  0.00358970401095578
         257,3058.17857062162,           0.99908146936198,                   0.0035880103047656
         258,3058.17765183783,           0.99950867352611,                  0.00340700839558595
         259,3058.17673305405,          0.999754452563641,                  0.00286770728594806
         260,3058.17581427027,          0.999822643895815,                  0.00250806611978882
         261,3058.17489548649,          0.999890771244545,                  0.00196969886885566
         262, 3058.1739767027,          0.999600875568036,                  0.00214775479083553
         263,3058.17305791892,          0.999669042997576,                  0.00232564380081755
         264,3058.17213913513,           1.00009477028934,                  0.00286098986673152
         265,3058.17122035135,          0.999983914467864,                  0.00339583456208926
         266,3058.17030156756,           1.00023045138101,                  0.00410882307229206
         267,3058.16938278378,           1.00011963580718,                  0.00446402265580778
         268,3058.16846399999,           1.00001070866367,                  0.00356955455528705
         269,3058.16754521622,          0.999901882955285,                  0.00285431402806147
         270,3058.16662643243,           1.00014799836667,                  0.00178311285142925
         271,3058.16570764864,           1.00039566691262,                  0.00160405505116936
         272,3058.16478886486,           1.00046495967677,                  0.00142516376022332
         273,3058.16387008108,           1.00035612535613,                  0.00106837606837607
         274,3058.16295129729,           1.00060335207462,                 0.000533939889047291
         275,3058.16203251352,           1.00031843677785,                 0.000177897641255175
         276,3058.16111372972,           1.00056545195259,                -0.000177815079429996
         277,3058.16019494594,            1.0006345053613,                 0.000177732594202718
         278,3058.15927616216,           1.00052762198816,                  0.00106590300637943
         279,3058.15835737837,           1.00059840579015,                  0.00195325332097457
         280,3058.15743859459,           1.00031415117949,                   0.0026622981312442
         281,3058.15651981081,           1.00073977749906,                  0.00319328416858412
         282,3058.15560102702,           1.00081036558659,                  0.00319181193844059
         283,3058.15468224324,           1.00105812978662,                  0.00283585872460799
         284,3058.15376345946,           1.00095134667817,                  0.00248023342539724
         285,3058.15284467567,           1.00102351245392,                  0.00141662623379291
         286,3058.15192589189,           1.00109384015774,                 0.000176996789278242
         287,3058.15100710811,           1.00151970575383,                 -0.00123840981103635
         288,3058.15008832433,           1.00141467727675,                -0.000884173297966401
         289,3058.14916954053,           1.00148649866816,                 -0.00159078335474999
         290,3058.14825075676,           1.00155825433113,                 -0.00106003695995534
         291,3058.14733197297,           1.00145335233463,                -0.000882960106096486
         292,3058.14641318919,           1.00134854625302,                -0.000882556448310434
         293, 3058.1454944054,           1.00177489528824,                 -0.00158787848848082
         294,3058.14457562162,           1.00184638825648,                 -0.00246890502298727
         295,3058.14365683783,           1.00156704171081,                 -0.00334913301522445
         296,3058.14273805406,           1.00164032919346,                 -0.00475713085105071
         297,3058.14181927027,           1.00153744010059,                 -0.00510718933759754
         298,3058.14090048648,           1.00178670445444,                 -0.00580898985187076
         299, 3058.1399817027,           1.00185979241409,                 -0.00598230294030189
         300,3058.13906291892,           1.00193281404711,                 -0.00597958849878913
         301,3058.13814413513,           1.00183174008276,                 -0.00580109623139694
         302,3058.13722535135,           1.00190470835471,                 -0.00544704418782814
         303,3058.13630656756,           1.00197937028978,                 -0.00544458553531692
         304,3058.13538778378,           1.00187841230272,                 -0.00421326123975212
         305,     3058.134469,           1.00195301875635,                 -0.00298304751643747
         306,3058.13355021621,           1.00185216366392,                 -0.00210473143626873
         307,3058.13263143243,           1.00227910238429,                 -0.00192847124824684
         308,3058.13171264865,           1.00182771787606,                 -0.00210283935884428
         309,3058.13079386486,           1.00207912589134,                 -0.00245221250873601
         310,3058.12987508108,           1.00215347444719,                 -0.00280126757357704
         311, 3058.1289562973,            1.0022295100328,                 -0.00315001417506379
         312,3058.12803751351,           1.00195563267691,                 -0.00332352601621181
         313,3058.12711872972,            1.0020334407461,                 -0.00297235534683016
         314,3058.12619994595,           1.00158512949302,                 -0.00209719447808694
         315,3058.12528116215,           1.00166128336323,                 -0.00122281635569282
         316,3058.12436237837,           1.00191372855786,                -0.000523830809632899
         317,3058.12344359459,           1.00181688393061,                                    0
         318,3058.12252481081,           1.00189458038359,                 0.000174454915616157
         319,3058.12160602703,           1.00179783039711,                -0.000174377342105676
         320,3058.12068724324,           1.00170116641451,                -0.000174299837552551
         321,3058.11976845946,           1.00160458832118,                 0.000174222401864877
         322,3058.11884967567,           1.00203227609699,                -0.000174145338216369
         323,3058.11793089189,           1.00193563660163,                -0.000348136079430728
         324,3058.11701210811,           1.00149284374554,                -0.000869955562669859
         325,3058.11609332432,           1.00157218484998,                 -0.00139131402653236
         326,3058.11517454054,           1.00147761842677,                 -0.00139069969578444
         327,3058.11425575675,           1.00121111445118,                -0.000868805201710504
         328,3058.11333697297,           1.00163784374311,                  -0.0003473687684214
         329,3058.11241818918,           1.00171872016111,                 0.000347216194163296
         330, 3058.1114994054,           1.00162425554954,                 0.000867657879027668
         331,3058.11058062162,           1.00153161138353,                  0.00104073253694167
         332,3058.10966183784,           1.00161242783085,                  0.00156041402985592
         333,3058.10874305405,           1.00151987009183,                  0.00242624644078312
         334,3058.10782427026,           1.00177558356069,                  0.00329132562470227
         335,3058.10690548649,           1.00185618705933,                  0.00363618733637157
         336, 3058.1059867027,           1.00159230156807,                  0.00398075392017723
         337,3058.10506791892,           1.00150164696764,                  0.00397901846264567
         338,3058.10414913513,           1.00141107137669,                  0.00380435910383134
         339,3058.10323035135,           1.00132057469198,                  0.00345700181146895
         340,3058.10231156757,            1.0014046618186,                   0.0027644021030189
         341,3058.10139278378,           1.00148694647511,                  0.00172699939036922
         342,     3058.100474,           1.00139826339139,                 0.000863125550242538
         343,3058.09955521621,           1.00130965712521,                                    0
         344,3058.09863643243,           1.00104865193035,                -0.000517426939316169
         345,3058.09771764865,           1.00130507565818,                 -0.00103440606989482
         346,3058.09679886487,           1.00138895111788,                 -0.00103395864854712
         347,3058.09588008108,           1.00130222687686,                 -0.00120576562672252
         348,3058.09496129729,           1.00138603121583,                  -0.0010330667447206
         349,3058.09404251351,           1.00095517558881,                 -0.00120472596786824
         350,3058.09312372973,           1.00104077963857,                -0.000860148461624476
         351,3058.09220494595,           1.00147194365345,                -0.000171956034281155
         352,3058.09128616216,           1.00121348793559,                 0.000687528575406415
         353,3058.09036737838,           1.00147067919264,                  0.00223350811966106
         354,3058.08944859459,           1.00104243052896,                  0.00360643181353717
         355,3058.08852981081,           1.00078620940636,                  0.00532150471553982
         356,3058.08761102703,           1.00087338342562,                  0.00600558347675239
         357,3058.08669224324,           1.00096048298573,                  0.00651756311745335
         358,3058.08577345945,           1.00104922439687,                  0.00668623390160607
         359,3058.08485467567,           1.00079343726276,                  0.00582653713474895
         360,3058.08393589189,           1.00105347002749,                  0.00531017412232243
         361, 3058.0830171081,            1.0009708355521,                  0.00428058003571716
         362,3058.08209832432,           1.00088827122566,                  0.00290955892798157
         363,3058.08117954054,           1.00114964552596,                  0.00239509484575589
         364,3058.08026075675,           1.00123808090619,                   0.0022230734503468
         365,3058.07934197297,           1.00115721945975,                   0.0020512014057567
         366,3058.07842318918,            1.0010764262648,                  0.00239205836622414
         367,3058.07750440541,           1.00116649046911,                   0.0027326277460774
         368,3058.07658562162,           1.00108576150122,                  0.00341434434345573
         369,3058.07566683784,             1.000663810065,                  0.00358355047942786
         370,3058.07474805405,           1.00126736226604,                  0.00341147312526759
         371,3058.07382927027,           1.00118839971833,                  0.00306903801003575
         372,3058.07291048648,           1.00093907275513,                   0.0027268900330465
         373, 3058.0719917027,           1.00120103237677,                  0.00221466963091679
         374,3058.07107291892,           1.00129248468687,                  0.00187316621284958
         375,3058.07015413513,           1.00121364387638,                  0.00153194879205838
         376,3058.06923535135,            1.0014768636045,                 0.000850727882776504
         377,3058.06831656757,           1.00173986397427,                -0.000170074679791897
         378,3058.06739778378,           1.00115262604935,                -0.000340007684173662
         379,     3058.066479,           1.00124560935448,                 -0.00050979919009902
         380,3058.06556021622,           1.00151007879928,                -0.000849313160447146
         381,3058.06464143243,           1.00126325226333,                -0.000679167883509125
         382,3058.06372264865,           1.00169721656483,                 -0.00118805159538357
         383,3058.06280386486,           1.00128256458629,                 -0.00135721120242126
         384,3058.06188508108,           1.00154658056464,                 -0.00186539322489181
         385,3058.06096629729,           1.00147305362831,                 -0.00220364754522139
         386,3058.06004751351,           1.00156733172364,                 -0.00220273647646884
         387,3058.05912872973,           1.00183259995461,                 -0.00169371530000779
         388,3058.05820994594,           1.00158974437114,                 -0.00101581109976789
         389,3058.05729116216,           1.00151632075599,                -0.000676928908925985
         390,3058.05637237837,           1.00161212016639,                  0.00050748798522195
         391,3058.05545359459,           1.00170953467176,                 0.000845467196718235
         392,3058.05453481081,           1.00180686948453,                 0.000676097094303713
         393,3058.05361602702,           1.00190412470243,                 0.000337910328736063
         394,3058.05269724324,           1.00183241431141,                -0.000168886111650608
         395,3058.05177845946,           1.00176076251315,                 -0.00118171980748096
         396,3058.05085967567,           1.00185960803108,                 -0.00219372998221391
         397,3058.04994089189,           1.00229404223737,                 -0.00320491194926118
         398,3058.04902210811,           1.00188675745809,                 -0.00337222065788653
         399,3058.04810332432,           1.00198543118239,                 -0.00286522326830962
         400,3058.04718454054,           1.00208571303419,                 -0.00185321836640486
         401,3058.04626575676,           1.00184741404136,                -0.000505218060535228
         402,3058.04534697297,            1.0016109944903,                 0.000841689911336385
         403,3058.04442818919,            1.0020478458916,                  0.00185096999241102
         404, 3058.0435094054,           1.00214794044974,                  0.00252303106860458
         405,3058.04259062162,           1.00207982002915,                  0.00336268395982938
         406,3058.04167183784,           1.00218150527225,                    0.003361333239216
         407,3058.04075305405,           1.00211342613592,                  0.00319197906061736
         408,3058.03983427027,           1.00204708462571,                  0.00251897205788262
         409,3058.03891548649,            1.0021486604445,                  0.00218223326394951
         410, 3058.0379967027,           1.00258743065787,                  0.00201356471429195
         411,3058.03707791892,           1.00218551921596,                  0.00201275752813248
         412,3058.03615913513,           1.00245626095048,                   0.0021796172256826
         413,3058.03524035135,           1.00222399873968,                  0.00217874782334713
         414,3058.03432156756,           1.00232698006906,                  0.00167529162638986
         415,3058.03340278378,           1.00242987930985,                 0.000669849568533147
         416,     3058.032484,           1.00236697880432,                 0.000167395955044142
         417,3058.03156521622,           1.00263878732914,                 -0.00133863656519244
         418,3058.03064643243,           1.00257417694079,                 -0.00234168142762281
         419,3058.02972764865,           1.00284736422353,                 -0.00300954527442873
         420,3058.02880886486,           1.00245013654581,                 -0.00350974539304134
         421,3058.02789008108,           1.00272315685718,                 -0.00384249127086222
         422, 3058.0269712973,           1.00282728825815,                 -0.00384097046293714
         423,3058.02605251351,           1.00259914563729,                 -0.00383945726767528
         424,3058.02513372973,           1.00287345772747,                 -0.00383795166850777
         425,3058.02421494594,           1.00281227794514,                 -0.00350283729821155
         426,3058.02329616216,           1.00258608184424,                 -0.00316799194329628
         427,3058.02237737838,           1.00285840479345,                 -0.00216672083468753
         428,3058.02145859459,           1.00263236813169,                 -0.00149945020159275
         429,3058.02053981081,           1.00257471846303,                 -0.00116578455635236
         430,3058.01962102702,           1.00268192026157,                -0.000998852983823576
         431,3058.01870224324,           1.00262429629087,                -0.000832053357917737
         432,3058.01778345946,            1.0027330630767,                -0.000166345896329911
         433,3058.01686467567,           1.00284174522066,                 0.000665124685936437
         434,3058.01594589189,           1.00295034282152,                  0.00083108248493663
         435, 3058.0150271081,           1.00306052258174,                  0.00166152148845741
         436,3058.01410832433,           1.00267068820047,                  0.00182696332122001
         437,3058.01318954054,           1.00294691404142,                   0.0019922799153281
         438,3058.01227075676,           1.00289100800255,                  0.00182555040344664
         439,3058.01135197297,           1.00300270409264,                  0.00165895253736791
         440,3058.01043318919,           1.00294681960721,                  0.00165831154035584
         441, 3058.0095144054,           1.00289264075723,                  0.00149190640773802
         442,3058.00859562162,           1.00283850356346,                    0.001657036522742
         443,3058.00767683784,           1.00261876800299,                 0.000993839849333879
         444,3058.00675805406,           1.00306316748075,                 0.000993459723487044
         445,3058.00583927027,           1.00284351404047,                 0.000993078244634895
         446,3058.00492048648,           1.00312203741481,                 0.000496349350526875
         447, 3058.0040017027,           1.00290418824961,                 0.000330773149158844
         448,3058.00308291892,           1.00285348684189,                -0.000330647374494523
         449,3058.00216413514,           1.00296642731427,                 -0.00082630287305509
         450,3058.00124535135,           1.00324613643685,                 -0.00165197783045752
         451,3058.00032656757,           1.00336049804728,                 -0.00231189054849603
         452,3057.99940778378,           1.00330970047623,                 -0.00363159154499459
         453,     3057.998489,           1.00309558697345,                  -0.0047852890314575
         454,3057.99757021622,           1.00304492836336,                 -0.00577315778535069
         455,3057.99665143243,           1.00299596196431,                 -0.00643051825030545
         456,3057.99573264865,           1.00311185537784,                 -0.00708738248130909
         457,3057.99481386486,           1.00339242199818,                 -0.00708470839834514
         458,3057.99389508108,           1.00318033364681,                 -0.00609385525282088
         459,3057.99297629729,           1.00313138996177,                 -0.00543301097468217
         460,3057.99205751351,           1.00308413399032,                 -0.00493724758321731
         461,3057.99113872973,           1.00320307705975,                 -0.00526443070939849
         462,3057.99021994594,           1.00315582956876,                 -0.00575581213686992
         463,3057.98930116216,           1.00327300763263,                 -0.00657560548997302
         464,3057.98838237837,           1.00339174674958,                 -0.00640882380007099
         465,3057.98746359459,           1.00285332715687,                 -0.00624216649172174
         466,3057.98654481081,           1.00297378113562,                 -0.00623984998086993
         467,3057.98562602703,           1.00292835381868,                 -0.00590923416325244
         468,3057.98470724324,            1.0028846059182,                 -0.00557887378946643
         469,3057.98378845946,              1.00300491415,                 -0.00459266354802942
         470,3057.98286967567,           1.00279720738358,                 -0.00393511003551437
         471,3057.98195089189,           1.00291745886055,                 -0.00295023929718744
         472,3057.98103210811,           1.00254773939329,                 -0.00212994290114607
         473,3057.98011332432,           1.00266963656911,                 -0.00147403246147043
         474,3057.97919454054,           1.00279144393782,                -0.000654884208285922
         475,3057.97827575676,           1.00242217930673,                                    0
         476,3057.97735697297,           1.00254398808988,                 0.000490801560748963
         477,3057.97643818919,           1.00250380640719,                 0.000490621764962737
         478,3057.97551940541,           1.00230017345302,                 0.000326961400571855
         479,3057.97460062162,           1.00258695215201,                 0.000163420856096497
         480,3057.97368183784,           1.00254679885843,                -0.000163361055704486
         481,3057.97276305405,            1.0025083120497,                 0.000653206262941649
         482,3057.97184427027,           1.00230661114258,                  0.00146917907170737
         483,3057.97092548648,           1.00243142246373,                  0.00244774073530132
         484, 3057.9700067027,           1.00239301962537,                  0.00277309704371543
         485,3057.96908791892,           1.00219158067756,                  0.00309821673167486
         486,3057.96816913513,           1.00215492650103,                  0.00309709557636949
         487,3057.96725035135,           1.00228124490794,                  0.00244419097278801
         488,3057.96633156756,           1.00224458481696,                  0.00130309713611827
         489,3057.96541278378,           1.00204675458322,                   0.0004884855807198
         490,     3057.964494,           1.00217297534853,                -0.000488309067085527
         491,3057.96357521621,           1.00213802462145,                -0.000813555792029106
         492,3057.96265643243,           1.00226575169118,                -0.000813263349311247
         493,3057.96173764865,            1.0022307927444,                -0.000162594223352433
         494,3057.96081886486,            1.0021974878423,                 0.000325072166020857
         495,3057.95990008108,           1.00183925078152,                 0.000974867905398818
         496, 3057.9589812973,           1.00196690212104,                  0.00162419663174103
         497,3057.95806251351,           1.00209771589263,                  0.00146125720075076
         498,3057.95714372973,           1.00206450607666,                  0.00178534330528721
         499,3057.95622494594,             1.002032945727,                  0.00129797013695207
         500,3057.95530616216,           1.00183759429227,                   0.0012975070024831
         501,3057.95438737838,           1.00196989226392,                 0.000324262101056284
         502,3057.95346859459,           1.00193839910276,                 0.000162073503575341
         503,3057.95254981081,            1.0019069282901,                -0.000162015997459589
         504,3057.95163102703,            1.0018771024276,                -0.000647835177774071
         505,3057.95071224324,           1.00184729761891,                -0.000971409790839282
         506,3057.94979345946,           1.00181751384175,                -0.000809222547529686
         507,3057.94887467568,           1.00178937184312,                -0.000485363067753449
         508,3057.94795589189,           1.00175962944274,                -0.000323461294621486
         509,3057.94703710811,            1.0020548753575,                 0.000161673906963134
         510,3057.94611832432,           1.00154182814919,                 0.000484851619242791
         511,3057.94519954054,           1.00183694340373,                   0.0012924843649782
         512,3057.94428075676,           1.00181046191812,                  0.00177654603919061
         513,3057.94336197297,           1.00162255103771,                   0.0024217179667256
         514,3057.94244318919,           1.00175755433651,                  0.00274365690731766
         515, 3057.9415244054,           1.00189246354225,                  0.00274270078586444
         516,3057.94060562162,           1.00170472047906,                  0.00193534964510526
         517,3057.93968683784,           1.00167994608695,                 0.000967339397476534
         518,3057.93876805405,           1.00165518886398,                 0.000322334734952206
         519,3057.93784927027,           1.00163044879231,                -0.000805557703709432
         520,3057.93693048648,           1.00192783735946,                 -0.00144950177402912
         521, 3057.9360117027,           1.00190463310455,                 -0.00241500393645642
         522,3057.93509291892,           1.00171888780877,                 -0.00305794647627999
         523,3057.93417413513,           1.00169577151168,                 -0.00305689361688435
         524,3057.93325535135,           1.00183350488935,                 -0.00273417395779722
         525,3057.93233656757,           1.00181197576101,                 -0.00321557366638102
         526,3057.93141778378,           1.00178885126176,                    -0.00385736121134
         527,     3057.930499,           1.00192802056555,                  -0.0038560411311054
         528,3057.92958021621,           1.00190648123313,                 -0.00401533536884068
         529,3057.92866143243,           1.00172600650263,                 -0.00385340986633485
         530,3057.92774264865,           1.00154404707257,                 -0.00304957322025302
         531,3057.92682386486,           1.00168471720818,                 -0.00256718812675491
         532,3057.92590508108,           1.00182529167776,                 -0.00256631518841565
         533, 3057.9249862973,           1.00180543040114,                 -0.00256544284353685
         534,3057.92406751351,           1.00178558262247,                  -0.0030454281711723
         535,3057.92314872973,           1.00160712196982,                 -0.00336486155197029
         536,3057.92222994595,           1.00158895929573,                 -0.00336372431556219
         537,3057.92131116216,           1.00141068566369,                 -0.00304234138593061
         538,3057.92039237838,           1.00171273990364,                 -0.00272117554783667
         539,3057.91947359459,           1.00169455996646,                 -0.00224021147596333
         540,3057.91855481081,           1.00135807188983,                  -0.0014396521800333
         541,3057.91763602702,            1.0015015327147,                 -0.00063963054939467
         542,3057.91671724324,           1.00132518930705,                                    0
         543,3057.91579845946,            1.0013087645678,                  0.00031960062705643
         544,3057.91487967567,           1.00145369734341,                 0.000159746960814071
         545,3057.91396089189,           1.00159853337358,                -0.000319387287427799
         546,3057.91304210811,           1.00142399203075,                -0.000638561448768215
         547,3057.91212332432,           1.00124956711995,                -0.000159587116212934
         548,3057.91120454054,           1.00107525852469,                                    0
         549,3057.91028575676,           1.00106214336065,                                    0
         550,3057.90936697297,           1.00152732119342,                 0.000637712398085587
         551,3057.90844818919,           1.00119531436768,                 0.000796876245119133
         552, 3057.9075294054,           1.00134149489053,                  0.00111525703488205
         553,3057.90661062162,            1.0011690392536,                  0.00127415722463073
         554,3057.90569183784,           1.00115750876092,                  0.00159217161062488
         555,3057.90477305405,           1.00130515056981,                  0.00159164703635322
         556,3057.90385427027,           1.00145269512337,                  0.00190934736915799
         557,3057.90293548649,           1.00128202273284,                  0.00190871870894267
         558, 3057.9020167027,           1.00111305453967,                  0.00190809349658133
         559,3057.90109791892,           1.00110315272784,                  0.00190746869367007
         560,3057.90017913513,           1.00109325739856,                  0.00174794060815621
         561,3057.89926035135,           1.00124222023834,                  0.00142966523594242
         562,3057.89834156757,           1.00123228589033,                 0.000793998640674327
         563,3057.89742278378,           1.00122394746075,                  0.00047624414815003
         564,     3057.896504,           1.00137431086086,                                    0
         565,3057.89558521621,            1.0010486420799,                -0.000317289585445292
         566,3057.89466643243,           1.00119896470349,                  -0.0001585932147479
         567,3057.89374764865,           1.00119223525085,                -0.000317083843309848
         568,3057.89282886486,           1.00134241377725,                 0.000316980821075421
         569,3057.89191008108,           1.00149408150428,                 0.000950635103468709
         570, 3057.8909912973,            1.0008537112682,                 0.000791939951945084
         571,3057.89007251351,           1.00116377570005,                 0.000791684149691639
         572,3057.88915372973,           1.00115865317648,                 0.000158285953071381
         573,3057.88823494595,           1.00131176905269,                -0.000474705326668471
         574,3057.88731616216,            1.0013066022962,                 -0.00174002727097287
         575,3057.88639737838,           1.00130143885688,                 -0.00237200277682458
         576,3057.88547859459,           1.00129627873154,                 -0.00363590375920832
         577,3057.88455981081,           1.00113308985861,                 -0.00395080145958409
         578,3057.88364102703,           1.00144553188464,                 -0.00379155904168345
         579,3057.88272224324,           1.00112604965042,                 -0.00331655577262325
         580,3057.88180345946,           1.00128041377416,                 -0.00268397461907296
         581,3057.88088467567,           1.00112059849429,                 -0.00173613851228713
         582,3057.87996589189,           1.00095930526103,                -0.000788902352822377
         583,3057.87904710811,           1.00064196292388,                -0.000157730448127976
         584,3057.87812832432,           1.00079786311444,                                    0
         585,3057.87720954054,           1.00079603401666,                -0.000315260996697641
         586,3057.87629075676,           1.00095178664851,                -0.000630322283783699
         587,3057.87537197297,           1.00095148677685,                -0.000787654616601239
         588,3057.87445318919,           1.00079370578712,                 -0.00141733176271977
         589,3057.87353440541,           1.00079345587819,                 -0.00157431721862228
         590,3057.87261562162,           1.00079320612657,                 -0.00173120384767924
         591,3057.87169683784,           1.00110762182267,                 -0.00188799174318278
         592,3057.87077805405,           1.00063699777444,                 -0.00173011741205892
         593,3057.86985927027,           1.00063837080224,                 -0.00110063931420737
         594,3057.86894048649,            1.0004825579659,                -0.000314370010358492
         595, 3057.8680217027,           1.00064111428176,                 0.000785679266866963
         596,3057.86710291892,           1.00079957146739,                  0.00172795405527254
         597,3057.86618413513,            1.0008024636104,                  0.00235556832797049
         598,3057.86526535135,           1.00064836488029,                   0.0020408579766934
         599,3057.86434656757,           1.00049436192001,                  0.00156940292065884
         600,3057.86342778378,           1.00049734617961,                 0.000784457696549798
         601,     3057.862509,           1.00065717140254,                 0.000156842816834253
         602,3057.86159021621,           1.00050487787286,                 -0.00109756059318446
         603,3057.86067143243,            1.0005078560949,                 -0.00203769420793259
         604,3057.85975264865,           1.00051240024257,                   -0.002193762506405
         605,3057.85883386486,            1.0005169415856,                 -0.00234973448000376
         606,3057.85791508108,           1.00036644606822,                 -0.00219241237397544
         607, 3057.8569962973,           1.00021447704391,                 -0.00172207845476335
         608,3057.85607751351,           1.00053368056479,                 -0.00156504564455622
         609,3057.85515872973,           1.00038331860034,                -0.000938739429402883
         610,3057.85423994595,           1.00038945743418,                -0.000156408608104156
         611,3057.85332116216,           1.00023923183128,                 0.000312721348079187
         612,3057.85240237838,           1.00024697456162,                 0.000781565068418206
         613,3057.85148359459,           1.00040941466205,                  0.00125012110548209
         614,3057.85056481081,           1.00057331835728,                   0.0017183928964762
         615,3057.84964602703,           1.00042478229907,                  0.00218637948051624
         616,3057.84872724324,           1.00027789833917,                  0.00281020792416186
         617,3057.84780845946,           1.00012954237206,                  0.00296542779417434
         618,3057.84688967567,           1.00013886483459,                  0.00296453017657678
         619,3057.84597089189,           1.00014662161951,                   0.0026516675869513
         620,3057.84505210811,           1.00031186652113,                  0.00187119912677374
         621,3057.84413332432,           1.00032268473701,                  0.00124709077106064
         622,3057.84321454054,           1.00002025909828,                 0.000623356870249826
         623,3057.84229575676,          0.999875366112046,                                    0
         624,3057.84137697297,           1.00004049377486,                -0.000311490575852628
         625,3057.84045818919,            1.0002070789874,                -0.000778492433832036
         626,3057.83953940541,           1.00037356411294,                -0.000778258568626841
         627,3057.83862062162,           1.00038590092305,                -0.000311210421814606
         628,3057.83770183784,           1.00008555717164,                 0.000311116987765324
         629,3057.83678305405,           1.00009797258945,                  0.00155512046740701
         630,3057.83586427027,            1.0001103805954,                  0.00233198440990689
         631,3057.83494548649,           1.00012278119614,                  0.00295296547672519
         632, 3057.8340267027,           1.00013517439828,                  0.00279671168854576
         633,3057.83310791892,           0.99999223367324,                  0.00264055109854692
         634,3057.83218913513,           1.00016149168628,                  0.00217392654612762
         635,3057.83127035135,           1.00033064933009,                  0.00155234427270342
         636,3057.83035156757,           1.00003414145114,                 0.000931130485522473
         637,3057.82943278378,           1.00035837900985,                 0.000465427285519471
         638,     3057.828514,           1.00037223152801,                -0.000155096470004343
         639,3057.82759521621,            1.0002325761687,                 -0.00031010155826033
         640,3057.82667643243,           1.00009145287619,                -0.000465014624709947
         641,3057.82575764865,            1.0001069218742,                -0.000464877713917354
         642,3057.82483886486,           1.00012238176605,                                    0
         643,3057.82392008108,           1.00029270060445,                   0.0010840763127777
         644, 3057.8230012973,           1.00030964545595,                  0.00154822727976467
         645,3057.82208251351,           1.00032503211627,                  0.00232165797334737
         646,3057.82116372973,           1.00018722564094,                  0.00247571095455678
         647,3057.82024494594,           1.00004949974322,                  0.00293904725369237
         648,3057.81932616216,           1.00022113732628,                  0.00355675419890297
         649,3057.81840737838,           1.00023807830612,                  0.00386490756687063
         650,3057.81748859459,           1.00010200391324,                  0.00370923320876492
         651,3057.81656981081,           1.00011896981411,                  0.00278111253771884
         652,3057.81565102703,           1.00013747063303,                  0.00200799801053736
         653,3057.81473224324,           1.00015596071025,                  0.00123533235845021
         654,3057.81381345946,           1.00032881178536,                                    0
         655,3057.81289467567,           1.00034723561866,                -0.000617307766503337
         656,3057.81197589189,           1.00052147456963,                 -0.00169710658755064
         657,3057.81105710811,           1.00038559420066,                 -0.00169661448291818
         658,3057.81013832432,           1.00055972134204,                 -0.00246709131475922
         659,3057.80921954054,           1.00027130181711,                 -0.00262052891522435
         660,3057.80830075676,            1.0002912571986,                 -0.00308208675766014
         661,3057.80738197297,           1.00077492270031,                 -0.00261902304278097
         662,3057.80646318919,           1.00048668995386,                 -0.00261826873910338
         663, 3057.8055444054,              1.00035413491,                 -0.00261751890002618
         664,3057.80462562162,            1.0002201161536,                 -0.00230891070210896
         665,3057.80370683784,           1.00054936346164,                 -0.00230824983880722
         666,3057.80278805405,           1.00057228304012,                 -0.00215375337677762
         667,3057.80186927027,           1.00059365070577,                 -0.00199934175517599
         668,3057.80095048649,           1.00061500615006,                   -0.001230012300123
         669, 3057.8000317027,           1.00033047180614,                 -0.00076853908405512
         670,3057.79911291892,           1.00035342747822,                                    0
         671,3057.79819413513,           1.00052999055234,                 0.000921722699725787
         672,3057.79727535135,           1.00055287649353,                   0.0015357680375956
         673,3057.79635656757,           1.00057574943385,                  0.00153533182359037
         674,3057.79543778378,           1.00060014520137,                  0.00138140839190249
         675,     3057.794519,           1.00062299177221,                  0.00076723124656664
         676,3057.79360021622,            1.0004939574583,                 0.000153402937359445
         677,3057.79268143243,           1.00036499596664,                -0.000920157899095485
         678,3057.79176264865,           1.00038942362238,                 -0.00168648025438255
         679,3057.79084386486,           1.00072038379596,                 -0.00245237036923501
         680,3057.78992508108,           1.00043977058379,                 -0.00337106370850719
         681, 3057.7890062973,           1.00046415654484,                 -0.00428923539783424
         682,3057.78808751351,           1.00064320499862,                 -0.00490060951330822
         683,3057.78716872973,           1.00051595084229,                 -0.00535853990504667
         684,3057.78624994595,            1.0005418262299,                 -0.00505092248211514
         685,3057.78533116216,            1.0007207025243,                 -0.00443744654024535
         686,3057.78441237838,           1.00059506417974,                 -0.00382431992118842
         687,3057.78349359459,           1.00046796575592,                 -0.00305859971187991
         688,3057.78257481081,           1.00049535527981,                 -0.00290486120878919
         689,3057.78165602703,           1.00036988466324,                 -0.00290405314111558
         690,3057.78073724324,           1.00055008862539,                 -0.00259764073100666
         691,3057.77981845946,           1.00042467255913,                 -0.00229139870031866
         692,3057.77889967567,           1.00029932621059,                 -0.00213804436136615
         693,3057.77798089189,           1.00048092704413,                 -0.00229012878157515
         694,3057.77706210811,           1.00035563451761,                 -0.00213685976247277
         695,3057.77614332432,           1.00023193784066,                 -0.00274663232358991
         696,3057.77522454054,            1.0001083094722,                 -0.00320351960020075
         697,3057.77430575676,           1.00044226868585,                 -0.00335514175473914
         698,3057.77338697297,           1.00016618614983,                 -0.00350668022583021
         699,3057.77246818919,           1.00004420253296,                 -0.00335329560367704
         700,3057.77154940541,           1.00007314263423,                 -0.00289522927168222
         701,3057.77063062162,           1.00025592902235,                 -0.00213274185292612
         702,3057.76971183784,           1.00028631825187,                 -0.00152296942486583
         703,3057.76879305405,           1.00031669082449,                 -0.00106578642858013
         704,3057.76787427027,           1.00004261977679,                -0.000608853954202006
         705,3057.76695548649,           1.00007304246202,                -0.000152171795870666
         706, 3057.7660367027,            1.0001034484857,                 0.000304260252049193
         707,3057.76511791892,           1.00013535895217,                  0.00106462097212062
         708,3057.76419913513,          0.999863157414587,                  0.00167252048837598
         709,3057.76328035135,           1.00004560171462,                  0.00228008573122349
         710,3057.76236156757,          0.999925537459976,                   0.0027353586131124
         711,3057.76144278378,          0.999655134171038,                  0.00319038872607778
         712,     3057.760524,          0.999990887081831,                  0.00318952135916137
         713,3057.75960521622,          0.999719094725814,                  0.00288497308623792
         714,3057.75868643243,          0.999904366213646,                  0.00273239389583204
         715,3057.75776764865,          0.999482502985852,                  0.00242813848280802
         716,3057.75684886486,          0.999666221628838,                  0.00242747906299308
         717,3057.75593008108,          0.999548004089198,                  0.00212347072188904
         718, 3057.7550112973,          0.999583001630085,                   0.0012130861670268
         719,3057.75409251351,          0.999616465020245,                 0.000454784560973724
         720,3057.75317372973,          0.999953018272861,                -0.000454661875540858
         721,3057.75225494595,          0.999836365619811,                 -0.00181815977988146
         722,3057.75133616216,          0.999568302824208,                 -0.00227209039890334
         723,3057.75041737838,          0.999601734197706,                 -0.00257434168782927
         724,3057.74949859459,          0.999636660913798,                 -0.00227086928876374
         725,3057.74857981081,          0.999671568916798,                 -0.00151350729586192
         726,3057.74766102703,          0.999707970881822,                -0.000605241695705659
         727,3057.74674224324,          0.999591571240565,                 0.000453809732706067
         728,3057.74582345946,          0.999476745416986,                  0.00120983718616067
         729,3057.74490467568,          0.999511658953499,                  0.00151189178483361
         730,3057.74398589189,          0.999548064613157,                  0.00211608542334556
         731,3057.74306710811,          0.999584450908541,                  0.00226663140795588
         732,3057.74214832432,          0.999469749271472,                  0.00271923450527305
         733,3057.74122954054,          0.999355108612094,                  0.00362468227394442
         734,3057.74031075676,          0.999393026142153,                  0.00422767861187192
         735,3057.73939197297,          0.999580363423389,                  0.00437750385673185
         736,3057.73847318919,          0.999618201381417,                  0.00422543925704705
         737,3057.73755440541,          0.999503642719314,                  0.00316823796182726
         738,3057.73663562162,          0.999843138201278,                  0.00226242978926221
         739,3057.73571683784,           0.99942851025138,                  0.00196025507442184
         740,3057.73479805405,          0.999315599212487,                  0.00135674164925515
         741,3057.73387927027,          0.999505672707105,                 0.000904257243100517
         742,3057.73296048649,          0.999543470498099,                 0.000753349013037458
         743, 3057.7320417027,          0.999582754034256,                 0.000903781875257013
         744,3057.73112291892,          0.999469921030281,                   0.0013553155475776
         745,3057.73020413513,          0.999358652025064,                  0.00195716518173031
         746,3057.72928535135,          0.999397953040337,                  0.00316074653822998
         747,3057.72836656757,          0.999437233475881,                  0.00406275298160927
         748,3057.72744778378,          0.999626926293874,                  0.00481385427259653
         749,     3057.726529,          0.999365339092405,                  0.00496298813996228
         750,3057.72565691111,          0.999406099880468,                  0.00496169720115172
         751,3057.72478482222,          0.999445337149334,                  0.00405850866341285
         752,3057.72391273333,          0.999185503770426,                  0.00300552114233848
         753,3057.72304064444,          0.999526753453573,                  0.00255402898071708
         754,3057.72216855556,           0.99941723191166,                  0.00195257349186227
         755,3057.72129646667,          0.999758244101381,                  0.00165174837565563
         756,3057.72042437778,          0.999798839272579,                  0.00135107951253051
         757,3057.71955228889,          0.999539251426144,                  0.00120064774946083
         758,    3057.7186802,          0.999579882367063,                 0.000750210058816469
         759,3057.71780811111,           0.99977199498389,                                    0
         760,3057.71693602222,           1.00011397310235,                -0.000899787650114573
         761,3057.71606393333,           1.00000449777135,                 -0.00209895996533718
         762,3057.71519184444,           1.00004646498863,                 -0.00299774120200429
         763,3057.71431975556,          0.999788713716076,                 -0.00329666542292471
         764,3057.71344766667,          0.999680905090987,                 -0.00314600614519867
         765,3057.71257557778,           1.00017373488057,                 -0.00254611462907603
         766,3057.71170348889,           1.00006588246568,                 -0.00224599314822357
         767,    3057.7108314,           1.00025747423761,                 -0.00179633189028005
         768,3057.70995931111,            1.0001511525758,                 -0.00149656015648033
         769,3057.70908722222,           1.00004488531801,                 -0.00104732408695782
         770,3057.70821513333,           1.00008825187984,                -0.000747897286778223
         771,3057.70734304444,           1.00028113747024,                 0.000149541207575159
         772,3057.70647095556,           1.00047392443821,                 0.000598011909407176
         773,3057.70559886667,           1.00036768332601,                  0.00119571813336442
         774,3057.70472677778,           1.00011206993164,                  0.00149426575516456
         775,3057.70385468889,            1.0003047523439,                  0.00209143765424353
         776,    3057.7029826,           1.00020012963621,                  0.00194155617220707
         777,3057.70211051111,           1.00039418517147,                  0.00149312564950966
         778,3057.70123842222,           1.00043737414298,                 0.000597097806113386
         779,3057.70036633333,           1.00048203415428,                 -0.00119389264218888
         780,3057.69949424444,           1.00037747278242,                 -0.00253637837991069
         781,3057.69862215556,           1.00027296443855,                 -0.00432566596610766
         782,3057.69775006667,            1.0006158783275,                 -0.00551755402356443
         783,3057.69687797778,           1.00051285415263,                 -0.00626159139836244
         784,3057.69600588889,           1.00055743852526,                 -0.00655810029720118
         785,    3057.6951338,           1.00045448110923,                 -0.00610941818967508
         786,3057.69426171111,           1.00049905774918,                 -0.00521403618541113
         787,3057.69338962222,           1.00039616700971,                 -0.00312763428721215
         788,3057.69251753333,           1.00059112302953,                 -0.00148897488546061
         789,3057.69164544444,           1.00063712092793,                 0.000595440119564376
         790,3057.69077335556,           1.00068309568846,                  0.00252998403133608
         791,3057.68990126667,           1.00058026215947,                  0.00476112541101903
         792,3057.68902917778,            1.0003287325649,                  0.00684239727851086
         793,3057.68815708889,            1.0005249484346,                  0.00773295144450046
         794,     3057.687285,           1.00071957848163,                  0.00847437468035253
         795,3057.68641291111,           1.00061832623844,                  0.00847225855549478
         796,3057.68554082222,           1.00051712454974,                  0.00787574745301299
         797,3057.68466873333,           1.00071161054253,                  0.00653671479570538
         798,3057.68379664444,           1.00046191160111,                   0.0047527881786276
         799,3057.68292455556,           1.00065779997832,                  0.00267277643561504
         800,3057.68205246667,           1.00100204119503,                 0.000445351642234181
         801,3057.68118037778,            1.0009023556231,                 -0.00103889627659574
         802,3057.68030828889,           1.00080123449463,                  -0.0020772746157042
         803,    3057.6794362,           1.00099684332946,                  -0.0029667956233831
         804,3057.67856411111,           1.00104553644918,                 -0.00355927301848597
         805,3057.67769202222,           1.00094445507018,                 -0.00370665255173375
         806,3057.67681993333,           1.00099313697879,                 -0.00340927619584068
         807,3057.67594784444,           1.00089360207588,                 -0.00326023974617552
         808,3057.67507575556,           1.00094227247675,                 -0.00296312099608275
         809,3057.67420366667,           1.00113903820147,                   -0.002962388040247
         810,3057.67333157778,           1.00118762383422,                 -0.00236932435754289
         811,3057.67245948889,           1.00123618544262,                 -0.00207264625110109
         812,    3057.6715874,           1.00099018547106,                 -0.00222014679610616
         813,3057.67071531111,           1.00118674515166,                 -0.00281149100766797
         814,3057.66984322222,           1.00093939774988,                 -0.00355047968459906
         815,3057.66897113333,           1.00084155289434,                 -0.00443700998770948
         816,3057.66809904444,           1.00118734816212,                 -0.00517524105533516
         817,3057.66722695556,           1.00094166273691,                 -0.00517397108193648
         818,3057.66635486667,           1.00099020143949,                  -0.0050249028272468
         819,3057.66548277778,           1.00104019527302,                 -0.00428489530079965
         820,3057.66461068889,           1.00109016458826,                 -0.00354525069353967
         821,    3057.6637386,           1.00084622234824,                 -0.00280597288248733
         822,3057.66286651111,           1.00074856819722,                 -0.00221469880834439
         823,3057.66199442222,           1.00094618272102,                 -0.00206654572453831
         824,3057.66112233333,            1.0008500289246,                 -0.00206604252505814
         825,3057.66025024444,           1.00119506041694,                 -0.00191799820003246
         826,3057.65937815555,           1.00095139057902,                 -0.00177002898422462
         827,3057.65850606667,           1.00070636361357,                 -0.00191706199925972
         828,3057.65763397778,           1.00075779243564,                 -0.00250631739413758
         829,3057.65676188889,           1.00110398540204,                 -0.00294789159423451
         830,    3057.6558898,           1.00130265127848,                 -0.00309453358011011
         831,3057.65501771111,           1.00076460596275,                 -0.00294645843062785
         832,3057.65414562222,           1.00081597063684,                 -0.00294574237126369
         833,3057.65327353333,           1.00086878414395,                 -0.00265052789680611
         834,3057.65240144444,           1.00077288285304,                  -0.0022082367229767
         835,3057.65152935556,           1.00067702814082,                  -0.0022077004592017
         836,3057.65065726667,           1.00072983678731,                 -0.00147144513569667
         837,3057.64978517778,           1.00063403891616,                -0.000588435189012738
         838,3057.64891308889,            1.0005397590645,                                    0
         839,     3057.648041,           1.00059256253152,                 0.000588151396050857
         840,3057.64716891111,           1.00064534053841,                 0.000882014403295206
         841,3057.64629682222,           1.00040268890372,                  0.00102876727226767
         842,3057.64542473333,           1.00060241848984,                 0.000881588033911753
         843,3057.64455264444,             1.000509729667,                 0.000293792315274409
         844,3057.64368055556,           1.00041561600019,                 0.000293721554903167
         845,3057.64280846667,           1.00032154765733,                 0.000146825414304613
         846,3057.64193637778,           1.00037431467387,                -0.000146790068183987
         847,3057.64106428889,           1.00072203437588,                -0.000587019817789049
         848,    3057.6401922,            1.0003345207843,                 -0.00117375713791059
         849,3057.63932011111,           1.00053539865197,                 -0.00161353018401578
         850,3057.63844802222,           1.00014811577668,                 -0.00190644068989689
         851,3057.63757593333,           1.00005571341022,                  -0.0017593708489844
         852,3057.63670384444,           1.00025651361354,                 -0.00117263366191506
         853,3057.63583175556,           1.00016412949817,                -0.000586176779193069
         854,3057.63495966667,           1.00021829870588,                 0.000146509198580033
         855,3057.63408757778,           0.99997949360933,                 0.000146474219072701
         856,3057.63321548889,           1.00003368102894,                -0.000146439256264305
         857,    3057.6323434,          0.999941438275943,                -0.000732021550714453
         858,3057.63147131111,           1.00014197829928,                 -0.00131732442626862
         859,3057.63059922222,           1.00019755182077,                 -0.00190235086666715
         860,3057.62972713333,           1.00010533584579,                 -0.00190189721562248
         861,3057.62885504444,           1.00015942874778,                 -0.00175517887466706
         862,3057.62798295556,          0.999922497963744,                -0.000438690771262245
         863,3057.62711086667,           1.00012426628071,                   0.0011695649949197
         864,3057.62623877778,          0.999885994580358,                   0.0026308942994367
         865,3057.62536668889,          0.999941549522167,                  0.00409153344828594
         866,    3057.6244946,          0.999997078167777,                   0.0049671147783352
         867,3057.62362251111,          0.999906523491815,                  0.00525805358540832
         868,3057.62275042222,          0.999816011658436,                   0.0046727197857558
         869,3057.62187833333,          0.999871530596156,                  0.00437963876739447
         870,3057.62100624445,          0.999927023279574,                   0.0032109756987521
         871,3057.62013415556,          0.999982489727307,                  0.00204286514755323
         872,3057.61926206667,          0.999892045504279,                  0.00145884453677309
         873,3057.61838997778,          0.999947494005566,                  0.00131264986085911
         874,3057.61751788889,          0.999712742983711,                  0.00145815744309176
         875,    3057.6166458,           0.99962242641324,                   0.0021867196144376
         876,3057.61577371111,          0.999825103480441,                  0.00291494199265435
         877,3057.61490162222,          0.999734802894437,                  0.00335139199337882
         878,3057.61402953333,          0.999791679717034,                  0.00393332002802855
         879,3057.61315744444,          0.999557241146279,                  0.00451497515307222
         880,3057.61228535556,          0.999612677389387,                  0.00524196014362971
         881,3057.61141326667,           0.99966954276073,                   0.0055318833005545
         882,3057.61054117778,           0.99972638148243,                   0.0061127541159211
         883,3057.60966908889,           1.00007420891118,                  0.00625682976621283
         884,     3057.608797,          0.999694505462533,                  0.00581894357079472
         885,3057.60792491111,          0.999751298411364,                  0.00523582291865131
         886,3057.60705282222,          0.999953470247131,                  0.00436216433145469
         887,3057.60618073333,           0.99971943310951,                  0.00348891470039672
         888,3057.60530864444,          0.999777633409054,                  0.00247073989939728
         889,3057.60443655556,          0.999834353849239,                  0.00203425097426091
         890,3057.60356446667,            0.9998910477574,                  0.00159796622480479
         891,3057.60269237778,          0.999949167435207,                 0.000871415396457696
         892,3057.60182028889,          0.999860606131007,                  0.00116161557494163
         893,    3057.6009482,           1.00006387401721,                  0.00145168220934419
         894,3057.60007611111,          0.999975327168996,                  0.00174161160029433
         895,3057.59920402222,           1.00003337313927,                  0.00203140847706757
         896,3057.59833193333,          0.999946325237148,                  0.00203093697277239
         897,3057.59745984444,          0.999857867608028,                  0.00174039663639343
         898,3057.59658775555,           1.00006089975031,                  0.00101499583851706
         899,3057.59571566667,           1.00011887193434,                -0.000289931547161715
         900,3057.59484357778,            1.0000318850746,                 -0.00130438941531469
         901,3057.59397148889,           1.00023473566156,                  -0.0021734783478087
         902,    3057.5930994,           1.00000289729943,                  -0.0028972994272039
         903,3057.59222731111,          0.999771166385211,                 -0.00362078504413013
         904,3057.59135522222,           1.00026353208286,                 -0.00347514834539499
         905,3057.59048313333,           1.00017661245726,                 -0.00376387203993179
         906,3057.58961104444,           1.00023446387375,                 -0.00347353887034727
         907,3057.58873895555,           1.00014903841284,                 -0.00318334474031865
         908,3057.58786686667,           1.00020686951452,                 -0.00260395193104735
         909,3057.58699477778,            1.0001200433313,                 -0.00216945779464491
         910,3057.58612268889,           1.00017930061194,                 -0.00245815355073051
         911,    3057.5852506,           1.00067077613425,                 -0.00202389350850614
         912,3057.58437851111,           1.00029628773152,                  -0.0017343672088973
         913,3057.58350642222,            1.0003540181055,                 -0.00130047467325574
         914,3057.58263433333,           1.00026870303114,                  -0.0008667839714308
         915,3057.58176224444,           1.00018198257011,                -0.000722153056007302
         916,3057.58089015556,           1.00024114374333,                 -0.00101078215767335
         917,3057.58001806667,           1.00030027775693,                 -0.00144364306214017
         918,3057.57914597778,           1.00007072227651,                 -0.00173197411853342
         919,3057.57827388889,           1.00012842508993,                 -0.00259736136944435
         920,    3057.5774018,           1.00018754418108,                 -0.00259676558420012
         921,3057.57652971111,           1.00024663615686,                 -0.00288463341357422
         922,3057.57565762222,           1.00016150243407,                 -0.00302817063885749
         923,3057.57478553333,            1.0003647388369,                 -0.00331580760819264
         924,3057.57391344444,           1.00027961706875,                 -0.00331504772227395
         925,3057.57304135556,           1.00019453430649,                 -0.00345838767084795
         926,3057.57216926667,           1.00039762347938,                 -0.00360166195089062
         927,3057.57129717778,           1.00045658614715,                 -0.00316873666790055
         928,3057.57042508889,            1.0000849604214,                 -0.00316801571335794
         929,     3057.569553,           1.00014396775122,                 -0.00302332277569824
         930,3057.56868091111,           1.00020294807264,                 -0.00316656567241302
         931,3057.56780882222,           1.00011799953376,                 -0.00316584114960326
         932,3057.56693673333,           1.00017839775794,                 -0.00330899067152369
         933,3057.56606464444,           1.00009349356692,                 -0.00330823390652082
         934,3057.56519255555,           1.00000862820214,                 -0.00301987074953192
         935,3057.56432046667,           1.00035655134339,                 -0.00273164335664336
         936,3057.56344837778,            1.0001279266822,                 -0.00186859198719008
         937,3057.56257628889,           1.00004454861475,                -0.000862231253296238
         938,    3057.5617042,          0.999959771733321,                                    0
         939,3057.56083211111,          0.999732830019564,                 0.000430919323284295
         940,3057.55996002222,          0.999935376860608,                 0.000430820929280744
         941,3057.55908793333,           1.00013926716755,                                    0
         942,3057.55821584444,          0.999912439479173,                 -0.00071770918710822
         943,3057.55734375555,          0.999971298183175,                 -0.00129158175712523
         944,3057.55647166666,          0.999744611738104,                 -0.00200867172278035
         945,3057.55559957778,          0.999661472080053,                 -0.00272543664363912
         946,3057.55472748889,          0.999865193160991,                 -0.00301164214807527
         947,    3057.5538554,          0.999780630379395,                 -0.00329771325092874
         948,3057.55298331111,          0.999697539172978,                 -0.00344031272442665
         949,3057.55211122222,          0.999901113405726,                 -0.00272296419015462
         950,3057.55123913333,          0.999531469623614,                 -0.00214922191002784
         951,3057.55036704445,          0.999448491229578,                 -0.00200548643789796
         952,3057.54949495555,          0.999651983621748,                  -0.0021482492484708
         953,3057.54862286667,          0.999569015508282,                 -0.00157502638169189
         954,3057.54775077778,          0.999486084926255,                 -0.00200412563577307
         955,3057.54687868889,          0.999403191850205,                 -0.00143119460382387
         956,    3057.5460066,           0.99917724915042,                -0.000715435521373636
         957,3057.54513451111,          0.999237518114309,                 -0.00028610952558749
         958,3057.54426242222,          0.999440782275516,                 0.000143022435929524
         959,3057.54339033333,          0.999357974344712,                 0.000142990123672158
         960,3057.54251824445,           0.99927520382212,                                    0
         961,3057.54164615556,          0.999192470682398,                -0.000571702171753625
         962,3057.54077406667,           0.99896830908431,                 -0.00142893478627422
         963,3057.53990197778,          0.999028543672676,                 -0.00214291836909626
         964,3057.53902988889,          0.999231580059931,                 -0.00242809274742979
         965,    3057.5381578,          0.999006134548819,                 -0.00214195140340656
         966,3057.53728571111,          0.998923555294138,                 -0.00199870369788737
         967,3057.53641362222,          0.998842438956853,                 -0.00171279069269538
         968,3057.53554153333,          0.998759933729945,                 -0.00156970413930982
         969,3057.53466944445,          0.998820133908381,                -0.000713341046927854
         970,3057.53379735556,          0.998739095457891,                 0.000427908781258736
         971,3057.53292526667,          0.998656669166992,                   0.0014260412239997
         972,3057.53205317778,          0.998574280011406,                  0.00256629597946963
         973,3057.53118108889,          0.998350811124399,                  0.00327842213818692
         974,     3057.530309,          0.998268527821124,                  0.00370520795479646
         975,3057.52943691111,          0.998328757481767,                   0.0041318016222308
         976,3057.52856482222,            0.9983903821774,                   0.0047006538182129
         977,3057.52769273333,          0.998308145396959,                   0.0044147721123118
         978,3057.52682064444,          0.998227366892339,                  0.00370188440154055
         979,3057.52594855555,          0.998145203650376,                  0.00284696293111916
         980,3057.52507646667,          0.998063077358783,                  0.00185010979690064
         981,3057.52420437778,            0.9981246923101,                 0.000853706080379273
         982,3057.52333228889,          0.998184859796067,                                    0
         983,    3057.5224602,          0.997961978743709,                -0.000568882416271175
         984,3057.52158811111,          0.997879967182859,                -0.000284377306122217
         985,3057.52071602222,          0.997941567820223,                 0.000142156918492909
         986,3057.51984393333,          0.997859597558861,                 0.000426374988274688
         987,3057.51897184444,          0.997779081878416,                 0.000568373159714279
         988,3057.51809975555,          0.997839246165408,                  0.00071030698047082
         989,3057.51722766667,          0.997616741326955,                 0.000710148591491284
         990,3057.51635557778,          0.997394335697601,                 0.000993986382386561
         991,3057.51548348889,          0.997596512174312,                   0.0012776958317303
         992,    3057.5146114,          0.997516145057129,                  0.00170321481796892
         993,3057.51373931111,          0.997576301106274,                  0.00184473569194617
         994,3057.51286722222,          0.997637845544892,                  0.00184432479978436
         995,3057.51199513333,          0.997556108098601,                  0.00170207213098012
         996,3057.51112304445,          0.997334014010607,                  0.00113446212314586
         997,3057.51025095555,          0.997395571195046,                  0.00113420960477049
         998,3057.50937886667,          0.997313942692719,                 0.000992211142531131
         999,3057.50850677778,          0.997517189776264,                  0.00085027747388231
        1000,3057.50763468889,          0.997293889290319,                  0.00127513070089684
        1001,    3057.5067626,          0.997213750784385,                   0.0015581464856006
        1002,3057.50589051111,           0.99699202972849,                  0.00169941823249174
        1003,3057.50501842222,          0.997193755468779,                  0.00141586505107025
        1004,3057.50414633333,          0.997255247799173,                  0.00127399534850143
        1005,3057.50327424444,          0.997173777980942,                 0.000849140316191549
        1006,3057.50240215556,          0.997235247342074,                 0.000282983895386514
        1007,3057.50153006667,          0.997013768352735,                 -0.00056584209327624
        1008,3057.50065797778,          0.997073835792546,                   -0.001131431303027
        1009,3057.49978588889,          0.996852491282843,                 -0.00169677019792824
        1010,    3057.4989138,          0.997336665799622,                 -0.00212048901303959
        1011,3057.49804171111,          0.997115361512619,                  -0.0024026876181027
        1012,3057.49716962222,           0.99717676183909,                 -0.00254345780262202
        1013,3057.49629753333,          0.996954182771637,                  -0.0019778033950408
        1014,3057.49542544444,          0.996733110832711,                 -0.00155364378902647
        1015,3057.49455335555,          0.996935764011466,                -0.000706045158648347
        1016,3057.49368126667,          0.996854564552015,                -0.000423532600716052
        1017,3057.49280917778,          0.997057100714906,                -0.000423438746056727
        1018,3057.49193708889,          0.996977317178491,                -0.000564459910645996
        1019,     3057.491065,          0.996755079006772,                -0.000564334085778781
        1020,3057.49019291111,          0.996534345524482,                 -0.00112841822564697
        1021,3057.48932082222,          0.996594346474126,                  -0.0011281667994613
        1022,3057.48844873333,          0.996655725871034,                 -0.00126890670997868
        1023,3057.48757664445,          0.996576119668071,                 -0.00155054276044537
