"SCAN INDEX",      WAVENUMBER,"SCIENCE DIRECT ABSORPTION","SCIENCE HARMONIC ABSORPTION SPECTRA"
           0,3058.41469805405,                          1,                                    0
           1,3058.41377927027,                          1,                                    0
           2,3058.41286048648,                          1,                                    0
           3, 3058.4119417027,                          1,                                    0
           4,3058.41102291891,                          1,                                    0
           5,3058.41010413513,                          1,                                    0
           6,3058.40918535135,                          1,                                    0
           7,3058.40826656757,                          1,                                    0
           8,3058.40734778377,                          1,                                    0
           9,     3058.406429,                          1,                                    0
          10,3058.40551021621,                          1,                                    0
          11,3058.40459143243,                          1,                                    0
          12,3058.40367264864,                          1,                                    0
          13,3058.40275386486,                          1,                                    0
          14,3058.40183508107,                          1,                                    0
          15,3058.40091629729,                          1,                                    0
          16,3058.39999751351,                          1,                                    0
          17,3058.39907872973,                          1,                                    0
          18,3058.39815994594,                          1,                                    0
          19,3058.39724116216,                          1,                                    0
          20,3058.39632237837,                          1,                                    0
          21,3058.39540359459,                          1,                                    0
          22,3058.39448481081,                          1,                                    0
          23,3058.39356602702,                          1,                                    0
          24,3058.39264724324,                          1,                                    0
          25,3058.39172845946,                          1,                                    0
          26,3058.39080967567,                          1,                                    0
          27,3058.38989089189,                          1,                                    0
          28,3058.38897210811,                          1,                                    0
          29,3058.38805332432,                          1,                                    0
          30,3058.38713454054,                          1,                                    0
          31,3058.38621575675,                          1,                                    0
          32,3058.38529697297,                          1,                                    0
          33,3058.38437818918,                          1,                                    0
          34, 3058.3834594054,                          1,                                    0
          35,3058.38254062161,                          1,                                    0
          36,3058.38162183783,                          1,                                    0
          37,3058.38070305405,                          1,                                    0
          38,3058.37978427027,                          1,                                    0
          39,3058.37886548648,                          1,                                    0
          40, 3058.3779467027,                          1,                                    0
          41,3058.37702791892,                          1,                                    0
          42,3058.37610913513,                          1,                                    0
          43,3058.37519035135,                          1,                                    0
          44,3058.37427156757,                          1,                                    0
          45,3058.37335278378,                          1,                                    0
          46,     3058.372434,                          1,                                    0
          47,3058.37151521621,                          1,                                    0
          48,3058.37059643243,                          1,                                    0
          49,3058.36967764864,                          1,                                    0
          50,3058.36875886486,                          1,                                    0
          51,3058.36784008107,                          1,                                    0
          52,3058.36692129729,                          1,                                    0
          53, 3058.3660025135,                          1,                                    0
          54,3058.36508372972,                          1,                                    0
          55,3058.36416494595,                          1,                                    0
          56,3058.36324616216,                          1,                                    0
          57,3058.36232737837,                          1,                                    0
          58,3058.36140859459,                          1,                                    0
          59,3058.36048981081,                          1,                                    0
          60,3058.35957102702,                          1,                                    0
          61,3058.35865224324,                          1,                                    0
          62,3058.35773345945,                          1,                                    0
          63,3058.35681467567,                          1,                                    0
          64,3058.35589589189,                          1,                                    0
          65, 3058.3549771081,                          1,                                    0
          66,3058.35405832432,                          1,                                    0
          67,3058.35313954054,                          1,                                    0
          68,3058.35222075675,                          1,                                    0
          69,3058.35130197297,                          1,                                    0
          70,3058.35038318919,                          1,                                    0
          71,3058.34946440541,                          1,                                    0
          72,3058.34854562161,                          1,                                    0
          73,3058.34762683784,                          1,                                    0
          74,3058.34670805405,          0.990267111523503,                -0.000789686691805026
          75,3058.34578927026,          0.993109599204407,                  0.00118391766247297
          76,3058.34487048648,          0.994767805337904,                  0.00256383454983996
          77, 3058.3439517027,          0.995830992578576,                  0.00394232380276554
          78,3058.34303291892,          0.995316966686828,                  0.00492536107822064
          79,3058.34211413513,          0.994608516889244,                  0.00492282972128907
          80,3058.34119535134,          0.993702027160008,                   0.0047234796299941
          81,3058.34027656756,          0.992796471805524,                  0.00472104523941601
          82,3058.33935778379,           0.99189379953325,                  0.00432540408121536
          83,     3058.338439,          0.991383121923421,                  0.00451968519410083
          84,3058.33752021621,          0.991069376820447,                  0.00432095249505546
          85,3058.33660143243,          0.990561593064891,                  0.00412243231358754
          86,3058.33568264865,          0.990641003001942,                  0.00353169698039908
          87,3058.33476386486,          0.990918379153258,                  0.00294157444830771
          88,3058.33384508108,          0.990605515951806,                   0.0023520510865496
          89,3058.33292629729,          0.990880684879176,                  0.00176313289124409
          90,3058.33200751351,          0.990961708659999,                  0.00176223184705394
          91,3058.33108872973,          0.991236413309379,                  0.00234843770181887
          92,3058.33016994594,          0.991315233549801,                  0.00332524841561693
          93,3058.32925116215,           0.99139591124944,                  0.00351905470370537
          94,3058.32833237837,          0.991669972233241,                  0.00332185015329361
          95,3058.32741359459,          0.991553146819003,                  0.00371075631072702
          96,3058.32649481081,          0.991633579680101,                  0.00370886575077203
          97,3058.32557602703,          0.991321788398355,                  0.00429228091807987
          98,3058.32465724323,          0.991595327704218,                  0.00468009594196681
          99,3058.32373845945,          0.991285806447841,                  0.00487261996877625
         100,3058.32281967568,          0.991364280106675,                  0.00525974367515823
         101,3058.32190089189,          0.991444604103631,                  0.00584118973352492
         102, 3058.3209821081,          0.991328309876697,                  0.00603281853281853
         103,3058.32006332432,          0.991406642054937,                  0.00583523626871652
         104,3058.31914454054,          0.991486821973681,                  0.00583227542337459
         105,3058.31822575675,          0.991564993850082,                   0.0060236164627381
         106,3058.31730697297,          0.991643086173512,                  0.00640897411745513
         107,3058.31638818918,          0.992111250009706,                  0.00659984005093524
         108, 3058.3154694054,          0.991606942606698,                  0.00698451378083372
         109,3058.31455062162,          0.991492901702001,                  0.00736881092600744
         110,3058.31363183784,          0.991764689920903,                  0.00717125142213668
         111,3058.31271305405,          0.991842483015666,                  0.00658645398877591
         112,3058.31179427027,          0.992115739091374,                  0.00600226149723509
         113,3058.31087548648,          0.992193275457005,                  0.00522512549977358
         114, 3058.3099567027,          0.992079227071829,                  0.00522248764494821
         115,3058.30903791892,          0.992350031029063,                  0.00541316985560369
         116,3058.30811913513,           0.99242733117045,                  0.00560365899609483
         117,3058.30720035134,          0.992892734365947,                  0.00637336320444977
         118,3058.30628156757,          0.992969681994896,                  0.00675620895603059
         119,3058.30536278378,          0.992855530452264,                  0.00694574409177643
         120,3058.30444399999,          0.992932419272415,                  0.00713507467723429
         121,3058.30352521621,          0.992818401545027,                  0.00655325677587476
         122,3058.30260643244,             0.993280522763,                  0.00616465801559658
         123,3058.30168764865,          0.993164532588813,                   0.0055839029556176
         124,3058.30076886486,          0.993435473844857,                  0.00442638820194338
         125,3058.29985008107,          0.993704231610413,                  0.00269296539731819
         126,3058.29893129729,          0.993782371465814,                  0.00153806519089312
         127,3058.29801251351,          0.993858523124697,                 0.000768645416183061
         128,3058.29709372972,          0.993936507143859,                                    0
         129,3058.29617494595,           0.99420447324824,                -0.000383936850066901
         130,3058.29525616216,          0.994282205763844,                 -0.00057561686941172
         131,3058.29433737837,          0.994357953521197,                 -0.00057532764909616
         132,3058.29341859459,          0.994435531327211,                -0.000766719762010186
         133,3058.29249981081,          0.994511126224939,                -0.000957918634391195
         134,3058.29158102702,          0.994586645271118,                 -0.00172338848814787
         135,3058.29066224323,          0.994663992283076,                 -0.00172252759871997
         136,3058.28974345946,           0.99454806312769,                 -0.00114777618364419
         137,3058.28882467568,          0.995007753183011,                 -0.00114720340489971
         138,3058.28790589188,          0.995275879466128,                -0.000573315598770811
         139,3058.28698710811,          0.995159817700474,                -0.000573028685816012
         140,3058.28606832432,          0.995427600492559,                -0.000572743153332888
         141,3058.28514954054,          0.995693216577586,                -0.000763275750538586
         142,3058.28423075676,          0.995769742789681,                 -0.00133506764978505
         143,3058.28331197297,          0.995844294483206,                 -0.00152502954744748
         144,3058.28239318918,          0.995730135412439,                 -0.00190533895027256
         145, 3058.2814744054,          0.995804632614935,                 -0.00228526593830163
         146,3058.28055562162,          0.996071295330476,                  -0.0024744748403012
         147,3058.27963683783,          0.996147443519619,                 -0.00247324613555291
         148,3058.27871805405,          0.996411776674457,                 -0.00190154919212683
         149,3058.27779927028,          0.996107559089838,                 -0.00152048473053209
         150,3058.27688048648,          0.996181683478657,                 -0.00227959195304041
         151, 3058.2759617027,          0.996637369439365,                 -0.00265820597678627
         152,3058.27504291892,          0.996713048362977,                 -0.00265688931399118
         153,3058.27412413513,          0.996597078115457,                 -0.00303493590594734
         154,3058.27320535135,          0.996862291569897,                 -0.00360220303153824
         155,3058.27228656756,          0.996937746818364,                 -0.00360042143880421
         156,3058.27136778378,           0.99701312746578,                 -0.00359864160749427
         157,     3058.270449,          0.997086546052071,                 -0.00340754847710979
         158,3058.26953021622,          0.997161778618732,                 -0.00340586565752129
         159,3058.26861143243,          0.997426058275856,                 -0.00359330586030362
         160,3058.26769264865,          0.997312021050164,                 -0.00396958916642408
         161,3058.26677386486,          0.997387031134573,                 -0.00434550136694358
         162,3058.26585508108,          0.997271242292912,                 -0.00434335136768358
         163, 3058.2649362973,          0.997912443422687,                  -0.0049074566916947
         164,3058.26401751351,          0.997609736127697,                  -0.0054710064954053
         165,3058.26309872972,          0.997873014436349,                  -0.0062225641489795
         166,3058.26217994594,          0.997570624343889,                 -0.00584256364153799
         167,3058.26126116216,          0.997833662993313,                 -0.00546293679947254
         168,3058.26034237837,          0.997908158558192,                  -0.0048953985136817
         169,3058.25942359459,          0.997982580941412,                 -0.00395203360357716
         170,3058.25850481081,          0.998056930250756,                 -0.00300959496494762
         171,3058.25758602702,          0.997943199208865,                 -0.00244409600409104
         172,3058.25666724324,          0.997829579727711,                 -0.00187915175089964
         173,3058.25574845945,          0.998091717754538,                 -0.00187823055655728
         174,3058.25482967567,          0.998167741741697,                 -0.00187731378924524
         175,3058.25391089189,          0.998241818451337,                 -0.00187639439558522
         176,3058.25299210811,          0.998503370230196,                 -0.00112528554120608
         177,3058.25207332431,          0.998577210244836,                -0.000749823322879546
         178,3058.25115454054,          0.998276249718954,                -0.000936820804916436
         179,3058.25023575675,           0.99835199820218,                -0.000187272931570471
         180,3058.24931697297,          0.998425804084673,                 0.000187181440585803
         181,3058.24839818919,          0.998499537887604,                 0.000187090038952146
         182, 3058.2474794054,          0.998388067962944,                -0.000186999076224563
         183,3058.24656062161,          0.998648656225994,                -0.000560723557678829
         184,3058.24564183784,          0.998350405299627,                 -0.00168135360173964
         185,3058.24472305406,          0.998610758406406,                 -0.00242743826837758
         186,3058.24380427027,           0.99849945129189,                 -0.00354607281767213
         187,3058.24288548648,          0.998759478794549,                 -0.00447706901215338
         188, 3058.2419667027,           0.99883466181886,                  -0.0055936232694728
         189,3058.24104791892,          0.998723408220506,                 -0.00596364042975484
         190,3058.24012913513,          0.998610402238258,                 -0.00651956054436468
         191,3058.23921035135,          0.998871731092187,                 -0.00651640458308043
         192,3058.23829156756,          0.998946714157576,                 -0.00651325167576661
         193,3058.23737278378,           0.99902162469821,                 -0.00595209309073594
         194,     3058.236454,          0.998908692717987,                 -0.00557737963549965
         195,3058.23553521621,          0.998797726271818,                 -0.00538886215104795
         196,3058.23461643243,          0.998686866998386,                 -0.00501479364124166
         197,3058.23369764865,          0.998761758191981,                 -0.00575494693381997
         198,3058.23277886486,          0.998651023236913,                 -0.00649438606712969
         199,3058.23186008108,          0.998725859488452,                  -0.0074185764864509
         200,3058.23094129729,          0.998985998624517,                 -0.00778575096348668
         201,3058.23002251351,          0.998504744240857,                 -0.00704085735408286
         202,3058.22910372973,          0.998951785853183,                 -0.00648188960045633
         203,3058.22818494595,          0.999026333423419,                 -0.00518301599700866
         204,3058.22726616215,          0.998730771934888,                 -0.00407041070444008
         205,3058.22634737838,          0.998622271125947,                 -0.00332874090375316
         206,3058.22542859459,          0.998512028539477,                 -0.00203325292742211
         207,3058.22450981081,          0.998586644250044,                 -0.00129326669930625
         208,3058.22359102702,          0.998293704434153,                 -0.00166197620050081
         209,3058.22267224324,          0.998737504245234,                 -0.00184575402743529
         210,3058.22175345945,          0.998444772831676,                 -0.00221384650295272
         211,3058.22083467567,          0.998336720130112,                  -0.0033191837758297
         212,3058.21991589189,          0.998595552213388,                 -0.00423914686247839
         213, 3058.2189971081,           0.99830330808867,                 -0.00534246095858487
         214,3058.21807832432,          0.998379612580099,                 -0.00644472269278928
         215,3058.21715954054,          0.998271797165306,                 -0.00662569776879628
         216,3058.21624075675,          0.998714125669841,                 -0.00625461047573671
         217,3058.21532197297,          0.998790125363606,                 -0.00533227423334768
         218,3058.21440318918,          0.998498484700901,                 -0.00422703205376785
         219, 3058.2134844054,          0.998390818111011,                 -0.00312284156538863
         220,3058.21256562162,          0.998652305952254,                  -0.0016524858896066
         221,3058.21164683784,          0.998361146133278,                -0.000917611347548968
         222,3058.21072805405,          0.998437133129843,                -0.000183435078656962
         223,3058.20980927027,          0.998329699987716,                -0.000183347970612987
         224,3058.20889048649,          0.998407459467186,                -0.000183261281106312
         225, 3058.2079717027,          0.998116967805278,                -0.000366348676015885
         226,3058.20705291892,          0.998377841980571,                                    0
         227,3058.20613413513,          0.998636642297029,                 0.000366002067911684
         228,3058.20521535135,          0.998348280510625,                 0.000731658688538384
         229,3058.20429656756,          0.998058366029084,                  0.00073131223010008
         230,3058.20337778379,          0.998318774898578,                 0.000913709294250941
         231,3058.20245899999,          0.998396282590351,                  0.00164390167276128
         232,3058.20154021621,          0.998108577855025,                  0.00164312734602071
         233,3058.20062143243,          0.998186111526769,                  0.00218980499786494
         234,3058.19970264865,          0.998081174350481,                  0.00237117238058411
         235,3058.19878386486,          0.998158647973601,                   0.0029169933091466
         236,3058.19786508108,          0.997871596011429,                  0.00346230100880518
         237,3058.19694629729,          0.997949095306962,                  0.00400709620309421
         238,3058.19602751351,          0.998208576983855,                  0.00400521406048601
         239,3058.19510872973,          0.998105691841009,                  0.00345743083773549
         240,3058.19418994594,          0.998364856975004,                  0.00309203909064949
         241,3058.19327116216,          0.998080195471007,                  0.00272699506959291
         242,3058.19235237838,           0.99833913002395,                  0.00236228771210618
         243,3058.19143359459,          0.998418006033736,                  0.00254281464152671
         244,3058.19051481081,          0.998496808441111,                  0.00308626286245434
         245,3058.18959602702,          0.998392265454031,                  0.00326627785862824
         246,3058.18867724324,          0.998471006252006,                  0.00326475533379403
         247,3058.18775845946,          0.998549673676577,                  0.00308194343727339
         248,3058.18683967568,          0.998628267830253,                  0.00344292090161038
         249,3058.18592089189,          0.998525666800697,                  0.00398468432244066
         250, 3058.1850021081,          0.998242123500329,                  0.00416386812486535
         251,3058.18408332433,          0.998322557529762,                   0.0045238470071133
         252,3058.18316454054,          0.998220241497312,                  0.00524522322946586
         253,3058.18224575675,           0.99884116346465,                  0.00596592912114633
         254,3058.18132697297,          0.998559804263485,                  0.00614387139792952
         255,3058.18040818918,          0.998459323800286,                   0.0063216491195749
         256, 3058.1794894054,          0.998537668574317,                   0.0057771118051669
         257,3058.17857062162,           0.99879819404294,                  0.00487218631240459
         258,3058.17765183783,          0.998697742874561,                  0.00432883254993489
         259,3058.17673305405,          0.998777669206278,                  0.00360569555670137
         260,3058.17581427027,          0.999037723404945,                  0.00270302414341165
         261,3058.17489548649,           0.99893730074389,                  0.00198130369783317
         262, 3058.1739767027,          0.999017006153613,                  0.00126024852100834
         263,3058.17305791892,           0.99909663812619,                 0.000719810258015987
         264,3058.17213913513,          0.999177993981549,                 0.000179870025919271
         265,3058.17122035135,          0.999257478699707,                 0.000359574479560888
         266,3058.17030156756,           0.99933868614188,                 0.000359409705499687
         267,3058.16938278378,          0.999418024011898,                  0.00107773331129967
         268,3058.16846399999,          0.999319543465732,                  0.00233401977453369
         269,3058.16754521622,           0.99904169523037,                   0.0032302407965056
         270,3058.16662643243,          0.999481604121337,                  0.00358751473123237
         271,3058.16570764864,          0.999383229582031,                  0.00322728707077082
         272,3058.16478886486,          0.999643368536503,                  0.00304660044193628
         273,3058.16387008108,          0.999545009977537,                  0.00232868909134552
         274,3058.16295129729,          0.999985676122813,                  0.00268572697257694
         275,3058.16203251352,          0.999887250945392,                    0.002326567793501
         276,3058.16111372972,          0.999788915562647,                  0.00160996604760491
         277,3058.16019494594,           1.00005006508461,                 0.000894019368035589
         278,3058.15927616216,           1.00013225480139,                 0.000536168113724831
         279,3058.15835737837,           1.00003572832184,                -0.000714566436814463
         280,3058.15743859459,          0.999939289400286,                 -0.00124992411175036
         281,3058.15651981081,           1.00037837683477,                 -0.00196327602947056
         282,3058.15560102702,          0.999925072519098,                 -0.00249758269674708
         283,3058.15468224324,           1.00036376864314,                 -0.00338804128417464
         284,3058.15376345946,            1.0004455930844,                 -0.00303003297388825
         285,3058.15284467567,           1.00052912598009,                 -0.00285051033042759
         286,3058.15192589189,           1.00078887806581,                 -0.00284922100516956
         287,3058.15100710811,           1.00051618874709,                 -0.00249194567558427
         288,3058.15008832433,           1.00059957691575,                 -0.00177915998740355
         289,3058.14916954053,            1.0005050540977,                 -0.00142268759914354
         290,3058.14825075676,           1.00076612824382,                 -0.00124429181131559
         291,3058.14733197297,           1.00049393946932,                 -0.00142140854479747
         292,3058.14641318919,           1.00075478399858,                 -0.00177596234959819
         293, 3058.1454944054,           1.00083787775506,                 -0.00230771415587367
         294,3058.14457562162,            1.0007452358139,                  -0.0030164306753256
         295,3058.14365683783,           1.00100561691139,                 -0.00354714959926077
         296,3058.14273805406,            1.0010902612195,                 -0.00336828669438117
         297,3058.14181927027,           1.00082043176329,                 -0.00318958352899066
         298,3058.14090048648,           1.00108220316017,                 -0.00265679990222976
         299, 3058.1399817027,           1.00098965903679,                 -0.00159336875333058
         300,3058.13906291892,           1.00125112149682,                 -0.00106177213308252
         301,3058.13814413513,           1.00098170143894,                -0.000353766284304274
         302,3058.13722535135,           1.00106613012445,                 0.000353608664826723
         303,3058.13630656756,           1.00097552699665,                 0.000353451810380173
         304,3058.13538778378,            1.0012365306483,                 0.000883236177353824
         305,     3058.134469,           1.00114593246944,                  0.00105941368515285
         306,3058.13355021621,           1.00123190528802,                 0.000529472186826026
         307,3058.13263143243,           1.00131780196982,                                    0
         308,3058.13171264865,           1.00157995711545,                -0.000881672497460783
         309,3058.13079386486,           1.00166562381578,                 -0.00158630839597783
         310,3058.12987508108,           1.00157680076814,                 -0.00264268285163098
         311, 3058.1289562973,           1.00148629229946,                 -0.00334591868360993
         312,3058.12803751351,           1.00157364998785,                 -0.00369649326006062
         313,3058.12711872972,           1.00166093082505,                 -0.00316702911555434
         314,3058.12619994595,           1.00139463636571,                 -0.00298976270077576
         315,3058.12528116215,           1.00148191900601,                 -0.00246107545481553
         316,3058.12436237837,           1.00139517067119,                 -0.00210857028391899
         317,3058.12344359459,           1.00165801361538,                  -0.0017563703552786
         318,3058.12252481081,           1.00156950593919,                 -0.00175559948455599
         319,3058.12160602703,           1.00183379982627,                 -0.00105289942178273
         320,3058.12068724324,           1.00139447996422,                 -0.00105243770884311
         321,3058.11976845946,           1.00183394874061,                 -0.00157796736763484
         322,3058.11884967567,           1.00139676798054,                 -0.00157727877350803
         323,3058.11793089189,           1.00148549886836,                 -0.00192694428678537
         324,3058.11701210811,           1.00139905200656,                  -0.0021012045154885
         325,3058.11609332432,           1.00148945740694,                 -0.00210029246572585
         326,3058.11517454054,            1.0014030839856,                 -0.00139958502304067
         327,3058.11425575675,           1.00131853680886,                 -0.00104923353490275
         328,3058.11333697297,           1.00158365583278,                -0.000349592899069034
         329,3058.11241818918,           1.00149735385949,                 0.000698881614696083
         330, 3058.1114994054,           1.00158752058625,                  0.00122251310272079
         331,3058.11058062162,           1.00150478843931,                  0.00122198597160105
         332,3058.10966183784,           1.00142038018727,                  0.00122145716349728
         333,3058.10874305405,           1.00116162655625,                  0.00104651041103441
         334,3058.10782427026,           1.00125352827238,                 0.000871716462016699
         335,3058.10690548649,           1.00134535087169,                  0.00104560948576925
         336, 3058.1059867027,            1.0014370944563,                   0.0012193528720115
         337,3058.10506791892,            1.0011805224247,                  0.00139294681380828
         338,3058.10414913513,           1.00162034498903,                  0.00139234800345998
         339,3058.10323035135,           1.00136391471358,                   0.0017396871346657
         340,3058.10231156757,           1.00110944559021,                   0.0013911543450967
         341,3058.10139278378,           1.00102727403882,                  0.00139055707454603
         342,     3058.100474,           1.00112065745237,                  0.00104247204871819
         343,3058.09955521621,           1.00104028996129,                  0.00121569778447762
         344,3058.09863643243,           1.00095999111184,                  0.00156237251474272
         345,3058.09771764865,           1.00105328365953,                  0.00138818274731777
         346,3058.09679886487,           1.00114649659433,                  0.00156103923585395
         347,3058.09588008108,           1.00106799079031,                  0.00156037615467835
         348,3058.09496129729,             1.001336154682,                  0.00155971363657632
         349,3058.09404251351,           1.00125590056732,                  0.00155904898012213
         350,3058.09312372973,           1.00117744840006,                  0.00121207923535116
         351,3058.09220494595,           1.00092598201691,                  0.00103848450494578
         352,3058.09128616216,           1.00102247542858,                 0.000692030746926086
         353,3058.09036737838,           1.00094422174339,                  0.00086467192617777
         354,3058.08944859459,           1.00104062589672,                  0.00138289155710132
         355,3058.08852981081,           1.00078964238012,                  0.00259182400478278
         356,3058.08761102703,           1.00054059935715,                  0.00397245534010263
         357,3058.08669224324,           1.00080969423253,                  0.00517928080506741
         358,3058.08577345945,            1.0007334224945,                  0.00673022994952328
         359,3058.08485467567,           1.00083143873401,                  0.00741739949423685
         360,3058.08393589189,           1.00075522189385,                  0.00810397922622517
         361, 3058.0830171081,           1.00085314673262,                  0.00827293801328841
         362,3058.08209832432,           1.00060642813827,                  0.00826947461271294
         363,3058.08117954054,           1.00070433328569,                  0.00757717960154368
         364,3058.08026075675,           1.00063001993342,                  0.00688546375319744
         365,3058.07934197297,           1.00038370410391,                  0.00602226172061179
         366,3058.07842318918,           1.00048157958103,                  0.00515978122527605
         367,3058.07750440541,            1.0004091723372,                  0.00481379220234432
         368,3058.07658562162,           1.00068052462262,                   0.0044680909565839
         369,3058.07566683784,           1.00060809487654,                  0.00429445534281778
         370,3058.07474805405,           1.00053572532401,                  0.00412096403085228
         371,3058.07382927027,           1.00046341589002,                  0.00429088787051817
         372,3058.07291048648,           1.00056273075392,                  0.00411754210186799
         373, 3058.0719917027,           1.00066367925256,                  0.00445882701980577
         374,3058.07107291892,           1.00059312184368,                  0.00462840745070746
         375,3058.07015413513,           1.00052262270924,                  0.00582595807023707
         376,3058.06923535135,           1.00096602470557,                  0.00685123904658157
         377,3058.06831656757,           1.00055300927789,                   0.0078756739265542
         378,3058.06739778378,           1.00065375360677,                  0.00889926375706379
         379,     3058.066479,           1.00058505742801,                  0.00872454059306348
         380,3058.06556021622,           1.00085670461133,                  0.00769495159875444
         381,3058.06464143243,           1.00044612410455,                  0.00632436470047296
         382,3058.06372264865,           1.00071931506171,                  0.00444232579675676
         383,3058.06280386486,           1.00082320270256,                  0.00273262307905137
         384,3058.06188508108,           1.00092529679492,                  0.00119503276096955
         385,3058.06096629729,           1.00068771683131,                  0.00102389602677147
         386,3058.06004751351,           1.00096036244727,                  0.00102347685321807
         387,3058.05912872973,           1.00089347219665,                  0.00119356972834353
         388,3058.05820994594,           1.00082663644188,                  0.00170440503481247
         389,3058.05729116216,           1.00076156012492,                  0.00221482810378344
         390,3058.05637237837,           1.00069483235466,                  0.00221392662025368
         391,3058.05545359459,            1.0011405614286,                  0.00323442793183869
         392,3058.05453481081,           1.00090356986671,                  0.00425409541765858
         393,3058.05361602702,            1.0008385680048,                  0.00476265803945182
         394,3058.05269724324,           1.00094364484948,                  0.00527080906919212
         395,3058.05177845946,           1.00105033804569,                  0.00526868598971417
         396,3058.05085967567,           1.00115524447012,                  0.00526655567259013
         397,3058.04994089189,           1.00126176643905,                  0.00543425653426893
         398,3058.04902210811,           1.00119675094849,                  0.00577156485796009
         399,3058.04810332432,           1.00147285401098,                  0.00526019289636402
         400,3058.04718454054,           1.00141120277898,                  0.00424039296569692
         401,3058.04626575676,           1.00134790312052,                  0.00271276099727876
         402,3058.04534697297,           1.00128465431274,                  0.00135583568627318
         403,3058.04442818919,           1.00173138758348,                  0.00016941170092736
         404, 3058.0435094054,           1.00166973179298,                -0.000508031985693819
         405,3058.04259062162,           1.00143884892086,                -0.000169276343630978
         406,3058.04167183784,           1.00171577668507,                                    0
         407,3058.04075305405,           1.00165589517287,                -0.000169141488546584
         408,3058.03983427027,           1.00176344180558,                -0.000169073998616975
         409,3058.03891548649,           1.00187259587758,                -0.000169006848157487
         410, 3058.0379967027,           1.00181272352841,                -0.000168939751016595
         411,3058.03707791892,           1.00175289870002,                                    0
         412,3058.03615913513,            1.0018619270523,                 0.000168805716436781
         413,3058.03524035135,           1.00197255965348,                 0.000674956254397762
         414,3058.03432156756,           1.00191274250843,                 0.000674688715493889
         415,3058.03340278378,           1.00202326757714,                  0.00118023941999663
         416,     3058.032484,           1.00213370546775,                   0.0016853913647288
         417,3058.03156521622,           1.00207558358941,                  0.00151625424551189
         418,3058.03064643243,           1.00218760157022,                  0.00168406587392072
         419,3058.02972764865,            1.0021295041538,                  0.00117838174518336
         420,3058.02880886486,           1.00190486447192,                 0.000673096986544791
         421,3058.02789008108,            1.0021850257611,                 0.000672833182786909
         422, 3058.0269712973,           1.00212868273884,                 0.000504427189298073
         423,3058.02605251351,           1.00207406809801,                 0.000840384156405576
         424,3058.02513372973,           1.00218582356489,                 0.000840055174823883
         425,3058.02421494594,            1.0022991748834,                   0.0021832924385865
         426,3058.02329616216,            1.0022445577449,                  0.00302184288767306
         427,3058.02237737838,            1.0023577979342,                  0.00402755519009221
         428,3058.02145859459,           1.00213545100289,                  0.00503248468866533
         429,3058.02053981081,            1.0024163297611,                  0.00570126383604507
         430,3058.01962102702,           1.00236343217285,                  0.00586667560636283
         431,3058.01870224324,            1.0023105755327,                  0.00485907835012508
         432,3058.01778345946,           1.00242524939201,                  0.00368477117570999
         433,3058.01686467567,           1.00237240972872,                  0.00267879715310833
         434,3058.01594589189,           1.00231961092125,                  0.00150624085795479
         435, 3058.0150271081,           1.00226852967157,                 0.000669182793972001
         436,3058.01410832433,           1.00288641312164,                 0.000167231351195871
         437,3058.01318954054,           1.00250081911856,                -0.000167167053379783
         438,3058.01227075676,           1.00261682992611,                -0.000167102804987685
         439,3058.01135197297,           1.00256571298759,                  0.00050111581788783
         440,3058.01043318919,            1.0026832839923,                 0.000333949470105678
         441, 3058.0095144054,           1.00246527006975,                  0.00083455317188624
         442,3058.00859562162,           1.00274963627384,                 0.000500540583830537
         443,3058.00767683784,           1.00236665271248,                                    0
         444,3058.00675805406,           1.00265251104935,                -0.000333439478233904
         445,3058.00583927027,           1.00243651235422,                -0.000499968335338762
         446,3058.00492048648,           1.00272212652391,                -0.000832964052603346
         447, 3058.0040017027,           1.00284099424807,                 -0.00133223645864905
         448,3058.00308291892,           1.00279330538918,                 -0.00116526446509367
         449,3058.00216413514,           1.00307845910641,                 -0.00199683833929611
         450,3058.00124535135,           1.00286437627458,                 -0.00249510128447814
         451,3058.00032656757,           1.00281840024609,                 -0.00299299141177742
         452,3057.99940778378,            1.0026062443487,                 -0.00315807669804798
         453,     3057.998489,           1.00289270410511,                 -0.00332303745561668
         454,3057.99757021622,           1.00284676939839,                  -0.0028235169062227
         455,3057.99665143243,           1.00280086931546,                   -0.002656426143882
         456,3057.99573264865,           1.00292263239392,                  -0.0028213941338237
         457,3057.99481386486,           1.00287840203064,                 -0.00298623841795725
         458,3057.99389508108,            1.0026667020458,                 -0.00381431262769655
         459,3057.99297629729,           1.00295581855286,                 -0.00464177899495538
         460,3057.99205751351,           1.00324305692501,                 -0.00464004056721182
         461,3057.99113872973,           1.00303478070728,                 -0.00480396509339571
         462,3057.99021994594,           1.00299059106399,                   -0.004636575293015
         463,3057.98930116216,           1.00311362496462,                  -0.0043037878298812
         464,3057.98838237837,           1.00290562990615,                 -0.00364031081635625
         465,3057.98746359459,           1.00286485556629,                 -0.00314273993992404
         466,3057.98654481081,           1.00298779913127,                 -0.00248018743603183
         467,3057.98562602703,           1.00278174001722,                 -0.00181813073021089
         468,3057.98470724324,           1.00290628030817,                 -0.00148701095927077
         469,3057.98378845946,           1.00286556613512,                 -0.00214711007242367
         470,3057.98286967567,           1.00282488207645,                 -0.00264161970912465
         471,3057.98195089189,           1.00261918790321,                  -0.0034658441063321
         472,3057.98103210811,           1.00307521744295,                 -0.00313461005450922
         473,3057.98011332432,           1.00270631754456,                 -0.00329837604455446
         474,3057.97919454054,           1.00283226340379,                 -0.00329716345028372
         475,3057.97827575676,           1.00295811669317,                  -0.0031311541599031
         476,3057.97735697297,           1.00275605533197,                 -0.00345948368029758
         477,3057.97643818919,            1.0028818443804,                 -0.00395224372169617
         478,3057.97551940541,           1.00284457555245,                 -0.00428003265994153
         479,3057.97460062162,           1.00264277745049,                 -0.00543036462430105
         480,3057.97368183784,           1.00244112673461,                 -0.00674435283822107
         481,3057.97276305405,           1.00273458118812,                 -0.00690633853884898
         482,3057.97184427027,            1.0026974204376,                  -0.0067394416783511
         483,3057.97092548648,           1.00282625127346,                 -0.00575109270761445
         484, 3057.9700067027,           1.00279073128986,                 -0.00459920400919184
         485,3057.96908791892,           1.00259103940416,                  -0.0029555582556952
         486,3057.96816913513,           1.00271976863091,                 -0.00213379554627628
         487,3057.96725035135,           1.00268597109258,                 -0.00114855208601671
         488,3057.96633156756,           1.00248817828281,                 -0.00147617696409446
         489,3057.96541278378,           1.00229052816595,                 -0.00147564448773002
         490,     3057.964494,           1.00225692196492,                 -0.00147511239536946
         491,3057.96357521621,           1.00222333999079,                  -0.0013107383880867
         492,3057.96265643243,            1.0021914236392,                -0.000655134122333195
         493,3057.96173764865,           1.00232161393099,                 0.000163724536741423
         494,3057.96081886486,           1.00228968528693,                  0.00130932682597901
         495,3057.95990008108,           1.00209417231112,                  0.00163607211805896
         496, 3057.9589812973,            1.0019004379839,                  0.00261678207765955
         497,3057.95806251351,           1.00235916534921,                  0.00277933547723643
         498,3057.95714372973,           1.00200204290092,                  0.00261491317671093
         499,3057.95622494594,           1.00197192256732,                  0.00277735572862294
         500,3057.95530616216,            1.0019418236811,                  0.00228641980954123
         501,3057.95438737838,           1.00191174621936,                  0.00228560606926366
         502,3057.95346859459,           1.00204488965266,                  0.00212159341457404
         503,3057.95254981081,           1.00169014819794,                  0.00261026748716075
         504,3057.95163102703,           1.00182490977379,                  0.00293551170046039
         505,3057.95071224324,           1.00163352342199,                  0.00326052579238928
         506,3057.94979345946,           1.00144227243467,                  0.00309640409703153
         507,3057.94887467568,           1.00206571179085,                  0.00211784331869306
         508,3057.94795589189,           1.00171322111626,                  0.00130282974620877
         509,3057.94703710811,           1.00184936769858,                -0.000325592904679421
         510,3057.94611832432,           1.00182267933863,                 -0.00195287071995834
         511,3057.94519954054,           1.00179600973489,                 -0.00260291265926572
         512,3057.94428075676,           1.00176935886761,                   -0.002439373438801
         513,3057.94336197297,           1.00158178717566,                 -0.00162568055052046
         514,3057.94244318919,            1.0015568578124,                 -0.00113757877733033
         515, 3057.9415244054,            1.0016944003561,                 -0.00048736347730592
         516,3057.94060562162,           1.00183184685241,                -0.000649591082413621
         517,3057.93968683784,           1.00180685631353,                -0.000974046530202748
         518,3057.93876805405,           1.00145893953434,                 -0.00146056238143073
         519,3057.93784927027,           1.00176017780229,                 -0.00178451205762352
         520,3057.93693048648,           1.00157469077841,                 -0.00178389274588123
         521, 3057.9360117027,           1.00138933245575,                 -0.00162115805804719
         522,3057.93509291892,           1.00152822186605,                   -0.001458536245436
         523,3057.93417413513,           1.00166701497397,                 -0.00178203738714438
         524,3057.93325535135,           1.00164538676306,                -0.000971685096293993
         525,3057.93233656757,           1.00146188179641,                 -0.00113324170264709
         526,3057.93141778378,            1.0017640109401,                 -0.00145652279458174
         527,     3057.930499,           1.00141881146633,                 -0.00210314128417807
         528,3057.92958021621,           1.00188409195663,                 -0.00194069557763995
         529,3057.92866143243,           1.00154070749676,                 -0.00242503803267981
         530,3057.92774264865,           1.00151916736699,                 -0.00242420324520008
         531,3057.92682386486,           1.00149926006346,                 -0.00193869835792249
         532,3057.92590508108,           1.00164248695458,                 -0.00161503142043628
         533, 3057.9249862973,           1.00178399890215,                 -0.00113013505113861
         534,3057.92406751351,           1.00160424527845,                -0.000968357310936305
         535,3057.92314872973,            1.0015859519826,                -0.000806689716480832
         536,3057.92222994595,            1.0014063880986,                 -0.00161283038830504
         537,3057.92131116216,           1.00154940273024,                 -0.00193473806065081
         538,3057.92039237838,            1.0013699734064,                  -0.0032234668385849
         539,3057.91947359459,           1.00119227918667,                 -0.00418908903425386
         540,3057.91855481081,           1.00117415695048,                 -0.00450979349977693
         541,3057.91763602702,           1.00131866857946,                 -0.00418624945860524
         542,3057.91671724324,           1.00146469442611,                 -0.00370197492314378
         543,3057.91579845946,           1.00128720836685,                 -0.00289621882542237
         544,3057.91487967567,           1.00159238230043,                 -0.00160846697013077
         545,3057.91396089189,           1.00125579054507,                -0.000964755860489871
         546,3057.91304210811,            1.0014016408199,                -0.000321477252269629
         547,3057.91212332432,           1.00122602384239,                 0.000321369290271991
         548,3057.91120454054,           1.00121115548088,                  0.00016063070038198
         549,3057.91028575676,           1.00119790479066,                -0.000321154099371501
         550,3057.90936697297,           1.00134518638376,                -0.000160523434816249
         551,3057.90844818919,           1.00116982337111,                -0.000641878392929068
         552, 3057.9075294054,           1.00115659975713,                -0.000160416055080457
         553,3057.90661062162,           1.00146571603596,                                    0
         554,3057.90569183784,           1.00129209322308,                -0.000320618665777484
         555,3057.90477305405,           1.00128044666595,                 -0.00128204922748521
         556,3057.90385427027,           1.00110860482403,                 -0.00192243611103991
         557,3057.90293548649,           1.00141732661771,                 -0.00240224850460031
         558, 3057.9020167027,           1.00124555331064,                 -0.00256154922497126
         559,3057.90109791892,           1.00091385002937,                 -0.00224061303172548
         560,3057.90017913513,           1.00106394041934,                 -0.00175990144551905
         561,3057.89926035135,            1.0012123305856,                 -0.00063975228791412
         562,3057.89834156757,           1.00104245276985,                 0.000479656182448421
         563,3057.89742278378,           1.00135218507354,                  0.00159832751009344
         564,     3057.896504,            1.0015035335435,                  0.00159780397821234
         565,3057.89558521621,           1.00117399950484,                 0.000958366942729589
         566,3057.89466643243,           1.00100595589762,                 0.000319351078608268
         567,3057.89374764865,           1.00131689213456,                -0.000957739734227224
         568,3057.89282886486,           1.00130848279824,                 -0.00127656858364716
         569,3057.89191008108,           1.00114056007083,                 -0.00191422669229603
         570, 3057.8909912973,           1.00145114736322,                 -0.00207306766173914
         571,3057.89007251351,            1.0011254690783,                 -0.00191297860333432
         572,3057.88915372973,           1.00111872866527,                 -0.00143426751957775
         573,3057.88823494595,           1.00111199263345,                 -0.00111517885875782
         574,3057.88731616216,           1.00158303949954,                 -0.00127407605597016
         575,3057.88639737838,           1.00141694926048,                 -0.00111445447453472
         576,3057.88547859459,           1.00109340408363,                 -0.00127325075241162
         577,3057.88455981081,           1.00108668500613,                 -0.00127283748888256
         578,3057.88364102703,           1.00092250922509,                 -0.00111337320269754
         579,3057.88272224324,           1.00107644338019,                  -0.0004770059291837
         580,3057.88180345946,           1.00091396781244,                -0.000158950923902245
         581,3057.88088467567,           1.00090890600768,                 0.000476698955075891
         582,3057.87996589189,           1.00074658872492,                  0.00127078931901577
         583,3057.87904710811,           1.00090197099719,                  0.00111158397540541
         584,3057.87812832432,            1.0008985068277,                                    0
         585,3057.87720954054,           1.00073634897863,                -0.000952175403404979
         586,3057.87629075676,           1.00089158514955,                 -0.00237967566607122
         587,3057.87537197297,           1.00073112051753,                 -0.00380626733635826
         588,3057.87445318919,            1.0008862591777,                 -0.00459776675370715
         589,3057.87353440541,           1.00088439190924,                 -0.00491328838466927
         590,3057.87261562162,           1.00088252583012,                 -0.00554549444420678
         591,3057.87169683784,           1.00088224625916,                 -0.00491016769014624
         592,3057.87077805405,           1.00088038204781,                 -0.00427523656308982
         593,3057.86985927027,             1.000880103333,                 -0.00443217505825144
         594,3057.86894048649,           1.00087824098616,                 -0.00427252371646267
         595, 3057.8680217027,           1.00087796312555,                 -0.00506212973289356
         596,3057.86710291892,           1.00071954391985,                 -0.00490238714625719
         597,3057.86618413513,           1.00087899023625,                 -0.00490084484241413
         598,3057.86526535135,           1.00072067060296,                 -0.00410908677126927
         599,3057.86434656757,             1.000880016052,                 -0.00363381852710276
         600,3057.86342778378,           1.00056543397848,                 -0.00363267639802761
         601,     3057.862509,           1.00040894241807,                 -0.00394732063769754
         602,3057.86159021621,           1.00088392208858,                  -0.0044196104429081
         603,3057.86067143243,           1.00041184146786,                  -0.0045760163095533
         604,3057.85975264865,           1.00041486772345,                 -0.00457458706464522
         605,3057.85883386486,           1.00073328234524,                 -0.00410007332823452
         606,3057.85791508108,           1.00057856047218,                 -0.00315291810452869
         607, 3057.8569962973,           1.00073912858473,                  -0.0022063539842813
         608,3057.85607751351,           1.00042695386535,                 -0.00110283286252873
         609,3057.85515872973,           1.00058746911062,                                    0
         610,3057.85423994595,           1.00011966167237,                  0.00110214698232156
         611,3057.85332116216,            1.0004391480842,                  0.00141660672321551
         612,3057.85240237838,           1.00044373251426,                  0.00141616759871475
         613,3057.85148359459,          0.999976404520894,                   0.0014157287463722
         614,3057.85056481081,           1.00029563839022,                  0.00094352677728994
         615,3057.84964602703,           1.00014462952832,                 0.000471618027127469
         616,3057.84872724324,           1.00014929947117,                -0.000157157338069008
         617,3057.84780845946,           1.00015553785461,                -0.000314217888110152
         618,3057.84688967567,            1.0000047118174,                -0.000628242319344995
         619,3057.84597089189,          0.999853978611792,                -0.000314024490770035
         620,3057.84505210811,            0.9998603020928,                                    0
         621,3057.84413332432,            1.0000251065459,                 -0.00015691591190113
         622,3057.84321454054,          0.999876074349116,                -0.000156867912511628
         623,3057.84229575676,          0.999725565531031,                -0.000627278786215549
         624,3057.84137697297,            0.9998902597708,                -0.000627087024001756
         625,3057.84045818919,          0.999742972491788,                -0.000313448180746759
         626,3057.83953940541,          0.999750884828886,                 0.000470028624743247
         627,3057.83862062162,            0.9999154206881,                  0.00172291190908037
         628,3057.83770183784,          0.999768260450201,                  0.00297503476093247
         629,3057.83678305405,          0.999621189589914,                  0.00422639713732034
         630,3057.83586427027,           0.99978717943903,                   0.0057899711440357
         631,3057.83494548649,          0.999796630320855,                  0.00672684323326502
         632, 3057.8340267027,          0.999649684716245,                  0.00719397457711941
         633,3057.83310791892,          0.999973421594485,                  0.00672277315956268
         634,3057.83218913513,          0.999828073959457,                  0.00609555961926197
         635,3057.83127035135,          0.999681251992175,                  0.00499996875019531
         636,3057.83035156757,          0.999848484138476,                  0.00468605757290334
         637,3057.82943278378,          0.999859460641172,                  0.00437233560798888
         638,     3057.828514,          0.999871991407814,                  0.00390270098129513
         639,3057.82759521621,          0.999726893215247,                  0.00358940345675159
         640,3057.82667643243,          0.999895470437636,                  0.00296427117152677
         641,3057.82575764865,          0.999596044038998,                  0.00265144839267639
         642,3057.82483886486,          0.999920480360988,                  0.00218289205131044
         643,3057.82392008108,           1.00008884829232,                  0.00155874197053042
         644, 3057.8230012973,          0.999789632792352,                 0.000934965367324519
         645,3057.82208251351,          0.999803715693086,                  0.00124624956770718
         646,3057.82116372973,          0.999660498537652,                  0.00155734615755983
         647,3057.82024494594,          0.999830299746695,                  0.00233532458676431
         648,3057.81932616216,                          1,                  0.00264591439688716
         649,3057.81840737838,           0.99985840785074,                  0.00248953229467971
         650,3057.81748859459,          0.999872449376402,                  0.00217769357362626
         651,3057.81656981081,           1.00004354100318,                  0.00124402866242038
         652,3057.81565102703,           1.00021297665185,                 0.000155457410110639
         653,3057.81473224324,           1.00007304340799,                -0.000932469038142646
         654,3057.81381345946,           1.00024392403864,                 -0.00139829066734199
         655,3057.81289467567,           1.00010406425269,                 -0.00217447692181047
         656,3057.81197589189,           0.99996428698975,                 -0.00108691770324973
         657,3057.81105710811,           1.00029182939778,                -0.000776142015361403
         658,3057.81013832432,           1.00015207898175,                 0.000155182634442475
         659,3057.80921954054,           1.00016909947548,                  0.00031027426693826
         660,3057.80830075676,             1.000186109991,                 0.000465274977511709
         661,3057.80738197297,            1.0002031105371,                 0.000465138634570034
         662,3057.80646318919,           1.00022010112252,                                    0
         663, 3057.8055444054,           1.00039203715211,                -0.000309910792178471
         664,3057.80462562162,            1.0004105122108,                -0.000774551341135647
         665,3057.80370683784,             1.000427427198,                -0.000929189560865014
         666,3057.80278805405,           1.00029106132105,                -0.000928919109723925
         667,3057.80186927027,           1.00030954960532,                -0.000773874013310633
         668,3057.80095048649,           1.00048275691333,                -0.000309459559824722
         669, 3057.8000317027,            1.0003480413009,                -0.000154685022622685
         670,3057.79911291892,           1.00036649692344,                -0.000309280104165539
         671,3057.79819413513,           1.00054108371338,                -0.000772976733400325
         672,3057.79727535135,           1.00086857340682,                -0.000618201713036947
         673,3057.79635656757,            1.0004248908803,                -0.000772528873266638
         674,3057.79543778378,           1.00029038695607,                -0.000617844587372492
         675,     3057.794519,           1.00031037725506,                -0.000772082724031384
         676,3057.79360021622,           1.00048627245151,                -0.000154372206827883
         677,3057.79268143243,           1.00066052236825,                 0.000308655312266579
         678,3057.79176264865,           1.00052764912259,                 0.000462850107535508
         679,3057.79084386486,           1.00054754798757,                 0.000462716609212688
         680,3057.78992508108,           1.00026058893098,                -0.000154194633718357
         681, 3057.7890062973,           1.00043624569728,                 -0.00138735380759252
         682,3057.78808751351,           1.00045923729623,                 -0.00154106475245877
         683,3057.78716872973,           1.00063473673832,                   -0.001386560836127
         684,3057.78624994595,           1.00034962180778,                 -0.00123214734017894
         685,3057.78533116216,           1.00037107808191,                -0.000461922923540978
         686,3057.78441237838,           1.00008620105781,                                    0
         687,3057.78349359459,            1.0005709194265,                 0.000769433189346736
         688,3057.78257481081,           1.00043999052328,                  0.00030768568061611
         689,3057.78165602703,           1.00030913612602,                 0.000153799067670052
         690,3057.78073724324,           1.00033364955726,                -0.000768777781707086
         691,3057.77981845946,           1.00020289962002,                 -0.00184454200022134
         692,3057.77889967567,           1.00038109756098,                 -0.00230502557041699
         693,3057.77798089189,           1.00071281969349,                 -0.00199712414123662
         694,3057.77706210811,           1.00058360978007,                -0.000921489126428308
         695,3057.77614332432,           1.00014739660742,                -0.000153538132730645
         696,3057.77522454054,           1.00047890367896,                  0.00107446338228793
         697,3057.77430575676,           1.00050485597794,                 0.000920709990163748
         698,3057.77338697297,           1.00037585045754,                                    0
         699,3057.77246818919,           1.00024845177735,                -0.000766826473303703
         700,3057.77154940541,          0.999967802324672,                 -0.00199318942505684
         701,3057.77063062162,           1.00014714808616,                 -0.00245246810258674
         702,3057.76971183784,           1.00001992071555,                 -0.00291148919607654
         703,3057.76879305405,           1.00035234462368,                 -0.00291067297823123
         704,3057.76787427027,           1.00007351229493,                 -0.00229725921660398
         705,3057.76695548649,           1.00009952000735,                 -0.00153107703614107
         706, 3057.7660367027,           1.00028010904354,                -0.000306130102232148
         707,3057.76511791892,           1.00030757506897,                 0.000612089689502203
         708,3057.76419913513,           1.00018204598267,                  0.00152979817372694
         709,3057.76328035135,           1.00036246124953,                  0.00259993301349059
         710,3057.76236156757,           1.00023698675168,                  0.00290499889151358
         711,3057.76144278378,           1.00011158206555,                  0.00366845147020835
         712,     3057.760524,          0.999987775210572,                  0.00427867629980074
         713,3057.75960521622,           1.00001527673811,                  0.00458302143326357
         714,3057.75868643243,           1.00004429029386,                  0.00412357908337419
         715,3057.75776764865,           1.00007328781346,                  0.00351170772819993
         716,3057.75684886486,          0.999949628548707,                  0.00213697066091923
         717,3057.75593008108,          0.999978636195778,                 0.000152598601586415
         718, 3057.7550112973,           1.00016171009956,                 -0.00137301027927029
         719,3057.75409251351,           1.00003812864605,                  -0.0030502916841423
         720,3057.75317372973,            1.0000686127269,                 -0.00335439998170327
         721,3057.75225494595,          0.999945124962655,                 -0.00335347450444793
         722,3057.75133616216,          0.999975617784388,                 -0.00228583271361869
         723,3057.75041737838,          0.999853746823564,                 -0.00152347058787683
         724,3057.74949859459,            1.0000365532703,                -0.000456915878740618
         725,3057.74857981081,          0.999916254920023,                 0.000304527563551096
         726,3057.74766102703,           0.99994672227846,                  0.00106555443080366
         727,3057.74674224324,          0.999522152929324,                  0.00121744476605277
         728,3057.74582345946,          0.999856989414174,                 0.000912833526549763
         729,3057.74490467568,          0.999888968824575,                 0.000608390002327092
         730,3057.74398589189,          0.999768874724018,                 0.000760280513098113
         731,3057.74306710811,          0.999648845980199,                  0.00136813254468093
         732,3057.74214832432,          0.999528882539779,                  0.00197565386544277
         733,3057.74122954054,          0.999712848437151,                   0.0022789806575315
         734,3057.74031075676,           0.99944256015262,                  0.00243025546541671
         735,3057.73939197297,          0.999626449784829,                  0.00197404585252966
         736,3057.73847318919,          0.999508139979718,                   0.0016698951305858
         737,3057.73755440541,          0.999693429371894,                   0.0012141411014081
         738,3057.73663562162,          0.999575165382048,                 0.000910359895612065
         739,3057.73571683784,          0.999608650937873,                 0.000910114097970749
         740,3057.73479805405,          0.999642118416344,                  0.00181973686604917
         741,3057.73387927027,           0.99937236019854,                  0.00288047251877613
         742,3057.73296048649,          0.999710514390163,                  0.00424376810232331
         743, 3057.7320417027,          0.999592405097815,                  0.00590936847033724
         744,3057.73112291892,          0.999627355160828,                   0.0068166738872916
         745,3057.73020413513,          0.999359404412689,                   0.0074206108222794
         746,3057.72928535135,          0.999394398183195,                  0.00741862225586677
         747,3057.72836656757,          0.999429373203547,                  0.00635711550424792
         748,3057.72744778378,           0.99931301013537,                    0.005447496723936
         749,     3057.726529,          0.999499267054041,                  0.00453836506911174
         750,3057.72565691111,          0.999384459027203,                  0.00438591847938694
         751,3057.72478482222,          0.999268201226519,                  0.00423354662344417
         752,3057.72391273333,          0.999455831670597,                  0.00408126247052422
         753,3057.72304064444,           0.99964185167219,                  0.00423128826104631
         754,3057.72216855556,          0.999527128187541,                  0.00377693140941483
         755,3057.72129646667,            0.9994124656957,                  0.00317177902064526
         756,3057.72042437778,          0.999750855020271,                  0.00226495436116962
         757,3057.71955228889,          0.999486745969446,                  0.00166052774590906
         758,    3057.7186802,          0.999975853284557,                 0.000905501829113695
         759,3057.71780811111,          0.999711824692852,                  0.00105613986912918
         760,3057.71693602222,          0.999898939162884,                  0.00135753363289576
         761,3057.71606393333,          0.999635070618359,                  0.00226195897711199
         762,3057.71519184444,          0.999823613747273,                  0.00271363465733578
         763,3057.71431975556,           1.00001205741742,                  0.00301435435544061
         764,3057.71344766667,           0.99974836778083,                  0.00271220355991785
         765,3057.71257557778,          0.999936731933201,                  0.00225957381425098
         766,3057.71170348889,          0.999823799691875,                  0.00120478843162148
         767,    3057.7108314,           1.00001355031911,                                    0
         768,3057.70995931111,          0.999900657167886,                -0.000602077770385601
         769,3057.70908722222,           0.99993980798748,                 -0.00105336021909893
         770,3057.70821513333,           1.00012787435217,                 -0.00105308290019031
         771,3057.70734304444,           1.00001654411488,                -0.000752005221924261
         772,3057.70647095556,           1.00005563382717,                -0.000902170170344764
         773,3057.70559886667,           1.00009470309078,                -0.000901934197887369
         774,3057.70472677778,           1.00013525495559,                 -0.00120226627192257
         775,3057.70385468889,           1.00017428303565,                 -0.00120195196999928
         776,    3057.7029826,           1.00036349544429,                -0.000751023645228446
         777,3057.70211051111,           1.00025378004628,                -0.000450497123575866
         778,3057.70123842222,           1.00029274663904,                -0.000150126481560715
         779,3057.70036633333,           1.00048328175326,                                    0
         780,3057.69949424444,           1.00052366940705,                 0.000150048540702917
         781,3057.69862215556,            1.0004140264977,                -0.000600038402457757
         782,3057.69775006667,           1.00060438184335,                -0.000899824084391501
         783,3057.69687797778,           1.00064470665847,                 -0.00194911315351515
         784,3057.69600588889,           1.00068501055995,                 -0.00269807222739353
         785,    3057.6951338,           1.00087664746034,                 -0.00299708533451219
         786,3057.69426171111,           1.00061723956086,                 -0.00269667769308212
         787,3057.69338962222,           1.00080879489561,                 -0.00149776832519546
         788,3057.69251753333,           1.00085051330275,                 0.000149738257525845
         789,3057.69164544444,           1.00089071189587,                  0.00239519165275709
         790,3057.69077335556,           1.00078272673259,                  0.00434016735086661
         791,3057.68990126667,           1.00067479714939,                  0.00583527468433408
         792,3057.68902917778,           1.00086758810507,                  0.00688087117812481
         793,3057.68815708889,           1.00090923773576,                  0.00658000992983317
         794,     3057.687285,           1.00095086594584,                  0.00612979619175198
         795,3057.68641291111,           1.00069353517598,                  0.00493247000161426
         796,3057.68554082222,           1.00073669283196,                   0.0037357648679706
         797,3057.68466873333,           1.00077982843774,                  0.00253967115740284
         798,3057.68379664444,           1.00097080128444,                  0.00104547830632514
         799,3057.68292455556,           1.00116317093237,                 -0.00044794772748652
         800,3057.68205246667,           1.00105688678175,                 -0.00238844470451953
         801,3057.68118037778,           1.00080141718018,                 -0.00373099245891804
         802,3057.68030828889,           1.00099368280332,                 -0.00447604866360107
         803,    3057.6794362,           1.00118734375093,                 -0.00596655151222248
         804,3057.67856411111,           1.00137941319017,                 -0.00641240726242404
         805,3057.67769202222,           1.00097503376837,                  -0.0071562111440098
         806,3057.67681993333,           1.00116855165177,                 -0.00745249777915566
         807,3057.67594784444,           1.00136197149099,                 -0.00700357331251136
         808,3057.67507575556,           1.00140482706326,                 -0.00655486646694187
         809,3057.67420366667,           1.00130021580902,                 -0.00580852423271629
         810,3057.67333157778,           1.00119565751485,                 -0.00521145865749847
         811,3057.67245948889,           1.00138887441628,                  -0.0047635564116725
         812,    3057.6715874,           1.00128434659797,                 -0.00476235123233279
         813,3057.67071531111,           1.00147744332376,                 -0.00431478916303505
         814,3057.66984322222,             1.001225687069,                 -0.00431370449041763
         815,3057.66897113333,           1.00156741210447,                 -0.00312292734286471
         816,3057.66809904444,           1.00131427144165,                 -0.00237877184009896
         817,3057.66722695556,           1.00136001843085,                 -0.00163499483490268
         818,3057.66635486667,           1.00140574244302,                 -0.00163458423606963
         819,3057.66548277778,           1.00130139469102,                 -0.00163417141566784
         820,3057.66461068889,           1.00149563414442,                 -0.00207933247486607
         821,    3057.6637386,           1.00124431668008,                 -0.00252427011472065
         822,3057.66286651111,           1.00143847299189,                 -0.00282053527821612
         823,3057.66199442222,            1.0013357079252,                 -0.00296823983377857
         824,3057.66112233333,           1.00138285497234,                    -0.00178049996439
         825,3057.66025024444,           1.00128015522067,                -0.000741689003867166
         826,3057.65937815555,            1.0014741081942,                 0.000148300623159219
         827,3057.65850606667,           1.00137292171381,                  0.00163090052396386
         828,3057.65763397778,           1.00127030147797,                  0.00237162469632087
         829,3057.65676188889,           1.00146559555194,                  0.00251922390121086
         830,    3057.6558898,            1.0012163341378,                  0.00266674963221078
         831,3057.65501771111,           1.00111531266524,                  0.00222173837697568
         832,3057.65414562222,           1.00145857858925,                  0.00103655331215803
         833,3057.65327353333,           1.00135754711814,                -0.000592168862872937
         834,3057.65240144444,           1.00125656588979,                 -0.00207207567220355
         835,3057.65152935556,           1.00130360347963,                 -0.00310734087085447
         836,3057.65065726667,           1.00120268585047,                 -0.00355036413422152
         837,3057.64978517778,           1.00110181837005,                 -0.00340158691424304
         838,3057.64891308889,           1.00115033963112,                 -0.00325288841705578
         839,     3057.648041,           1.00149300063563,                  -0.0035477242826945
         840,3057.64716891111,           1.00109804524301,                 -0.00354684869882378
         841,3057.64629682222,           1.00114653144688,                 -0.00369372244483056
         842,3057.64542473333,             1.001488939308,                 -0.00354509359047079
         843,3057.64455264444,           1.00109427771026,                 -0.00369189510882968
         844,3057.64368055556,           1.00129036830123,                 -0.00428154241827421
         845,3057.64280846667,           1.00133875921965,                 -0.00472329603405496
         846,3057.64193637778,           1.00138712628752,                 -0.00516483192161261
         847,3057.64106428889,           1.00143546952246,                 -0.00560615024187588
         848,    3057.6401922,           1.00148526607207,                 -0.00663723666763521
         849,3057.63932011111,           1.00123864574732,                 -0.00722543352601156
         850,3057.63844802222,           1.00099214685543,                 -0.00737107619186616
         851,3057.63757593333,           1.00148417153898,                 -0.00722188732971453
         852,3057.63670384444,           1.00109038399198,                  -0.0072201102171927
         853,3057.63583175556,           1.00128751697784,                   -0.006629091991173
         854,3057.63495966667,           1.00118999929307,                 -0.00589108560925607
         855,3057.63408757778,           1.00109105526099,                 -0.00559515518457386
         856,3057.63321548889,           1.00099363338608,                 -0.00529937805910279
         857,    3057.6323434,           1.00104342809544,                 -0.00500374545063879
         858,3057.63147131111,           1.00094606544183,                 -0.00500252333162169
         859,3057.63059922222,            1.0005545561124,                 -0.00411871913718718
         860,3057.62972713333,           1.00075148274457,                  -0.0036765300615157
         861,3057.62885504444,           1.00080275937508,                 -0.00279348500486654
         862,3057.62798295556,           1.00055856067733,                 -0.00161688617121355
         863,3057.62711086667,           1.00060838871042,                                    0
         864,3057.62623877778,           1.00065966258773,                  0.00117534536789045
         865,3057.62536668889,           1.00070944174426,                  0.00235011757932014
         866,    3057.6244946,           1.00046697269531,                  0.00323062870971626
         867,3057.62362251111,           1.00051677462167,                  0.00337665235749059
         868,3057.62275042222,           1.00042124544813,                  0.00337583460171757
         869,3057.62187833333,           1.00047250241387,                  0.00322827736185174
         870,3057.62100624445,           1.00052373456487,                  0.00322749591795119
         871,3057.62013415556,           1.00042827306221,                  0.00366672142303992
         872,3057.61926206667,           1.00018622438132,                  0.00439900113347596
         873,3057.61838997778,           1.00038408650449,                  0.00454453497679355
         874,3057.61751788889,           1.00043529047945,                  0.00439687352979541
         875,    3057.6166458,           1.00033994267863,                  0.00424928348288858
         876,3057.61577371111,            1.0003911325705,                  0.00366228998598075
         877,3057.61490162222,           1.00044376293393,                  0.00322204110445711
         878,3057.61402953333,           1.00020206102243,                   0.0024891575226733
         879,3057.61315744444,           1.00025471142952,                  0.00190301642742334
         880,3057.61228535556,           1.00030587260772,                  0.00146350530008444
         881,3057.61141326667,           1.00021215734759,                   0.0011705232970715
         882,3057.61054117778,            1.0001170240777,                 0.000877680582779907
         883,3057.60966908889,           1.00016964421513,                 0.000146245013045055
         884,     3057.608797,           1.00022223911759,                                    0
         885,3057.60792491111,            1.0001286339079,                  -0.0005846995813551
         886,3057.60705282222,           1.00047349315189,                 -0.00102297903185264
         887,3057.60618073333,           1.00052597744141,                 -0.00116883875869324
         888,3057.60530864444,           1.00028629689572,                 -0.00131462860281272
         889,3057.60443655556,            1.0001927660171,                 -0.00160638347586336
         890,3057.60356446667,            1.0002452798234,                -0.000729999474400378
         891,3057.60269237778,           1.00029776848792,                                    0
         892,3057.60182028889,           1.00049616204069,                 0.000729650059831305
         893,    3057.6009482,            1.0001123393875,                  0.00160484839289023
         894,3057.60007611111,            1.0001648222618,                  0.00277134776476217
         895,3057.59920402222,           1.00007145450754,                  0.00349981261419961
         896,3057.59833193333,           1.00027117102144,                  0.00408214440877428
         897,3057.59745984444,           1.00017782234673,                  0.00393541259157122
         898,3057.59658775555,           1.00023169702772,                  0.00335159222488892
         899,3057.59571566667,           1.00013985932483,                  0.00233098874715182
         900,3057.59484357778,           1.00033791263211,                  0.00233043194556111
         901,3057.59397148889,           1.00053732829885,                  0.00189302652712634
         902,    3057.5930994,           1.00029990071248,                  0.00145582870137168
         903,3057.59222731111,           1.00035368244556,                  0.00101883832054691
         904,3057.59135522222,           1.00011641104741,                 0.000873082855562993
         905,3057.59048313333,           1.00017021078496,                 0.000145479303386904
         906,3057.58961104444,           1.00036942982724,                -0.000436334441622815
         907,3057.58873895555,           1.00027773375076,                -0.000290820681421939
         908,3057.58786686667,           1.00033145701526,                 -0.00101763118719762
         909,3057.58699477778,           1.00053049626836,                -0.000872048660315246
         910,3057.58612268889,           1.00058413421719,                -0.000581228076803478
         911,    3057.5852506,            1.0002033819513,                -0.000581091289441571
         912,3057.58437851111,           1.00040231045296,                -0.000871430584018254
         913,3057.58350642222,           1.00045594073351,                -0.000435612165776566
         914,3057.58263433333,           1.00022065825843,                                    0
         915,3057.58176224444,           1.00027430621572,                 0.000435406691620308
         916,3057.58089015556,           1.00032938028623,                 0.000870608686062861
         917,3057.58001806667,           1.00067311151601,                  0.00116053709656829
         918,3057.57914597778,           1.00043799982016,                 0.000435099159098359
         919,3057.57827388889,           1.00049299654902,                 0.000144998985007105
         920,    3057.5774018,           1.00069148172792,                -0.000724823614173491
         921,3057.57652971111,           1.00045653166373,                 -0.00188409892968688
         922,3057.57565762222,           1.00051148523431,                 -0.00304283000578138
         923,3057.57478553333,            1.0007112756751,                 -0.00391129189971448
         924,3057.57391344444,            1.0006213150154,                 -0.00448968892248914
         925,3057.57304135556,           1.00053139655939,                 -0.00506781459907071
         926,3057.57216926667,           1.00058628102404,                 -0.00521138688033353
         927,3057.57129717778,           1.00064113975255,                 -0.00521016503197739
         928,3057.57042508889,           1.00040658699877,                 -0.00491955799218369
         929,     3057.569553,           1.00046146212611,                 -0.00462908715847824
         930,3057.56868091111,           1.00051631153978,                  -0.0043387524351248
         931,3057.56780882222,           1.00057113525784,                 -0.00404855372647682
         932,3057.56693673333,           1.00033681861089,                 -0.00375849093697733
         933,3057.56606464444,           1.00053618218054,                  -0.0033240404723606
         934,3057.56519255555,            1.0004479186233,                 -0.00332326720513228
         935,3057.56432046667,           1.00035825104153,                 -0.00390031375857347
         936,3057.56344837778,           1.00055746995295,                 -0.00462151256329306
         937,3057.56257628889,           1.00032487456232,                 -0.00476482691405263
         938,    3057.5617042,           1.00037965346156,                  -0.0046193577071818
         939,3057.56083211111,           1.00029152920055,                 -0.00432964159226899
         940,3057.55996002222,           1.00049057801633,                 -0.00447291720774536
         941,3057.55908793333,           1.00040246905388,                 -0.00447187837644849
         942,3057.55821584444,           1.00031295835058,                 -0.00461505401776507
         943,3057.55734375555,           1.00036911861396,                 -0.00475816963307303
         944,3057.55647166666,           1.00042381066331,                 -0.00475705846569008
         945,3057.55559957778,           1.00019167938524,                 -0.00389123564025959
         946,3057.55472748889,           1.00010374221213,                 -0.00331398733192321
         947,    3057.5538554,           1.00015989881718,                 -0.00273700678057417
         948,3057.55298331111,           1.00021458887508,                 -0.00244832944721042
         949,3057.55211122222,          0.999982721680835,                 -0.00230377588868155
         950,3057.55123913333,          0.999894914585712,                 -0.00230324195700711
         951,3057.55036704445,          0.999807148182156,                 -0.00230270827276731
         952,3057.54949495555,           1.00000719429636,                 -0.00230217483579019
         953,3057.54862286667,          0.999919442542393,                 -0.00302090466024892
         954,3057.54775077778,          0.999974112564323,                  -0.0023011053935034
         955,3057.54687868889,           0.99974262342932,                 -0.00201300111146419
         956,    3057.5460066,          0.999654993962394,                 -0.00143752515669024
         957,3057.54513451111,          0.999854843554407,                -0.000287438506124596
         958,3057.54426242222,          0.999623542664686,                 0.000718430029225734
         959,3057.54339033333,          0.999824743363951,                  0.00100557086257869
         960,3057.54251824445,          0.999593556068438,                 0.000143619763802936
         961,3057.54164615556,          0.999936821912458,                -0.000143586562595126
         962,3057.54077406667,           0.99956216220096,                -0.000717766883671521
         963,3057.53990197778,          0.999474716045272,                 -0.00129168185588849
         964,3057.53902988889,          0.999243823241172,                  -0.0015783575611219
         965,    3057.5381578,          0.999443398824826,                 -0.00200835475578406
         966,3057.53728571111,          0.999214052962504,                 -0.00229473587590068
         967,3057.53641362222,          0.999126767793361,                 -0.00272436977440784
         968,3057.53554153333,          0.999326232492796,                 -0.00315380535286781
         969,3057.53466944445,          0.998952318300319,                 -0.00343972103862377
         970,3057.53379735556,           0.99900987403477,                 -0.00358222129243678
         971,3057.53292526667,           0.99892271635924,                  -0.0032948834757296
         972,3057.53205317778,           0.99912204441911,                  -0.0031509009428355
         973,3057.53118108889,          0.998893141630619,                  -0.0021478493584374
         974,     3057.530309,          0.998949227954545,                  -0.0012884125897952
         975,3057.52943691111,          0.998719040496926,                -0.000858743800943187
         976,3057.52856482222,          0.998633479047871,                -0.000286182398351589
         977,3057.52769273333,          0.998689586504458,                 0.000429174725614292
         978,3057.52682064444,          0.998604071077955,                 0.000572102017231713
         979,3057.52594855555,          0.998517166973862,                  0.00114394061804252
         980,3057.52507646667,          0.998145810489537,                  0.00142959869734967
         981,3057.52420437778,          0.998487832626798,                  0.00128634275603223
         982,3057.52333228889,          0.998259547482345,                   0.0007144714768697
         983,    3057.5224602,          0.998172802326927,                 0.000285722857400008
         984,3057.52158811111,          0.998373180182792,                -0.000571315124568121
         985,3057.52071602222,          0.998143652720263,                 -0.00114236755676139
         986,3057.51984393333,          0.998058418753391,                   -0.001998686577392
         987,3057.51897184444,          0.997971799303761,                 -0.00228368832792623
         988,3057.51809975555,          0.997743945683459,                 -0.00185507312555563
         989,3057.51722766667,          0.997800103289573,                -0.000998656094227482
         990,3057.51635557778,          0.998000290970501,                 0.000570530393580392
         991,3057.51548348889,          0.997629987080435,                  0.00142600055328821
         992,    3057.5146114,          0.997400997686132,                  0.00313648112479916
         993,3057.51373931111,          0.997458604327642,                  0.00399097469579508
         994,3057.51286722222,          0.997514763218496,                  0.00441756537996762
         995,3057.51199513333,          0.997429847956416,                  0.00427408876427546
         996,3057.51112304445,          0.997629845712072,                  0.00341849176143485
         997,3057.51025095555,          0.997258713375343,                  0.00270568549966179
         998,3057.50937886667,          0.997601030773721,                  0.00256269709632182
         999,3057.50850677778,          0.997373833704603,                  0.00284679273213816
        1000,3057.50763468889,          0.997145321087339,                  0.00270383346662758
        1001,    3057.5067626,          0.997060606146833,                  0.00241866870783336
        1002,3057.50589051111,          0.997118172016398,                  0.00170690699917215
        1003,3057.50501842222,          0.997174293608955,                 0.000995467777419093
        1004,3057.50414633333,          0.996947452679829,                 0.000284354664198468
        1005,3057.50327424444,          0.997289294918174,                  0.00042643498927516
        1006,3057.50240215556,           0.99677688910111,                 0.000426337420488071
        1007,3057.50153006667,          0.996976534039567,                 0.000426240501940815
        1008,3057.50065797778,          0.996891992477144,                 0.000710239379080325
        1009,3057.49978588889,          0.996948089111822,                 0.000994107781165634
        1010,    3057.4989138,          0.996863592542478,                 0.000851898811459175
        1011,3057.49804171111,          0.996637183467264,                 0.000567803551327312
        1012,3057.49716962222,          0.996693300029803,                -0.000141918453656529
        1013,3057.49629753333,          0.996467032733155,                 -0.00113508988493026
        1014,3057.49542544444,          0.996524576211079,                 -0.00141854032200865
        1015,3057.49455335555,          0.996723915417453,                 -0.00184368396420417
        1016,3057.49368126667,          0.996638171709882,                 -0.00170147361794261
        1017,3057.49280917778,          0.996412122518007,                 -0.00155933039517685
        1018,3057.49193708889,           0.99618617584408,                 -0.00127552647355196
        1019,     3057.491065,          0.996383998911799,                  -0.0012752354934878
        1020,3057.49019291111,          0.996441482791056,                -0.000991625018415893
        1021,3057.48932082222,          0.996215683386397,                -0.000991400310449926
        1022,3057.48844873333,          0.996273179351828,                -0.000566386116743506
        1023,3057.48757664445,          0.996329238823148,                                    0
