"SCAN INDEX",      WAVENUMBER,"SCIENCE DIRECT ABSORPTION","SCIENCE HARMONIC ABSORPTION SPECTRA"
           0, 3058.4135858421,                          1,                                    0
           1,3058.41269123684,                          1,                                    0
           2,3058.41179663158,                          1,                                    0
           3,3058.41090202631,                          1,                                    0
           4,3058.41000742105,                          1,                                    0
           5,3058.40911281578,                          1,                                    0
           6,3058.40821821052,                          1,                                    0
           7,3058.40732360526,                          1,                                    0
           8,     3058.406429,                          1,                                    0
           9,3058.40553439473,                          1,                                    0
          10,3058.40463978946,                          1,                                    0
          11, 3058.4037451842,                          1,                                    0
          12,3058.40285057895,                          1,                                    0
          13,3058.40195597368,                          1,                                    0
          14,3058.40106136841,                          1,                                    0
          15,3058.40016676315,                          1,                                    0
          16,3058.39927215789,                          1,                                    0
          17,3058.39837755263,                          1,                                    0
          18,3058.39748294736,                          1,                                    0
          19, 3058.3965883421,                          1,                                    0
          20,3058.39569373683,                          1,                                    0
          21,3058.39479913157,                          1,                                    0
          22,3058.39390452631,                          1,                                    0
          23,3058.39300992105,                          1,                                    0
          24,3058.39211531579,                          1,                                    0
          25,3058.39122071052,                          1,                                    0
          26,3058.39032610526,                          1,                                    0
          27,3058.38943149999,                          1,                                    0
          28,3058.38853689474,                          1,                                    0
          29,3058.38764228947,                          1,                                    0
          30,3058.38674768421,                          1,                                    0
          31,3058.38585307894,                          1,                                    0
          32,3058.38495847368,                          1,                                    0
          33,3058.38406386842,                          1,                                    0
          34,3058.38316926315,                          1,                                    0
          35,3058.38227465789,                          1,                                    0
          36,3058.38138005263,                          1,                                    0
          37,3058.38048544736,                          1,                                    0
          38, 3058.3795908421,                          1,                                    0
          39,3058.37869623684,                          1,                                    0
          40,3058.37780163157,                          1,                                    0
          41,3058.37690702632,                          1,                                    0
          42,3058.37601242105,                          1,                                    0
          43,3058.37511781578,                          1,                                    0
          44,3058.37422321052,                          1,                                    0
          45,3058.37332860526,                          1,                                    0
          46,     3058.372434,                          1,                                    0
          47,3058.37153939473,                          1,                                    0
          48,3058.37064478947,                          1,                                    0
          49, 3058.3697501842,                          1,                                    0
          50,3058.36885557895,                          1,                                    0
          51,3058.36796097368,                          1,                                    0
          52,3058.36706636842,                          1,                                    0
          53,3058.36617176315,                          1,                                    0
          54,3058.36527715789,                          1,                                    0
          55,3058.36438255263,                          1,                                    0
          56,3058.36348794736,                          1,                                    0
          57,3058.36259334211,                          1,                                    0
          58,3058.36169873684,                          1,                                    0
          59,3058.36080413157,                          1,                                    0
          60,3058.35990952631,                          1,                                    0
          61,3058.35901492105,                          1,                                    0
          62,3058.35812031579,                          1,                                    0
          63,3058.35722571053,                          1,                                    0
          64,3058.35633110526,                          1,                                    0
          65,3058.35543649999,                          1,                                    0
          66,3058.35454189473,                          1,                                    0
          67,3058.35364728947,                          1,                                    0
          68,3058.35275268421,                          1,                                    0
          69,3058.35185807894,                          1,                                    0
          70,3058.35096347368,                          1,                                    0
          71,3058.35006886841,                          1,                                    0
          72,3058.34917426315,                          1,                                    0
          73,3058.34827965789,                          1,                                    0
          74,3058.34738505263,                          1,                                    0
          75,3058.34649044737,                          1,                                    0
          76, 3058.3455958421,                          1,                                    0
          77,3058.34470123683,                          1,                                    0
          78,3058.34380663157,                          1,                                    0
          79,3058.34291202632,                          1,                                    0
          80,3058.34201742105,                          1,                                    0
          81,3058.34112281579,                          1,                                    0
          82,3058.34022821052,                          1,                                    0
          83,3058.33933360526,                          1,                                    0
          84,     3058.338439,                          1,                                    0
          85,3058.33754439473,                          1,                                    0
          86,3058.33664978947,          0.986058620476239,                 0.000199647422651597
          87,3058.33575518421,          0.990314354469883,                 0.000199539462919582
          88,3058.33486057894,          0.994166625118412,                 0.000199431619883333
          89,3058.33396597368,          0.996818790662074,                 0.000597971680061232
          90,3058.33307136841,          0.998272794825158,                 0.000398432566284238
          91,3058.33217676316,          0.998930783673843,                -0.000597327556512165
          92,3058.33128215789,           0.99859106720689,                -0.000398003613872814
          93,3058.33038755263,          0.998052822413028,                                    0
          94,3058.32949294736,          0.997117582745254,                 0.000596362190637114
          95, 3058.3285983421,          0.996183350188051,                  0.00158944292012453
          96,3058.32770373684,          0.995250123115538,                  0.00258145482851197
          97,3058.32680913158,          0.994714833198707,                  0.00357239964037844
          98,3058.32591452631,          0.993981758818092,                  0.00515735895615055
          99,3058.32501992105,          0.993846202647084,                  0.00515459829818955
         100,3058.32412531578,          0.993510675187002,                  0.00653886164363204
         101,3058.32323071052,          0.993967671790647,                   0.0073275162096541
         102,3058.32233610526,          0.994028308627778,                  0.00732358570673592
         103,3058.32144149999,          0.994088880448201,                  0.00633051625360048
         104,3058.32054689473,          0.994149387356429,                   0.0055362336606961
         105,3058.31965228947,          0.994409411318324,                  0.00414995978491351
         106,3058.31875768421,          0.994667193363618,                  0.00276515899664231
         107,3058.31786307894,          0.994529888209155,                   0.0019740569436466
         108,3058.31696847369,          0.994590030029082,                  0.00138110101372814
         109,3058.31607386842,          0.994255718153548,                  0.00157755766466251
         110,3058.31517926315,          0.994513031550069,                  0.00197089383977421
         111,3058.31428465789,          0.994181076087256,                  0.00177286104315144
         112,3058.31339005263,          0.994241275778904,                  0.00157503568440222
         113,3058.31249544737,           0.99449818573936,                  0.00137742130988831
         114, 3058.3116008421,          0.994361482652758,                 0.000983347985218313
         115,3058.31070623684,          0.994224925207081,                 0.000982824164894307
         116,3058.30981163157,          0.994090466161632,                  0.00117876339861063
         117,3058.30891702631,          0.993954197993634,                  0.00176720422401081
         118,3058.30802242105,           0.99440682955549,                  0.00274752232361888
         119,3058.30712781578,           0.99427053809082,                  0.00353065095396227
         120,3058.30623321052,          0.994722520643335,                  0.00411690440155893
         121,3058.30533860526,          0.994196276368538,                  0.00470254446843613
         122,3058.30444399999,          0.994256148740877,                  0.00567922558863215
         123,3058.30354939473,          0.994511689084446,                  0.00645913909462443
         124,3058.30265478946,          0.994571330757568,                  0.00684697021567956
         125,3058.30176018421,          0.994632853972568,                  0.00742992892686408
         126,3058.30086557895,          0.994887789320639,                  0.00781683590116393
         127,3058.29997097368,          0.994751819870426,                  0.00859396820622399
         128,3058.29907636841,          0.995398793964748,                  0.00937029655036437
         129,3058.29818176314,          0.994482252676927,                  0.00956045328255237
         130,3058.29728715789,          0.994931737386383,                  0.00936039266847244
         131,3058.29639255263,          0.995187781760348,                  0.00857584457451142
         132,3058.29549794736,          0.995246814976429,                  0.00779210659601823
         133, 3058.2946033421,           0.99530578589633,                  0.00700919567532627
         134,3058.29370873684,          0.995366631574236,                  0.00661631778563519
         135,3058.29281413159,          0.995425477290762,                  0.00564035538128802
         136,3058.29191952631,          0.996069374948972,                  0.00485982325794775
         137,3058.29102492105,          0.995544917067067,                  0.00408010211912732
         138,3058.29013031578,          0.995605509522043,                  0.00388377417406687
         139,3058.28923571053,          0.995858192588222,                  0.00349355826672929
         140,3058.28834110526,           0.99572264090552,                   0.0027157835520509
         141,    3058.2874465,          0.996170810915612,                  0.00174494692453105
         142,3058.28655189474,          0.996229018343326,                  0.00135646822182519
         143,3058.28565728946,          0.996289094275599,                 0.000387359678956298
         144,3058.28476268421,          0.996542686019366,                 0.000193578610337872
         145,3058.28386807894,          0.996794084243804,                 0.000193477112624962
         146,3058.28297347368,          0.996467018740077,                                    0
         147,3058.28207886841,          0.996718193730938,                 -0.00057982442916285
         148,3058.28118426315,          0.996971031626448,                -0.000579522010245949
         149,3058.28028965789,          0.996837459309801,                  -0.0011584398132595
         150,3058.27939505263,          0.997088047486632,                  -0.0015437786684523
         151,3058.27850044736,          0.997147425450211,                 -0.00192871842446849
         152, 3058.2776058421,          0.997206741603357,                 -0.00134940019161483
         153,3058.27671123685,          0.997456745404801,                 -0.00096335401333282
         154,3058.27581663158,          0.997515838933929,                -0.000577711875830461
         155,3058.27492202631,          0.997382400492725,                                    0
         156,3058.27402742104,          0.997441471250216,                                    0
         157,3058.27313281578,          0.997306292431662,                 0.000384540694980398
         158,3058.27223821053,          0.997749682438107,                 0.000768682343943071
         159,3058.27134360526,          0.997808470712065,                 0.000384141855904548
         160,     3058.270449,          0.997867198043428,                 0.000383942746457648
         161,3058.26955439473,          0.997925864526911,                 0.000383743843309714
         162,3058.26865978947,          0.998176242830103,                 0.000575317719210434
         163, 3058.2677651842,          0.998234688655431,                 0.000575019981944373
         164,3058.26687057895,          0.998101499834288,                                    0
         165,3058.26597597368,          0.998542874156791,                -0.000191475143654227
         166,3058.26508136842,            0.9986010399383,                 -0.00095688102715437
         167,3058.26418676315,          0.998659145640502,                 -0.00153021895520475
         168,3058.26329215789,          0.998908369991837,                  -0.0021029649894565
         169,3058.26239755263,          0.998586005273818,                  -0.0026751251576413
         170,3058.26150294736,          0.999216974465728,                 -0.00324669123966311
         171, 3058.2606083421,          0.999274643048026,                 -0.00324501794304039
         172,3058.25971373684,           0.99914146713727,                 -0.00343413145092054
         173,3058.25881913157,          0.999391707775653,                 -0.00324168270028355
         174,3058.25792452631,          0.999258608432805,                  -0.0030494254691827
         175,3058.25702992105,          0.999316137069752,                 -0.00285736600382125
         176,3058.25613531579,          0.999565902807923,                 -0.00266550907415446
         177,3058.25524071052,          0.999623214550769,                 -0.00304473090287689
         178,3058.25434610526,          0.999682368805954,                 -0.00342356975618477
         179,    3058.2534515,          0.999549461349677,                 -0.00399211462311586
         180,3058.25255689473,           0.99979859625389,                 -0.00475008835164334
         181,3058.25166228948,          0.999857570146703,                 -0.00531738118976404
         182,3058.25076768421,          0.999724776736991,                 -0.00550446526018089
         183,3058.24987307894,          0.999783727998118,                 -0.00455309477646202
         184,3058.24897847368,           1.00003223463782,                 -0.00379231033233912
         185,3058.24808386841,          0.999899555200103,                  -0.0028427773555727
         186,3058.24718926316,          0.999958327177121,                 -0.00151537537742318
         187,3058.24629465789,           1.00020636474306,                -0.000946627261729185
         188,3058.24540005263,           1.00026492071302,                -0.000567687242175378
         189,3058.24450544736,           1.00032341710025,                -0.000945664035829319
         190, 3058.2436108421,           1.00019281736415,                 -0.00151229305214765
         191,3058.24271623684,            1.0006291720436,                  -0.0018894055363361
         192,3058.24182163157,           1.00030970510031,                 -0.00245497945371042
         193,3058.24092702632,           1.00018119908494,                  -0.0028312357022597
         194,3058.24003242105,           1.00023958964143,                 -0.00264114565352319
         195,3058.23913781578,           1.00029792096421,                 -0.00226269086740254
         196,3058.23824321052,           1.00035807843802,                 -0.00207308569382409
         197,3058.23734860526,            1.0006046575585,                 -0.00169530156589355
         198,     3058.236454,            1.0002861725922,                 -0.00188271442234556
         199,3058.23555939473,           1.00091077423337,                 -0.00188176494497719
         200,3058.23466478947,           1.00040625634776,                 -0.00188081642479367
         201, 3058.2337701842,           1.00065231326828,                 -0.00244382492438242
         202,3058.23287557894,           1.00071211019483,                 -0.00319416182375367
         203,3058.23198097368,           1.00058404962356,                  -0.0039437434388316
         204,3058.23108636842,           1.00064194249547,                 -0.00525566955353087
         205,3058.23019176316,           1.00070165432831,                 -0.00562824327518733
         206,3058.22929715789,           1.00076130614633,                 -0.00562541487434698
         207,3058.22840255262,           1.00100831768379,                 -0.00506033038334814
         208,3058.22750794737,           1.00050577899331,                 -0.00374651106157391
         209, 3058.2266133421,           1.00075267085816,                 -0.00280847335133253
         210,3058.22571873684,           1.00100118832633,                 -0.00205851805413902
         211,3058.22482413158,           1.00106054059514,                 -0.00149635357338586
         212,3058.22392952631,           1.00055898194245,                 -0.00168255434183148
         213,3058.22303492105,           1.00061849621335,                 -0.00242913920649365
         214,3058.22214031578,           1.00086658349457,                 -0.00336174631515251
         215,3058.22124571053,           1.00073921419291,                  -0.0039200752654451
         216,3058.22035110526,           1.00042726192275,                 -0.00354496791804034
         217,    3058.2194565,           1.00048858902204,                 -0.00317023411246499
         218,3058.21856189473,           1.00092077255427,                 -0.00279586807976052
         219,3058.21766728947,           1.00079549455729,                 -0.00242188038519076
         220,3058.21677268421,           1.00029792939073,                 -0.00260688216892596
         221,3058.21587807895,           1.00054531208415,                 -0.00297781342882188
         222,3058.21498347368,           1.00060642813827,                 -0.00279031351962707
         223,3058.21408886842,           1.00048155495769,                 -0.00297485688149472
         224,3058.21319426315,             1.000356805697,                 -0.00315921710883317
         225,3058.21229965789,           1.00060366844671,                 -0.00297190619921059
         226,3058.21140505263,           1.00029518733256,                 -0.00278478615627106
         227,3058.21051044737,           1.00054183645446,                 -0.00296896687375211
         228, 3058.2096158421,           1.00004636713497,                 -0.00296749663838271
         229,3058.20872123684,           1.00029474956483,                 -0.00259527918715856
         230,3058.20782663157,          0.999985177169877,                 -0.00203813914190636
         231,3058.20693202631,           1.00023334456844,                 -0.00148155281550593
         232,3058.20603742105,             1.000666370502,                -0.000925514586109877
         233,3058.20514281579,          0.999988899290665,                 -0.00111007093353265
         234,3058.20424821052,          0.999866857011828,                 -0.00129444571834341
         235,3058.20335360526,          0.999929764637604,                -0.000924149505210355
         236,3058.20245899999,          0.999992610437019,                -0.000369478149062264
         237,3058.20156439474,           1.00005539450117,                                    0
         238,3058.20066978947,          0.999933559231945,                 0.000738230756169764
         239,3058.19977518421,          0.999998155325299,                   0.0014757397606719
         240,3058.19888057894,           1.00024522140912,                   0.0027656549900713
         241,3058.19798597367,          0.999754898799004,                  0.00368573234580278
         242,3058.19709136842,          0.999819487270169,                  0.00423652325114478
         243,3058.19619676315,          0.999699905921427,                  0.00478677671343593
         244, 3058.1953021579,          0.999580441199202,                    0.004968459483133
         245,3058.19440755263,          0.999643181642615,                  0.00441424772022498
         246,3058.19351294737,          0.999891535942966,                  0.00386058508086087
         247, 3058.1926183421,          0.999955900511554,                  0.00312371376492033
         248,3058.19172373684,           1.00020386086771,                  0.00275487659071166
         249,3058.19082913158,          0.999902708199863,                  0.00256997207908905
         250,3058.18993452632,          0.999783493389209,                  0.00201828196499932
         251,3058.18903992105,          0.999847785461861,                  0.00201730110786509
         252,3058.18814531578,          0.999363941145309,                  0.00201632489959619
         253,3058.18725071052,          0.999613419297156,                  0.00201534963567975
         254,3058.18635610526,          0.999677700539852,                  0.00256374570572594
         255,    3058.1854615,          0.999743749313614,                  0.00274554306841893
         256,3058.18456689474,          0.999992682087947,                  0.00274421701999985
         257,3058.18367228947,           0.99969279606779,                  0.00256003276841944
         258,3058.18277768421,          0.999758741948926,                  0.00201048375894665
         259,3058.18188307895,          0.999824624220857,                  0.00237488034256736
         260,3058.18098847368,           0.99970784793485,                  0.00255633057006172
         261,3058.18009386842,           0.99959300850667,                  0.00273761094168341
         262,3058.17919926316,          0.999841295032534,                  0.00346597055384385
         263,3058.17830465789,          0.999726501960069,                  0.00382897255902999
         264,3058.17741005263,          0.999976308197546,                  0.00419162658803418
         265,3058.17651544736,          0.999677582120927,                  0.00400745386418739
         266,3058.17562084211,          0.999563032554075,                  0.00436967445925279
         267,3058.17472623684,          0.999812557893224,                   0.0049135309543351
         268,3058.17383163158,          0.999698053353609,                  0.00509307596322799
         269,3058.17293702631,          0.999585475648513,                  0.00599969456100417
         270,3058.17204242104,          0.999652910914407,                  0.00636027120196405
         271,3058.17114781579,          0.999720281752562,                  0.00690213857314632
         272,3058.17025321052,          0.999789403357927,                  0.00689885551617963
         273,3058.16935860526,          0.999858459238075,                  0.00616972551979938
         274,3058.16846399999,          0.999744259904487,                  0.00453439885660598
         275,3058.16756939474,          0.999994561305867,                  0.00380708589329645
         276,3058.16667478947,           1.00006342130775,                  0.00289925978273672
         277,3058.16578018421,          0.999951098207478,                  0.00253564850116006
         278,3058.16488557895,           1.00002172386076,                  0.00199135390341572
         279,3058.16399097368,           1.00027141952411,                   0.0010856780964444
         280,3058.16309636841,           1.00015915733426,                  0.00090430303556443
         281,3058.16220176315,            1.0002295845965,                 0.000723101091340322
         282,3058.16130715789,           1.00011744830016,                 0.000542069077669464
         283,3058.16041255263,           1.00054903773912,                  0.00108362711668497
         284,3058.15951794737,           1.00025814278004,                 0.000902597132990467
         285, 3058.1586233421,           1.00050882504718,                  0.00180434413894893
         286,3058.15772873684,           1.00057892183473,                  0.00216419377469661
         287,3058.15683413158,           1.00083102143531,                  0.00270397430142824
         288,3058.15593952632,           1.00054054054054,                  0.00288288288288288
         289,3058.15504492105,           1.00061052369967,                  0.00324171875928617
         290,3058.15415031579,           1.00050223123878,                  0.00306019034383939
         291,3058.15325571052,           1.00075389406979,                  0.00377846669821386
         292,3058.15236110525,            1.0006456358434,                  0.00359685706629547
         293,    3058.1514665,           1.00071723761057,                  0.00485348759035127
         294,3058.15057189473,           1.00078877247957,                  0.00485122026157061
         295,3058.14967728948,           1.00103983147187,                  0.00520813690575607
         296,3058.14878268421,            1.0007521347883,                  0.00520570617199294
         297,3058.14788807894,           1.00082534897908,                  0.00520328704202103
         298,3058.14699347368,           1.00089849515512,                  0.00466284910840945
         299,3058.14609886842,           1.00096977910189,                  0.00483993267115884
         300,3058.14520426316,           1.00104279023432,                  0.00430016591473488
         301,3058.14430965789,           1.00111573363516,                  0.00376089989379935
         302,3058.14341505263,           1.00118860939861,                  0.00232709671413944
         303,3058.14252044736,           1.00108428431867,                  0.00161032324555282
         304, 3058.1416258421,           1.00133594919459,                 0.000894209634929974
         305,3058.14073123684,           1.00123165257744,                   0.0012513161164153
         306,3058.13983663157,           1.00130434005753,                  0.00142941376168099
         307,3058.13894202631,           1.00155734308697,                  0.00125016073495164
         308,3058.13804742105,           1.00163160093255,                  0.00160660923336178
         309,3058.13715281578,           1.00170579040903,                  0.00178429959103853
         310,3058.13625821052,           1.00160156375401,                  0.00160513071114424
         311,3058.13536360526,           1.00149921830294,                 0.000891330738966662
         312,     3058.134469,            1.0019297348441,                -0.000712736784523634
         313,3058.13357439473,           1.00182733305549,                 -0.00195912900686408
         314,3058.13267978947,           1.00190304611994,                 -0.00284833843957339
         315,3058.13178518421,           1.00197690702131,                 -0.00355878851721297
         316,3058.13089057894,           1.00205248236537,                 -0.00391287799290702
         317,3058.12999597369,           1.00195199305958,                  -0.0035555429136252
         318,3058.12910136842,           1.00220520684698,                 -0.00302083129723381
         319,3058.12820676315,           1.00192534492803,                 -0.00230899299487048
         320,3058.12731215789,           1.00218011901888,                 -0.00159780709852434
         321,3058.12641755262,           1.00207975468832,                 -0.00124217430189804
         322,3058.12552294737,           1.00233422729272,                 -0.00124161026208619
         323, 3058.1246283421,            1.0024111765123,                -0.000886461953052975
         324,3058.12373373684,           1.00248805591392,                 -0.00106327175808441
         325,3058.12283913157,           1.00238773399085,                 -0.00177131601694795
         326,3058.12194452632,           1.00246632920626,                 -0.00265577445038748
         327,3058.12104992105,           1.00254307926727,                 -0.00389337118162046
         328,3058.12015531578,           1.00244464177684,                 -0.00477607293594048
         329,3058.11926071053,           1.00234629305147,                 -0.00565797872246377
         330,3058.11836610526,           1.00224803297115,                 -0.00600889316187958
         331,    3058.1174715,           1.00285647157749,                 -0.00582953383161127
         332,3058.11657689473,           1.00223012093506,                 -0.00582691930776199
         333,3058.11568228947,           1.00230853947814,                  -0.0063537783802101
         334,3058.11478768421,           1.00238865582539,                 -0.00617451653535528
         335,3058.11389307894,           1.00264503614883,                 -0.00652442250044084
         336,3058.11299847368,           1.00237241651597,                 -0.00616898796871089
         337,3058.11210386842,           1.00210004087328,                 -0.00581387154515088
         338,3058.11120926315,           1.00235620626138,                  -0.0054590728028993
         339,3058.11031465789,           1.00243788669548,                 -0.00545664170106405
         340,3058.10942005263,           1.00216584648353,                 -0.00492637705434322
         341,3058.10852544737,           1.00224753878675,                 -0.00545177639978756
         342, 3058.1076308421,           1.00215337288508,                 -0.00597670841573281
         343,3058.10673623684,           1.00223499810236,                 -0.00632546632743425
         344,3058.10584163158,           1.00214092145681,                 -0.00667391430342776
         345,3058.10494702631,           1.00204868748826,                 -0.00631985857560921
         346,3058.10405242105,           1.00177930322907,                 -0.00491326335442527
         347,3058.10315781579,           1.00203810305575,                 -0.00368331877545436
         348,3058.10226321053,           1.00194603692211,                 -0.00122723049141815
         349,3058.10136860526,           1.00185405210272,                  0.00122668853677087
         350,     3058.100474,           1.00176214848991,                   0.0036784411817255
         351,3058.09957939473,           1.00184541255651,                  0.00560277057004689
         352,3058.09868478947,           1.00175534698292,                  0.00735040610993757
         353,3058.09779018421,           1.00218840582245,                  0.00857169346924424
         354,3058.09689557895,           1.00192341318412,                   0.0094422101766043
         355,3058.09600097368,           1.00183343208349,                  0.00908850985142034
         356,3058.09510636842,           1.00174352989682,                  0.00786160775119584
         357,3058.09421176315,           1.00165545566941,                  0.00628654051675363
         358,3058.09331715789,           1.00191480931327,                  0.00418919084033423
         359,3058.09242255263,           1.00165226388067,                  0.00296604920501158
         360,3058.09152794737,           1.00173874221098,                  0.00156957672003809
         361, 3058.0906333421,           1.00182514516615,                 0.000174321410329938
         362,3058.08973873684,           1.00173722737118,                 -0.00121971831476748
         363,3058.08884413158,           1.00182355574211,                 -0.00313505285176599
         364,3058.08794952631,           1.00191155323275,                 -0.00452644663493511
         365,3058.08705492105,           1.00164969407572,                 -0.00522055087252807
         366,3058.08616031579,           1.00173769048932,                 -0.00556617574156246
         367,3058.08526571052,           1.00147787533687,                 -0.00469442754064157
         368,3058.08437110526,           1.00156761059302,                 -0.00364964772209844
         369,    3058.0834765,           1.00165552847492,                 -0.00191089330787792
         370,3058.08258189473,           1.00156972786753,                -0.000347284926445053
         371,3058.08168728947,           1.00148573967619,                 0.000867838595906579
         372,3058.08079268421,           1.00174880983775,                  0.00173493039459257
         373,3058.07989807895,            1.0013179800222,                  0.00242785793562708
         374,3058.07900347368,            1.0012342083732,                  0.00260015808961185
         375,3058.07810886842,           1.00115224340925,                   0.0031188543408388
         376,3058.07721426315,           1.00106861476697,                  0.00294431945519698
         377,3058.07631965789,           1.00133303325658,                  0.00276993923445804
         378,3058.07542505263,           1.00125113129611,                  0.00224961367211362
         379,3058.07453044737,            1.0009963260477,                  0.00121081290518989
         380, 3058.0736358421,           1.00108926811557,                 0.000345799401767035
         381,3058.07274123684,           1.00100757495891,                                    0
         382,3058.07184663158,           1.00075492819545,                -0.000345504894940599
         383,3058.07095202631,           1.00102053326749,                 0.000863395319361295
         384,3058.07005742105,           1.00094070129713,                  0.00189866316852362
         385,3058.06916281579,           1.00103346957648,                  0.00276051973685346
         386,3058.06826821053,           1.00078124056863,                  0.00379410430682577
         387,3058.06737360526,           1.00087572316115,                  0.00396488832805831
         388,     3058.066479,           1.00079781230561,                  0.00465246916877607
         389,3058.06558439474,           1.00089048422017,                  0.00499497918471605
         390,3058.06468978947,           1.00098652438678,                  0.00550938575513879
         391,3058.06379518421,           1.00108076107608,                  0.00585125423355453
         392,3058.06290057895,           1.00083087196831,                  0.00567676500085151
         393,3058.06200597368,            1.0009268159316,                  0.00498657922384754
         394,3058.06111136842,           1.00085080052595,                  0.00481260903567346
         395,3058.06021676316,           1.00094665569394,                  0.00463878470712947
         396,3058.05932215789,           1.00069896083243,                  0.00498031059964657
         397,3058.05842755263,            1.0009681805073,                  0.00480656989439279
         398,3058.05753294737,            1.0012354576341,                  0.00480455746593912
         399, 3058.0566383421,           1.00116118918122,                  0.00514559459918391
         400,3058.05574373684,           1.00108698261171,                  0.00565779592844431
         401,3058.05484913157,           1.00118421481074,                  0.00565543976185457
         402,3058.05395452632,           1.00111177539739,                  0.00531048340816547
         403,3058.05305992105,           1.00103768189399,                  0.00428086589930719
         404,3058.05216531578,           1.00130769072772,                  0.00290978303288397
         405,3058.05127071052,           1.00106419745482,                  0.00205311406075165
         406,3058.05037610526,           1.00116294978793,                  0.00102613216582296
         407,    3058.0494815,           1.00126333208539,                  0.00119666097397946
         408,3058.04858689474,           1.00136192056432,                  0.00119616611671505
         409,3058.04769228947,           1.00129132760776,                  0.00170810530127561
         410,3058.04679768421,           1.00122079274695,                  0.00204888293195148
         411,3058.04590307895,            1.0011503159102,                  0.00238938022890263
         412,3058.04500847368,           1.00142109671817,                  0.00204719815342727
         413,3058.04411386842,           1.00135230309324,                  0.00136424019494992
         414,3058.04321926316,            1.0012835657559,                 0.000852301298736719
         415,3058.04232465789,           1.00138527518926,                 0.000170390552184662
         416,3058.04143005263,           1.00165722237267,                -0.000510962704832174
         417,3058.04053544737,           1.00158844470323,                -0.000681005231822693
         418, 3058.0396408421,            1.0013512455625,                -0.000850910303843051
         419,3058.03874623684,           1.00162287401803,                -0.000170112580505779
         420,3058.03785163158,           1.00155589753182,                 0.000340086892200957
         421,3058.03695702631,            1.0014889754625,                  0.00101984620719196
         422,3058.03606242105,           1.00142380921636,                  0.00169905634410648
         423,3058.03516781579,           1.00135699497793,                  0.00271738668922098
         424,3058.03427321052,           1.00163147092128,                  0.00271628873470178
         425,3058.03337860526,           1.00190572515133,                  0.00305459062546137
         426,     3058.032484,           1.00201012696878,                  0.00322298838876025
         427,3058.03158939473,           1.00194488200993,                  0.00305212521174119
         428,3058.03069478947,           1.00171189342192,                  0.00338988796420278
         429,3058.02980018421,           1.00164851828195,                  0.00338852678715138
         430,3058.02890557895,           1.00192391068719,                  0.00355652503793627
         431,3058.02801097368,           1.00169121095106,                  0.00355509809531387
         432,3058.02711636842,           1.00196636533782,                  0.00338444980691714
         433,3058.02622176315,           1.00190468457679,                  0.00321394377966555
         434,3058.02532715789,           1.00218122791295,                  0.00236722409157775
         435,3058.02443255263,           1.00195049066503,                  0.00185921987134198
         436,3058.02353794737,           1.00205784261052,                  0.00202743114336979
         437,3058.02264334211,           1.00199622372568,                  0.00270216409567012
         438,3058.02174873684,           1.00227398189931,                  0.00270109208529374
         439,3058.02085413158,           1.00238276846646,                  0.00202501569387163
         440,3058.01995952631,           1.00215409995901,                  0.00118079089374063
         441,3058.01906492105,           1.00209423024392,                -0.000168617571974411
         442,3058.01817031579,           1.00237150952396,                 -0.00151695705157485
         443,3058.01727571052,           1.00248177420741,                 -0.00303271797239216
         444,3058.01638110526,           1.00225511611574,                 -0.00387361244675888
         445,    3058.0154865,           1.00270204294649,                 -0.00454549280717851
         446,3058.01459189473,           1.00213890604464,                 -0.00471198813925271
         447,3058.01369728947,           1.00225077465002,                  -0.0045419219395016
         448,3058.01280268421,           1.00236255559573,                 -0.00353122188684956
         449,3058.01190807895,           1.00264233655165,                 -0.00268940107038163
         450,3058.01101347368,           1.00241783315775,                 -0.00201626114614365
         451,3058.01011886842,           1.00252941749497,                 -0.00134364807169706
         452,3058.00922426315,           1.00281048846088,                 -0.00100734353436552
         453,3058.00832965789,           1.00292351533419,                -0.000839126100513881
         454,3058.00743505263,           1.00253317452063,                -0.000167759902028217
         455,3058.00654044737,           1.00247852670202,                 0.000167694634777855
         456,3058.00564584211,           1.00242560174871,                 0.000167629699289082
         457,3058.00475123684,           1.00270616721265,                 0.000670258133163535
         458,3058.00385663157,           1.00298819462125,                 0.000669998794002171
         459,3058.00296202632,           1.00260026421229,                 0.000669739655452434
         460,3058.00206742105,            1.0028837930163,                 0.000334740918897296
         461,3058.00117281579,           1.00283081370837,                -0.000334611549452241
         462,3058.00027821052,           1.00244506955571,                 -0.00133793135743171
         463,3057.99938360526,           1.00256115338835,                 -0.00217330248358321
         464,     3057.998489,           1.00267714798512,                 -0.00267380572796032
         465,3057.99759439474,           1.00262767967365,                 -0.00217163609392827
         466,3057.99669978947,           1.00291054458744,                 -0.00150286295392723
         467,3057.99580518421,           1.00252718307555,                -0.000333841885806045
         468,3057.99491057895,           1.00264468601654,                 0.000500571485779598
         469,3057.99401597368,           1.00276377173947,                 0.000833968539370821
         470,3057.99312136842,           1.00271436479195,                  0.00100038014445489
         471,3057.99222676316,           1.00283333333333,                 0.000666666666666667
         472,3057.99133215789,           1.00261900477818,                 0.000166603357390858
         473,3057.99043755263,           1.00273791918142,                -0.000499620288580679
         474,3057.98954294737,           1.00285841284005,                -0.000998862960996066
         475, 3057.9886483421,            1.0026443183766,                 -0.00199696793701563
         476,3057.98775373684,           1.00276475617911,                 -0.00299432077160319
         477,3057.98685913158,           1.00305139141786,                 -0.00382463229486252
         478,3057.98596452632,           1.00300702636841,                  -0.0046543249483453
         479,3057.98506992105,           1.00279486489271,                 -0.00481873257363522
         480,3057.98417531579,           1.00291673033865,                  -0.0046508228634452
         481,3057.98328071052,           1.00287246583758,                 -0.00464907765620071
         482,3057.98238610526,           1.00299421074995,                  -0.0043153813469301
         483,    3057.9814915,           1.00295161442857,                 -0.00398194189351292
         484,3057.98059689473,            1.0030732386097,                 -0.00414630141621071
         485,3057.97970228947,           1.00286485446937,                 -0.00431054491919386
         486,3057.97880768421,           1.00282235410517,                  -0.0049718510367138
         487,3057.97791307895,           1.00294721356613,                 -0.00563267348220158
         488,3057.97701847368,           1.00290471411585,                 -0.00645860037161793
         489,3057.97612386842,           1.00302945022928,                 -0.00711838032016157
         490,3057.97522926316,           1.00298861150367,                 -0.00744670640449847
         491,3057.97433465789,           1.00261696095071,                  -0.0074439470784989
         492,3057.97344005263,           1.00274332317471,                 -0.00744120210139547
         493,3057.97254544737,           1.00286793450861,                 -0.00644665393865761
         494, 3057.9716508421,           1.00266363510182,                 -0.00545285101489124
         495,3057.97075623684,           1.00279149667168,                 -0.00429461026411853
         496,3057.96986163158,           1.00275249202075,                 -0.00247674746917688
         497,3057.96896702631,           1.00255011512656,                  -0.0013204479619711
         498,3057.96807242105,           1.00267622319239,                -0.000164995264635905
         499,3057.96717781579,           1.00247402276101,                  0.00049480455220188
         500,3057.96628321052,            1.0024384975953,                 0.000659499011575856
         501,3057.96538860526,           1.00256616063144,                  0.00115370099036989
         502,     3057.964494,           1.00236587342907,                  0.00148278975359329
         503,3057.96359939473,           1.00233042647628,                 0.000658777802481945
         504,3057.96270478947,           1.00245963984551,                                    0
         505,3057.96181018421,           1.00225960992517,                -0.000658298594367926
         506,3057.96091557895,           1.00222588908064,                 -0.00115160558495806
         507,3057.96002097369,           1.00235664819831,                 -0.00131564449312329
         508,3057.95912636842,           1.00232291664954,                 -0.00131516866216112
         509,3057.95823176316,           1.00196053619761,                -0.000493009940723771
         510, 3057.9573371579,            1.0020928956542,                 0.000328555047755476
         511,3057.95644255263,           1.00206094146434,                    0.001313747546987
         512,3057.95554794737,           1.00219152446382,                  0.00196990963039571
         513,3057.95465334211,           1.00199710198676,                   0.0021333053268634
         514,3057.95375873684,           1.00212925810611,                  0.00196849747868281
         515,3057.95286413158,           1.00209898002689,                   0.0016398281460103
         516,3057.95196952632,           1.00206872358771,                  0.00147531793101413
         517,3057.95107492105,           1.00203848876537,                  0.00147479090742246
         518,3057.95018031579,           1.00200827553671,                  0.00114664998017934
         519,3057.94928571052,           1.00197972460704,                  0.00147374040226563
         520,3057.94839110526,           1.00194955386154,                  0.00098214300329509
         521,    3057.9474965,           1.00175741172851,                                    0
         522,3057.94660189474,             1.001730618868,                -0.000490723686578053
         523,3057.94570728947,           1.00186572350337,                 -0.00098109912535013
         524,3057.94481268421,           1.00167545257652,                -0.000653835151812349
         525,3057.94391807894,            1.0016487170563,                 0.000163401095767748
         526,3057.94302347368,           1.00178534384612,                  0.00130674755434028
         527,3057.94212886842,           1.00175858842663,                  0.00310243083620308
         528,3057.94123426316,           1.00157025845605,                  0.00424394177311887
         529,3057.94033965789,           1.00154523189085,                  0.00489513798578126
         530,3057.93944505263,           1.00152022287903,                  0.00473030724161104
         531,3057.93855044736,            1.0016582882617,                  0.00472864892716739
         532, 3057.9376558421,           1.00163325715813,                  0.00440099234227332
         533,3057.93676123684,           1.00160987564199,                  0.00391062908986626
         534,3057.93586663158,           1.00158651042634,                  0.00374637985685571
         535,3057.93497202632,           1.00156316149412,                  0.00374507441300029
         536,3057.93407742105,           1.00137868619507,                  0.00341823023571139
         537,3057.93318281579,           1.00135542585267,                  0.00276617520953777
         538,3057.93228821052,           1.00149647028205,                  0.00211457757246495
         539,3057.93139360526,           1.00163741701125,                  0.00113822433751278
         540,     3057.930499,           1.00161571896243,                  0.00113783025523158
         541,3057.92960439474,           1.00159566343526,                 0.000162491184853222
         542,3057.92870978947,           1.00157399481183,                 0.000324869930201695
         543,3057.92781518421,           1.00139158844056,                                    0
         544,3057.92692057895,           1.00137163077972,                -0.000973939015185332
         545,3057.92602597368,           1.00135331171929,                 -0.00194721110689215
         546,3057.92513136842,           1.00149559270566,                 -0.00291981222363166
         547,3057.92423676316,           1.00131508750764,                  -0.0037295946579232
         548,3057.92334215789,           1.00129680661371,                 -0.00324201653428433
         549,3057.92244755263,           1.00160425207824,                 -0.00291682196042845
         550,3057.92155294737,           1.00142389453785,                 -0.00194388332812265
         551, 3057.9206583421,           1.00124528161339,                -0.000647740761192555
         552,3057.91976373684,           1.00155243054937,                 0.000485640422118655
         553,3057.91886913158,           1.00137389534122,                  0.00145642615676648
         554,3057.91797452631,            1.0013572515898,                   0.0021030119984923
         555,3057.91707992105,           1.00118052298786,                  0.00129372382230703
         556,3057.91618531579,            1.0013256167351,                 0.000646642309806331
         557,3057.91529071053,           1.00147223043719,                 -0.00096963585325531
         558,3057.91439610526,            1.0012972599221,                 -0.00242327507241554
         559,    3057.9135015,           1.00128228731634,                 -0.00371443429165738
         560,3057.91260689474,           1.00143038420184,                 -0.00516617318949846
         561,3057.91171228947,           1.00125560422322,                 -0.00580999383495099
         562,3057.91081768421,           1.00108094154849,                 -0.00580804414113547
         563,3057.90992307895,            1.0012289569349,                 -0.00548353488012025
         564,3057.90902847368,           1.00137687304715,                 -0.00451433785949446
         565,3057.90813386842,           1.00120395904283,                 -0.00322345125255257
         566,3057.90723926316,           1.00135339799568,                 -0.00241678213514646
         567,3057.90634465789,           1.00134167220999,                 -0.00177171600358853
         568,3057.90545005263,           1.00133156649862,                 -0.00144910501664056
         569,3057.90455544737,           1.00115889775946,                 -0.00128766417718259
         570, 3057.9036608421,           1.00114885934679,                 -0.00112633269293275
         571,3057.90276623684,           1.00146053029474,                 -0.00096510812428019
         572,3057.90187163158,           1.00112880247243,                -0.000643192291983573
         573,3057.90097702631,            1.0012811383324,                                    0
         574,3057.90008242105,           1.00111038085581,                 0.000321383749873455
         575,3057.89918781579,           1.00126262220609,                 0.000642555830069685
         576,3057.89829321052,           1.00109359117034,                 0.000481758224817293
         577,3057.89739860526,           1.00108681169262,                 0.000481600454630829
         578,     3057.896504,           1.00107843011388,                 0.000802403358539497
         579,3057.89560939474,           1.00139251634763,                 0.000160428150648451
         580,3057.89471478947,           1.00106489440866,                 0.000481126991865746
         581,3057.89382018421,           1.00105813319652,                 0.000160323211594575
         582,3057.89292557894,           1.00105137640557,                 0.000641083174131012
         583,3057.89203097368,           1.00104622789183,                 0.000640874665743807
         584,3057.89113636842,           1.00136141587251,                 0.000800832866180828
         585,3057.89024176316,           1.00103594090494,                 0.000640458055601366
         586,3057.88934715789,           1.00103080242527,                  0.00112043741876829
         587,3057.88845255263,           1.00102566728377,                  0.00160010496688583
         588,3057.88755794737,           1.00086217790297,                  0.00239938191921761
         589, 3057.8866633421,            1.0008587012663,                  0.00271842114100131
         590,3057.88576873684,           1.00117493785618,                  0.00319710981272929
         591,3057.88487413158,            1.0008517547266,                  0.00271666610735306
         592,3057.88397952631,           1.00148889400097,                  0.00239628862817269
         593,3057.88308492105,           1.00100611654982,                  0.00127760831723015
         594,3057.88219031579,           1.00100419719304,                 0.000478949376647386
         595,3057.88129571052,           1.00100227906769,                -0.000159598577657476
         596,3057.88040110526,           1.00100036217259,                -0.000638189583788708
         597,    3057.8795065,           1.00084054656261,                -0.000478489504332723
         598,3057.87861189474,           1.00115916979844,                -0.000159445639400931
         599,3057.87771728948,           1.00099940545736,                 0.000159394809786204
         600,3057.87682268421,           1.00115843097138,                 0.000159344012569056
         601,3057.87592807894,           1.00083947541548,                -0.000318586495437045
         602,3057.87503347368,           1.00099845057033,                 -0.00159242515203679
         603,3057.87413886842,           1.00099972618964,                 -0.00254707309463013
         604,3057.87324426316,             1.001001001001,                 -0.00350111637869984
         605, 3057.8723496579,           1.00068409246385,                 -0.00397728176654947
         606,3057.87145505263,           1.00100354820292,                 -0.00365794115167892
         607,3057.87056044737,           1.00100641210111,                 -0.00317981706512424
         608, 3057.8696658421,           1.00116821501514,                 -0.00286093473095293
         609,3057.86877123684,           1.00085324367654,                 -0.00270114385497718
         610,3057.86787663158,           1.00085615214411,                 -0.00254145348901854
         611,3057.86698202631,            1.0008590587828,                 -0.00206428173317094
         612,3057.86608742105,           1.00086355237509,                 -0.00158741245420315
         613,3057.86519281579,           1.00070776349908,                 -0.00126953094005592
         614,3057.86429821052,           1.00071230155897,                 -0.00126913418079768
         615,3057.86340360526,           1.00103402120061,                -0.000792961043409859
         616,     3057.862509,           1.00056441282042,                -0.000475628781248811
         617,3057.86161439474,           1.00072748482029,                -0.000316986849800536
         618,3057.86071978947,            1.0007335966676,                -0.000158444204665548
         619,3057.85982518421,           1.00073970472001,                -0.000158395014992088
         620,3057.85893057895,           1.00042911726936,                                    0
         621,3057.85803597368,           1.00043531599984,                -0.000158296727215165
         622,3057.85714136842,           1.00044151088506,                -0.000316495258109795
         623,3057.85624676316,           1.00044928462497,                -0.000316397623221054
         624,3057.85535215789,           1.00029890354588,                -0.000316300048552057
         625,3057.85445755263,           1.00030671645803,                 -0.00079050633511777
         626,3057.85356294737,           1.00031452455425,                -0.000948315238951732
         627, 3057.8526683421,           1.00048191248153,                 -0.00142203683075392
         628,3057.85177373684,           1.00033170639246,                 -0.00142159882481164
         629,3057.85087913158,           1.00034107919985,                 -0.00173697740666115
         630,3057.84998452631,           1.00035044626648,                 -0.00110501075017601
         631,3057.84908992105,           1.00020199724779,                -0.000946862099003901
         632,3057.84819531579,           1.00021297910438,                 0.000631049198173113
         633,3057.84730071053,           1.00022237678197,                  0.00141942626790251
         634,3057.84640610526,          0.999918013660186,                  0.00236499057157092
         635,    3057.8455115,            1.0000866899416,                  0.00299474343717738
         636,3057.84461689474,           1.00009769348826,                  0.00346654313167507
         637,3057.84372228947,          0.999951168106157,                   0.0036230114786455
         638,3057.84282768421,           1.00012125545059,                  0.00314949222311633
         639,3057.84193307895,           1.00013381296097,                  0.00204655116771487
         640,3057.84103847368,          0.999831603995549,                  0.00173117387753046
         641,3057.84014386842,          0.999844241416365,                 0.000943991415971391
         642,3057.83924926316,          0.999542302423281,                  0.00110099073437655
         643,3057.83835465789,          0.999869493366961,                  0.00172960598003406
         644,3057.83746005263,           1.00004086932192,                  0.00188627639608032
         645,3057.83656544737,          0.999897857361734,                   0.0020428527653155
         646, 3057.8356708421,          0.999754931223647,                  0.00204223980293957
         647,3057.83477623684,           1.00024028381759,                  0.00141343422112707
         648,3057.83388163158,          0.999783338409704,                  0.00219801613343842
         649,3057.83298702631,          0.999642144121746,                  0.00172649765824136
         650,3057.83209242105,          0.999656373025126,                  0.00156907294463212
         651,3057.83119781579,          0.999672161491053,                  0.00109802371417502
         652,3057.83030321053,           0.99984475434335,                  0.00125451035676706
         653,3057.82940860526,          0.999548510083275,                  0.00109737132537373
         654,     3057.828514,          0.999564316588254,                  0.00125376521365726
         655,3057.82761939474,          0.999738354011722,                 0.000783371222388123
         656,3057.82672478947,          0.999597467018139,                   0.0006265104776046
         657,3057.82583018421,          0.999614810082581,                 0.000156581267243512
         658,3057.82493557895,          0.999633707661145,                -0.000156535187544808
         659,3057.82404097368,          0.999651029775141,                -0.000156488890071249
         660,3057.82314636842,          0.999824784265627,                                    0
         661,3057.82225176316,          0.999843603378167,                 0.000156396621832968
         662,3057.82135715789,          0.999706060776625,                -0.000469051952194225
         663,3057.82046255263,          0.999881208422948,                -0.000156304706647327
         664,3057.81956794737,          0.999743735585127,                                    0
         665,3057.81867334211,           0.99960634349342,                 0.000156212899436384
         666,3057.81777873684,            0.9997829274806,                 0.000624669120575195
         667,3057.81688413158,          0.999803286673765,                  0.00156121687488096
         668,3057.81598952632,          0.999665997621404,                  0.00265328992342917
         669,3057.81509492105,          0.999842409358076,                  0.00358869778639759
         670,3057.81420031579,          0.999864292989875,                  0.00374364165862044
         671,3057.81330571053,          0.999884604708752,                  0.00389848956920131
         672,3057.81241110526,          0.999750569014436,                  0.00358557041748511
         673,    3057.8115165,          0.999615053136694,                  0.00311697865025473
         674,3057.81062189474,          0.999948584756471,                  0.00249286029231903
         675,3057.80972728947,          0.999814647230066,                  0.00218062082274824
         676,3057.80883268421,          0.999836500805817,                  0.00155713518269089
         677,3057.80793807895,          0.999859898192687,                    0.001089680723548
         678,3057.80704347368,           1.00003734966759,                                    0
         679,3057.80614886842,          0.999905096917828,                -0.000466736469698691
         680,3057.80525426316,           1.00008398839094,                -0.000777670286462627
         681,3057.80435965789,           0.99979630899459,                 -0.00108842521974528
         682,3057.80346505263,          0.999975128863576,                -0.000621778410610027
         683,3057.80257044737,                          1,                -0.000466200466200466
         684, 3057.8016758421,          0.999867947831626,                                    0
         685,3057.80078123684,           1.00004814643973,                 0.000465933287671871
         686,3057.79988663158,           1.00007297536072,                  0.00124213379954755
         687,3057.79899202632,          0.999942567719644,                  0.00077611189670882
         688,3057.79809742105,           1.00012259066666,                 0.000775890295319364
         689,3057.79720281579,          0.999992243311796,                  0.00062053505635234
         690,3057.79630821053,           1.00001861076819,                 0.000465269204761875
         691,3057.79541360526,           1.00019845822764,                 0.000155045490346868
         692,     3057.794519,           1.00006975068007,                 -0.00031000302252947
         693,3057.79362439474,           1.00025103124254,                 -0.00201444824262634
         694,3057.79272978947,           1.00012238176605,                 -0.00294335893022845
         695,3057.79183518421,          0.999995353901097,                 -0.00402661904931524
         696,3057.79094057895,            1.0001765017356,                    -0.00448995643194
         697,3057.79004597368,           1.00020431285871,                 -0.00433390912411697
         698,3057.78915136842,           1.00023210831721,                 -0.00402321083172147
         699,3057.78825676316,           1.00025988812435,                  -0.0032486015543785
         700,3057.78736215789,           1.00013300052272,                 -0.00231977655912183
         701,3057.78646755263,           1.00000618433014,                 -0.00139147428246309
         702,3057.78557294737,           1.00018856900853,                -0.000772823805446244
         703, 3057.7846783421,           1.00021787535984,                -0.000154521531802849
         704,3057.78378373684,           1.00009268699601,                -0.000463434980072296
         705,3057.78288913158,           1.00027643891086,                -0.000772175728663626
         706,3057.78199452632,           1.00015130414913,                 -0.00108074392235936
         707,3057.78109992105,           1.00018058816175,                 -0.00138913970578021
         708,3057.78020531579,           1.00020985581671,                 -0.00169736322338534
         709,3057.77931071053,           1.00008638722456,                 -0.00185115481207693
         710,3057.77841610526,           1.00011566488029,                 -0.00185063808458958
         711,    3057.7775215,          0.999992291147925,                 -0.00169594745646426
         712,3057.77662689474,           1.00002312013995,                 -0.00138720839723483
         713,3057.77573228947,           1.00005393203023,                 -0.00123273211960583
         714,3057.77483768421,           1.00039282440749,                 -0.00169453665976015
         715,3057.77394307895,           1.00027105112394,                 -0.00277211376754902
         716,3057.77304847368,           1.00045573237424,                 -0.00431098191851012
         717,3057.77215386842,           1.00018008782745,                 -0.00538724270144055
         718,3057.77125926316,           1.00005847395293,                 -0.00600127411665861
         719,3057.77036465789,           0.99993692705537,                 -0.00599962156233222
         720,3057.76947005263,          0.999969241179908,                 -0.00553658761649903
         721,3057.76857544737,           1.00015528929165,                 -0.00476630499124384
         722, 3057.7676808421,           1.00003535323259,                 -0.00415016208688595
         723,3057.76678623684,            1.0000676136678,                 -0.00368801824339691
         724,3057.76589163158,           1.00010139276793,                 -0.00337975893101298
         725,3057.76499702632,           1.00013515339911,                 -0.00307166816154517
         726,3057.76410242105,           0.99986181271016,                 -0.00245666293049179
         727,3057.76320781579,          0.999742120871631,                 -0.00168849429288929
         728,3057.76231321053,          0.999929409526031,                -0.000613830208426047
         729,3057.76141860526,            0.9999647143473,                 0.000153415881305201
         730,     3057.760524,          0.999845092262128,                 0.000766869989463206
         731,3057.75962939474,          0.999573736004588,                  0.00137999135205419
         732,3057.75873478947,          0.999915690076722,                  0.00122632615677047
         733,3057.75784018421,           0.99995096025942,                 0.000459747567935366
         734,3057.75694557895,          0.999679796050001,                -0.000306415263157088
         735,3057.75605097368,          0.999715111060737,                 -0.00137849486740411
         736,3057.75515636842,          0.999750406928581,                 -0.00275624250646569
         737,3057.75426176316,          0.999787214174291,                 -0.00352091654050049
         738,3057.75336715789,          0.999824001591638,                 -0.00443822073261251
         739,3057.75247255263,          0.999707768313823,                 -0.00474302736726791
         740,3057.75157794737,          0.999590068648205,                 -0.00504766216761909
         741,3057.75068334211,          0.999475489453974,                 -0.00519922990230035
         742,3057.74978873684,          0.999512321152573,                 -0.00473919883079379
         743,3057.74889413158,          0.999549133036322,                  -0.0044322515073476
         744,3057.74799952632,          0.999587452442434,                 -0.00381988479227467
         745,3057.74710492105,          0.999471470076958,                 -0.00305508626036056
         746,3057.74621031579,          0.999357076208613,                 -0.00213798885496953
         747,3057.74531571053,          0.999395416155213,                 -0.00152672688077484
         748,3057.74442110526,          0.999128471803544,                 -0.00045789572493288
         749,    3057.7435265,           0.99947203461988,                  0.00106813805226552
         750,3057.74263189474,          0.999359287283378,                   0.0021357090554064
         751,3057.74173728947,          0.999245075835564,                  0.00320270857639604
         752,3057.74084268421,          0.999284918177258,                  0.00335432837960019
         753,3057.73994807895,          0.999323216125748,                  0.00335343361116023
         754,3057.73905347368,          0.999210628175393,                   0.0033525444288331
         755,3057.73815886842,          0.999098099915904,                   0.0022852198076759
         756,3057.73726426316,          0.999137938912463,                  0.00197999896430823
         757,3057.73636965789,          0.999177756798733,                  0.00182720711392636
         758,3057.73547505263,          0.999066847512532,                  0.00182672591347713
         759,3057.73458044737,          0.999106663196807,                  0.00213061588495892
         760, 3057.7336858421,           0.99899583117792,                  0.00243434865958677
         761,3057.73279123684,          0.999037164243353,                  0.00273792158288373
         762,3057.73189663158,          0.999076956297606,                  0.00334546317177281
         763,3057.73100202632,          0.998966219708717,                  0.00425674237587035
         764,3057.73010742105,          0.998857059481543,                  0.00531953698750061
         765,3057.72921281579,          0.999202279202279,                  0.00638176638176638
         766,3057.72831821053,          0.999091596814816,                  0.00744343747056804
         767,3057.72742360526,          0.999134356918311,                  0.00804896198763801
         768,     3057.726529,          0.999023750347305,                  0.00835050247250787
         769,3057.72563709091,          0.999066505771727,                  0.00865189772546163
         770,3057.72474518182,          0.998957490815449,                  0.00804264727528768
         771,3057.72385327273,          0.998848532751582,                  0.00788884017361517
         772,3057.72296136364,          0.998891300424218,                  0.00682509998771482
         773,3057.72206945455,          0.999388933788019,                  0.00530702665492045
         774,3057.72117754545,          0.999129873240419,                  0.00348657063943706
         775,3057.72028563636,          0.999172534197373,                  0.00197015667292065
         776,3057.71939372727,          0.999065175593962,                 0.000606044995810714
         777,3057.71850181818,          0.999107831242265,                                    0
         778,3057.71760990909,           0.99930341026107,                 -0.00106002786358956
         779,     3057.716718,          0.999196101318485,                 -0.00105975344079233
         780,3057.71582609091,          0.999240202088082,                 -0.00151354165720703
         781,3057.71493418182,          0.999435595038684,                 -0.00166446503337252
         782,3057.71404227273,          0.999178570834272,                 -0.00211786525233608
         783,3057.71315036364,          0.999373878955981,                 -0.00166360663869791
         784,3057.71225845455,          0.999419399320213,                 -0.00151198093694435
         785,3057.71136654545,          0.999614544520108,                 -0.00136043110550143
         786,3057.71047463636,          0.999357739242132,                 -0.00105784124825267
         787,3057.70958272727,          0.999554309973636,                -0.000604325459476201
         788,3057.70869081818,          0.999599737185926,                -0.000453127714046204
         789,3057.70779890909,          0.999645141075298,                 -0.00105702658421859
         790,     3057.706907,           0.99969052165971,                 -0.00135868539639646
         791,3057.70601509091,          0.999737387823851,                  -0.0021129715322364
         792,3057.70512318182,          0.999631833709547,                   -0.002866868655167
         793,3057.70423127273,          0.999829540226244,                 -0.00286613778881995
         794,3057.70333936364,          0.999724016450429,                  -0.0031670243393361
         795,3057.70244745455,          0.999770826171651,                 -0.00286467285436003
         796,3057.70155554545,          0.999817612044237,                 -0.00211027386832795
         797,3057.70066363636,           1.00001506954595,                 -0.00195904097409545
         798,3057.69977172727,           1.00006176940727,                -0.000903942545411814
         799,3057.69887981818,          0.999959332878464,                 -0.00075309484325837
         800,3057.69798790909,          0.999855442586614,                 -0.00150580638943767
         801,     3057.697096,           0.99990214748632,                 -0.00195705027361068
         802,3057.69620409091,           1.00010083785724,                 -0.00301008529076671
         803,3057.69531218182,           1.00014896155739,                 -0.00376165548953432
         804,3057.69442027273,          0.999894700422703,                 -0.00391112715676098
         805,3057.69352836364,           1.00024363173709,                 -0.00406052895157142
         806,3057.69263645455,            1.0002916828295,                 -0.00300703947942133
         807,3057.69174454545,           1.00018939564751,                 -0.00165345406554292
         808,3057.69085263636,           1.00008866300694,                -0.000601105131784786
         809,3057.68996072727,           1.00013671690136,                  0.00105166847203088
         810,3057.68906881818,           1.00018474654426,                  0.00195260575237655
         811,3057.68817690909,           1.00023425393126,                  0.00285309275254376
         812,     3057.687285,           1.00028373649437,                  0.00315262771520062
         813,3057.68639309091,           1.00018160560366,                  0.00270157096351528
         814,3057.68550118182,            1.0005311758192,                  0.00210069533015428
         815,3057.68460927273,           1.00028052258207,                  0.00120009660777693
         816,3057.68371736364,           1.00047991841387,                                    0
         817,3057.68282545454,           1.00037934048733,                -0.000899621709071335
         818,3057.68193354545,           1.00028031233089,                 -0.00149899642189554
         819,3057.68104163636,           1.00017983455221,                 -0.00224793190264956
         820,3057.68014972727,           1.00052888094485,                 -0.00269684334486484
         821,3057.67925781818,           1.00042988977147,                 -0.00329532229000933
         822,3057.67836590909,           1.00063044809735,                 -0.00359400340531823
         823,     3057.677474,           1.00052998296269,                 -0.00374281753315388
         824,3057.67658209091,           1.00058074095361,                 -0.00359221208420145
         825,3057.67569018182,           1.00078111205217,                 -0.00359131978009152
         826,3057.67479827273,           1.00068218130464,                 -0.00344082675586885
         827,3057.67390636364,           1.00073286370231,                 -0.00329040845934102
         828,3057.67301445454,           1.00093454450301,                 -0.00299054240962955
         829,3057.67212254545,           1.00083564918281,                 -0.00239184023703137
         830,3057.67123063636,           1.00058735000531,                 -0.00149452927558671
         831,3057.67033872727,           1.00078891691271,                 -0.00134474473756559
         832,3057.66944681818,           1.00069162594837,                 -0.00149379254507892
         833,3057.66855490909,           1.00059288862206,                 -0.00134407999964158
         834,     3057.667663,           1.00094361032477,                 -0.00149305431134363
         835,3057.66677109091,           1.00084635329205,                 -0.00149268658209104
         836,3057.66587918182,           1.00089837605843,                 -0.00194001474411206
         837,3057.66498727273,           1.00095037321171,                 -0.00238712266677409
         838,3057.66409536364,           1.00085467918207,                 -0.00238653872830301
         839,3057.66320345455,           1.00090666157664,                 -0.00238595151746517
         840,3057.66231154545,           1.00066044782239,                 -0.00268353516996468
         841,3057.66141963636,           1.00086299281137,                 -0.00223573267195393
         842,3057.66052772727,           1.00076592269843,                 -0.00163913417952394
         843,3057.65963581818,           1.00081936685289,                 -0.00119180633147114
         844,3057.65874390909,           1.00072384549622,                -0.000446818207544079
         845,     3057.657852,           1.00092617685511,                                    0
         846,3057.65696009091,           1.00082918616197,                                    0
         847,3057.65606818182,           1.00103139273739,                -0.000148830120835175
         848,3057.65517627273,           1.00078860832949,                -0.000595176097727915
         849,3057.65428436364,           1.00069321099498,                 -0.00133881951820348
         850,3057.65339245455,           1.00089530307943,                 -0.00193337874294689
         851,3057.65250054546,           1.00094861142913,                 -0.00267633318563939
         852,3057.65160863636,           1.00085473261734,                 -0.00356757962020142
         853,3057.65071672727,           1.00090802494914,                 -0.00445838763897166
         854,3057.64982481818,           1.00081420157729,                 -0.00475446176521279
         855,3057.64893290909,           1.00072042363881,                 -0.00430768773720134
         856,     3057.648041,           1.00077519610085,                 -0.00356412000392053
         857,3057.64714909091,           1.00082994205253,                 -0.00296938122549333
         858,3057.64625718182,           1.00058779523351,                 -0.00267179651597734
         859,3057.64536527273,           1.00079095726605,                 -0.00281954747746959
         860,3057.64447336364,           1.00069729833984,                 -0.00296722697802768
         861,3057.64358145455,           1.00075201018106,                 -0.00296650958998388
         862,3057.64268954545,           1.00065840594582,                 -0.00281750292130566
         863,3057.64179763636,           1.00071458434023,                 -0.00266857222490727
         864,3057.64090572727,           1.00062103423692,                  -0.0026679275094452
         865,3057.64001381818,           1.00067719454747,                 -0.00311183490085842
         866,3057.63912190909,           1.00058369851527,                 -0.00340737711961079
         867,      3057.63823,           1.00063984075075,                 -0.00399900469216551
         868,3057.63733809091,           1.00069595605112,                 -0.00340574237780048
         869,3057.63644618182,            1.0006040041925,                 -0.00325688535171401
         870,3057.63555427273,           1.00036409168006,                   -0.002812090211854
         871,3057.63466236364,           1.00056820199581,                 -0.00177563123690472
         872,3057.63377045455,           1.00092014828885,                 -0.00133140427647054
         873,3057.63287854545,           1.00068033247552,                -0.000739491821220457
         874,3057.63198663636,            1.0002927686152,                -0.000739314684859722
         875,3057.63109472727,           1.00034887296294,                  -0.0010347926866766
         876,3057.63020281818,           1.00055422131905,                 -0.00118233881396638
         877,3057.62931090909,           1.00031472235726,                -0.000886541851424451
         878,     3057.628419,           1.00022453718749,                -0.000590887335511738
         879,3057.62752709091,           1.00028208161463,                                    0
         880,3057.62663518182,           1.00048577305096,                 0.000295302766543968
         881,3057.62574327273,           1.00024799537075,                 0.000295232584229856
         882,3057.62485136364,           1.00015791190287,                                    0
         883,3057.62395945455,           1.00021541739333,                 0.000147546159816098
         884,3057.62306754545,            1.0002728955695,                 0.000295022237301137
         885,3057.62217563636,           1.00018287035672,                 0.000884856564750854
         886,3057.62128372727,           1.00024032897055,                  0.00117952868982376
         887,3057.62039181818,           1.00029776031179,                  0.00176887313936657
         888,3057.61949990909,           0.99991305103904,                  0.00250530904460776
         889,     3057.618608,          0.999972006087939,                  0.00294672758534828
         890,3057.61771609091,           0.99988215884987,                  0.00309333019090266
         891,3057.61682418182,          0.999793826578699,                  0.00338713477851084
         892,3057.61593227273,          0.999851295860872,                  0.00323910006021781
         893,3057.61504036364,           0.99976301259566,                  0.00279674576550612
         894,3057.61414845455,          0.999820462030663,                   0.0023545963191773
         895,3057.61325654545,           1.00002648297292,                  0.00132414864598445
         896,3057.61236463636,           0.99979112793855,                 0.000588372004083302
         897,3057.61147272727,          0.999850000441175,                 0.000147058391004732
         898,3057.61058081818,           0.99976182144842,                                    0
         899,3057.60968890909,          0.999820673151831,                 0.000293978439621238
         900,     3057.608797,           0.99973254252133,                 0.000734773293048163
         901,3057.60790509091,          0.999791373438606,                    0.001469201136574
         902,3057.60701318182,          0.999703291118416,                  0.00205639818919451
         903,3057.60612127273,          0.999908952335079,                   0.0024964682317075
         904,3057.60522936364,          0.999969168473737,                  0.00190861829249135
         905,3057.60433745455,          0.999881106327639,                  0.00146782311557199
         906,3057.60344554545,          0.999793085534918,                 0.000586991390303783
         907,3057.60255363636,          0.999706572769953,                 0.000293427230046948
         908,3057.60166172727,          0.999618634123445,                 0.000293358366580615
         909,3057.60076981818,          0.999678847487751,                  0.00102651487933318
         910,3057.59987790909,          0.999739032779242,                  0.00175932957814209
         911,     3057.598986,          0.999944300962421,                  0.00278495187896306
         912,3057.59809409091,           1.00000439626786,                  0.00351701428933597
         913,3057.59720218182,          0.999917955449809,                  0.00351619500817515
         914,3057.59631027273,          0.999978028899321,                  0.00307595409504698
         915,3057.59541836364,          0.999891634474295,                  0.00219659849401207
         916,3057.59452645455,           1.00009809189307,                  0.00117124648443047
         917,3057.59363454545,           1.00001170973899,                                    0
         918,3057.59274263636,          0.999925367783174,                -0.000878026080301339
         919,3057.59185072727,          0.999985369636143,                 -0.00117042910857193
         920,3057.59095881818,          0.999899073967081,                -0.000585078451706893
         921,3057.59006690909,          0.999960516329422,                 0.000731179084768516
         922,     3057.589175,          0.999874266432354,                  0.00204682551982058
         923,3057.58828309091,          0.999934224469959,                  0.00321569257978937
         924,3057.58739118182,          0.999995615977133,                  0.00394562058035695
         925,3057.58649927273,           1.00005551805652,                  0.00409080416443864
         926,3057.58560736364,           1.00011685314481,                  0.00408986006835909
         927,3057.58471545455,           1.00003066682828,                  0.00350478037439816
         928,3057.58382354545,          0.999945980433237,                  0.00262797892360903
         929,3057.58293163636,           1.00000729825791,                  0.00116772126493406
         930,3057.58203972727,           1.00021305968298,                 0.000291862579423104
         931,3057.58114781818,          0.999982492282014,                -0.000729488249403279
         932,3057.58025590909,           1.00004375920767,                  -0.0018962323322199
         933,     3057.579364,           1.00010499790004,                 -0.00247911708432498
         934,3057.57847209091,           1.00016620837865,                 -0.00277013964419743
         935,3057.57758018182,           1.00022739066299,                 -0.00349831789214686
         936,3057.57668827273,           1.00043427445563,                 -0.00335178271121332
         937,3057.57579636364,           1.00005827845446,                 -0.00320531499504633
         938,3057.57490445454,           1.00026510594041,                 -0.00247626427857682
         939,3057.57401254545,           1.00018058006979,                 -0.00218443632804991
         940,3057.57312063636,           1.00024168867587,                 -0.00203833823019827
         941,3057.57222872727,           1.00030276917344,                 -0.00116449682092368
         942,3057.57133681818,            1.0003638215819,                 -0.00116422906206796
         943,3057.57044490909,           1.00042630149264,                 -0.00145495389978569
         944,     3057.569553,           1.00063275948594,                 -0.00116369560632178
         945,3057.56866109091,            1.0004028370197,                -0.000581714107875973
         946,3057.56776918182,           1.00031986972578,                                    0
         947,3057.56687727273,           1.00038084827412,                 0.000145361936686155
         948,3057.56598536364,           1.00029792397852,                 0.000435986310029865
         949,3057.56509345454,           1.00021358424882,                 0.000581181629429875
         950,3057.56420154546,           1.00027599831496,                                    0
         951,3057.56330963636,           1.00033838391907,                -0.000871374898884204
         952,3057.56241772727,            1.0005444843733,                 -0.00188754582743475
         953,3057.56152581818,            1.0001712920355,                    -0.00246776661315
         954,3057.56063390909,           1.00008852909632,                 -0.00333798232030408
         955,     3057.559742,           1.00014944928663,                 -0.00391760265932672
         956,3057.55885009091,           1.00035685583894,                 -0.00493215387159573
         957,3057.55795818182,           1.00041913762072,                 -0.00551115210634783
         958,3057.55706627273,           1.00019139644003,                  -0.0055098975159062
         959,3057.55617436364,           1.00025368752945,                 -0.00579857210161998
         960,3057.55528245454,           1.00002608763707,                 -0.00550739004785632
         961,3057.55439054546,           1.00066653142841,                 -0.00492653664473875
         962,3057.55349863636,           1.00029407631787,                 -0.00420109025535385
         963,3057.55260672727,           0.99992179058996,                 -0.00347597377957112
         964,3057.55171481818,          0.999984072075307,                 -0.00289598630777674
         965,3057.55082290909,           1.00004777298279,                 -0.00217149921753645
         966,     3057.549931,          0.999965263907463,                 -0.00202627206465545
         967,3057.54903909091,           1.00002749315927,                 -0.00217051257377934
         968,3057.54814718182,           1.00008969414297,                 -0.00231468756057971
         969,3057.54725527273,           1.00044113712133,                 -0.00231416194794582
         970,3057.54636336364,           1.00006940909722,                  -0.0024582388598399
         971,3057.54547145454,          0.999554725404361,                 -0.00216854510862965
         972,3057.54457954546,          0.999761514168227,                 -0.00216805301612309
         973,3057.54368763636,          0.999823705026719,                 -0.00144504076459997
         974,3057.54279572727,           1.00003033897301,                 -0.00173365560064665
         975,3057.54190381818,          0.999660568944225,                  -0.0020221424599363
         976,3057.54101190909,          0.999722740479312,                 -0.00245490200608816
         977,      3057.54012,          0.999930700731107,                 -0.00288746953719638
         978,3057.53922809091,          0.999848442202351,                 -0.00360851899163545
         979,3057.53833618182,          0.999477604832588,                 -0.00418493366158606
         980,3057.53744427273,          0.999541203662291,                 -0.00447254291477065
         981,3057.53655236364,          0.999603332011107,                 -0.00418304424651112
         982,3057.53566045454,          0.999522663394051,                 -0.00360526137423911
         983,3057.53476854546,          0.999440590090947,                 -0.00273937842061858
         984,3057.53387663636,          0.999359994464817,                 -0.00201803547129777
         985,3057.53298472727,          0.999277994987758,                 -0.00086467666136812
         986,3057.53209281818,          0.999341552639048,                -0.000288160770657165
         987,3057.53120090909,          0.999405081725637,                 0.000288096016640426
         988,     3057.530309,          0.999179112000807,                 0.000720077192275012
         989,3057.52941709091,          0.998954682762056,                  0.00100788163438086
         990,3057.52852518182,          0.999016817742769,                  0.00172740660128433
         991,3057.52763327273,          0.999080362501241,                   0.0023026917026822
         992,3057.52674136364,          0.998999992805704,                  0.00244606076302707
         993,3057.52584945455,          0.998918222201763,                  0.00316477547356549
         994,3057.52495754545,          0.998837925063425,                  0.00316406542136722
         995,3057.52406563636,          0.998757663948098,                   0.0033071445826096
         996,3057.52317372727,          0.998821195480291,                  0.00287513297490009
         997,3057.52228181818,          0.998739538674029,                  0.00229958736779169
         998,3057.52138990909,          0.998659353702152,                  0.00158061192672283
         999,     3057.520498,          0.998722864461297,                  0.00114927832504177
        1000,3057.51960609091,          0.998499091555415,                  0.00028725520470524
        1001,3057.51871418182,           0.99841901433226,                 0.000143595428495938
        1002,3057.51782227273,          0.998337539731078,                 0.000287126125893321
        1003,3057.51693036364,          0.998401065573535,                -0.000143530917995045
        1004,3057.51603845455,          0.998464562974443,                -0.000430496362305739
        1005,3057.51514654545,          0.998384565281639,                -0.000860800027545601
        1006,3057.51425463636,           0.99816116881962,                -0.000860607416714717
        1007,3057.51336272727,          0.998368079754724,                                    0
        1008,3057.51247081818,           0.99814335586635,                 0.000573480813482534
        1009,3057.51157890909,          0.998063501664873,                   0.0010033670130194
        1010,     3057.510687,          0.998126989267806,                  0.00157636710437127
        1011,3057.50979509091,          0.998047174420421,                  0.00171928884482415
        1012,3057.50890318182,          0.997967395243504,                  0.00171890465665596
        1013,3057.50801127272,          0.997744441659804,                  0.00157531058680319
        1014,3057.50711936364,          0.997807943805472,                 0.000859068397594036
        1015,3057.50622745455,          0.997585125403135,                 0.000429438280414608
        1016,3057.50533554545,          0.997791748897663,                -0.000429342404861301
        1017,3057.50444363636,          0.997710688224353,                -0.000572327943911862
        1018,3057.50355172727,          0.997488041015312,                -0.000429150168226866
        1019,3057.50265981818,          0.997551529435994,                -0.000286036280841862
        1020,3057.50176790909,          0.997472003294403,                 0.000428958717013075
        1021,     3057.500876,          0.997392512622869,                  0.00114363481453102
        1022,3057.49998409091,          0.997313057397668,                   0.0015721472673222
        1023,3057.49909218182,          0.997376528215182,                  0.00185757806114575
