"SCAN INDEX",      WAVENUMBER,"SCIENCE DIRECT ABSORPTION","SCIENCE HARMONIC ABSORPTION SPECTRA"
           0,3058.41469805405,                          1,                                    0
           1,3058.41377927027,                          1,                                    0
           2,3058.41286048648,                          1,                                    0
           3, 3058.4119417027,                          1,                                    0
           4,3058.41102291891,                          1,                                    0
           5,3058.41010413513,                          1,                                    0
           6,3058.40918535135,                          1,                                    0
           7,3058.40826656757,                          1,                                    0
           8,3058.40734778377,                          1,                                    0
           9,     3058.406429,                          1,                                    0
          10,3058.40551021621,                          1,                                    0
          11,3058.40459143243,                          1,                                    0
          12,3058.40367264864,                          1,                                    0
          13,3058.40275386486,                          1,                                    0
          14,3058.40183508107,                          1,                                    0
          15,3058.40091629729,                          1,                                    0
          16,3058.39999751351,                          1,                                    0
          17,3058.39907872973,                          1,                                    0
          18,3058.39815994594,                          1,                                    0
          19,3058.39724116216,                          1,                                    0
          20,3058.39632237837,                          1,                                    0
          21,3058.39540359459,                          1,                                    0
          22,3058.39448481081,                          1,                                    0
          23,3058.39356602702,                          1,                                    0
          24,3058.39264724324,                          1,                                    0
          25,3058.39172845946,                          1,                                    0
          26,3058.39080967567,                          1,                                    0
          27,3058.38989089189,                          1,                                    0
          28,3058.38897210811,                          1,                                    0
          29,3058.38805332432,                          1,                                    0
          30,3058.38713454054,                          1,                                    0
          31,3058.38621575675,                          1,                                    0
          32,3058.38529697297,                          1,                                    0
          33,3058.38437818918,                          1,                                    0
          34, 3058.3834594054,                          1,                                    0
          35,3058.38254062161,                          1,                                    0
          36,3058.38162183783,                          1,                                    0
          37,3058.38070305405,                          1,                                    0
          38,3058.37978427027,                          1,                                    0
          39,3058.37886548648,                          1,                                    0
          40, 3058.3779467027,                          1,                                    0
          41,3058.37702791892,                          1,                                    0
          42,3058.37610913513,                          1,                                    0
          43,3058.37519035135,                          1,                                    0
          44,3058.37427156757,                          1,                                    0
          45,3058.37335278378,                          1,                                    0
          46,     3058.372434,                          1,                                    0
          47,3058.37151521621,                          1,                                    0
          48,3058.37059643243,                          1,                                    0
          49,3058.36967764864,                          1,                                    0
          50,3058.36875886486,                          1,                                    0
          51,3058.36784008107,                          1,                                    0
          52,3058.36692129729,                          1,                                    0
          53, 3058.3660025135,                          1,                                    0
          54,3058.36508372972,                          1,                                    0
          55,3058.36416494595,                          1,                                    0
          56,3058.36324616216,                          1,                                    0
          57,3058.36232737837,                          1,                                    0
          58,3058.36140859459,                          1,                                    0
          59,3058.36048981081,                          1,                                    0
          60,3058.35957102702,                          1,                                    0
          61,3058.35865224324,                          1,                                    0
          62,3058.35773345945,                          1,                                    0
          63,3058.35681467567,                          1,                                    0
          64,3058.35589589189,                          1,                                    0
          65, 3058.3549771081,                          1,                                    0
          66,3058.35405832432,                          1,                                    0
          67,3058.35313954054,                          1,                                    0
          68,3058.35222075675,                          1,                                    0
          69,3058.35130197297,                          1,                                    0
          70,3058.35038318919,                          1,                                    0
          71,3058.34946440541,                          1,                                    0
          72,3058.34854562161,                          1,                                    0
          73,3058.34762683784,                          1,                                    0
          74,3058.34670805405,                          1,                                    0
          75,3058.34578927026,                          1,                                    0
          76,3058.34487048648,                          1,                                    0
          77, 3058.3439517027,                          1,                                    0
          78,3058.34303291892,          0.998847785821867,                 -0.00176961221897575
          79,3058.34211413513,          0.997924756709167,                -0.000393038502051661
          80,3058.34119535134,          0.996806291566331,                -0.000392830065641904
          81,3058.34027656756,          0.996474255785283,                 -0.00058893277528681
          82,3058.33935778379,          0.995161537163554,                 -0.00137344849371942
          83,     3058.338439,          0.994830723855543,                  -0.0015688243230523
          84,3058.33752021621,          0.994696259942063,                 -0.00156799410434217
          85,3058.33660143243,          0.994366042673896,                 -0.00117537357290059
          86,3058.33568264865,          0.994429705626095,                 -0.00097896210437694
          87,3058.33476386486,          0.994687044411612,                  -0.0013698228036359
          88,3058.33384508108,          0.994552940141017,                -0.000977928161397264
          89,3058.33292629729,          0.995005424636647,                -0.000977412008483936
          90,3058.33200751351,          0.995066673179309,                 -0.00117227568016412
          91,3058.33108872973,          0.995127857135883,                -0.000976381335494391
          92,3058.33016994594,          0.994993803245733,                 -0.00117104017643672
          93,3058.32925116215,          0.995250031698967,                -0.000975352833887659
          94,3058.32833237837,              0.99511605463,                -0.000974839395209639
          95,3058.32741359459,          0.994982218541433,                 -0.00155892239489453
          96,3058.32649481081,           0.99484852321086,                 -0.00155810262053385
          97,3058.32557602703,          0.994909628879826,                 -0.00175194417137907
          98,3058.32465724323,           0.99477611214335,                 -0.00175102386256408
          99,3058.32373845945,          0.994642735607821,                -0.000388912115584681
         100,3058.32281967568,          0.994509499052524,                 0.000388708031679705
         101,3058.32190089189,           0.99476490641906,                  0.00135976456647792
         102, 3058.3209821081,          0.994827827221471,                  0.00194150629824643
         103,3058.32006332432,          0.994694702852907,                  0.00271668471321512
         104,3058.31914454054,          0.994949612493309,                  0.00310315668613897
         105,3058.31822575675,          0.995010409518603,                  0.00387691568096085
         106,3058.31730697297,          0.994877398555442,                  0.00387488762825878
         107,3058.31638818918,          0.995325455932643,                  0.00406650478104776
         108, 3058.3154694054,          0.994805335562936,                  0.00367729598748945
         109,3058.31455062162,          0.994866080927897,                  0.00348193456284312
         110,3058.31363183784,          0.995122026669348,                  0.00270676284697316
         111,3058.31271305405,          0.994989304203149,                  0.00212563261725279
         112,3058.31179427027,          0.995629274397746,                 0.000965692797669976
         113,3058.31087548648,          0.995689463798638,                 -0.00019303789526922
         114, 3058.3099567027,          0.995556653154622,                -0.000385874671765357
         115,3058.30903791892,          0.995618737610206,                -0.000578511759215692
         116,3058.30811913513,          0.995293364839392,                -0.000192736902563786
         117,3058.30720035134,          0.995738877159457,                 0.000577909969332244
         118,3058.30628156757,          0.995991389767069,                  0.00154029211639988
         119,3058.30536278378,          0.995668246573181,                  0.00230924216445268
         120,3058.30444399999,          0.995728197168416,                  0.00346206442901902
         121,3058.30352521621,          0.995788085530123,                  0.00461368997156814
         122,3058.30260643244,          0.996041962878992,                  0.00537985628098221
         123,3058.30168764865,          0.996293664663069,                  0.00652929541220978
         124,3058.30076886486,          0.996353166986564,                  0.00690978886756238
         125,3058.29985008107,          0.996222679652924,                   0.0074817416727256
         126,3058.29893129729,          0.996282157230811,                  0.00747786838568161
         127,3058.29801251351,           0.99653321426039,                  0.00613251208775625
         128,3058.29709372972,          0.996594378617754,                  0.00593781005903333
         129,3058.29617494595,          0.996653571948203,                  0.00593474082412491
         130,3058.29525616216,          0.996523266560407,                  0.00554899668399612
         131,3058.29433737837,          0.996773681502887,                  0.00516363956265885
         132,3058.29341859459,          0.997025743755209,                  0.00477868933931753
         133,3058.29249981081,          0.997277546926494,                  0.00382098676983331
         134,3058.29158102702,          0.997145284946391,                  0.00305521343530108
         135,3058.29066224323,          0.997396767716866,                  0.00190852806681375
         136,3058.28974345946,          0.997646089341782,                  0.00133528157273279
         137,3058.28882467568,          0.997515743475252,                  0.00190656678798787
         138,3058.28790589188,          0.997576090187739,                  0.00247726631756267
         139,3058.28698710811,          0.997636375064043,                  0.00266645842896079
         140,3058.28606832432,          0.997694698949765,                  0.00266508791934683
         141,3058.28514954054,          0.997945127287948,                  0.00266372388599262
         142,3058.28423075676,          0.998005130750463,                  0.00228202392702087
         143,3058.28331197297,          0.998255144283222,                  0.00228085714611551
         144,3058.28239318918,          0.998504902286721,                  0.00132982007534381
         145, 3058.2814744054,          0.998374650625835,                 0.000759509053347916
         146,3058.28055562162,          0.998434312283532,                -0.000379560658537743
         147,3058.27963683783,          0.998683596550795,                -0.000758733976486834
         148,3058.27871805405,          0.998743039796156,                 -0.00132710730420902
         149,3058.27779927028,          0.998802422441694,                  -0.0017054110798663
         150,3058.27688048648,          0.998482957418641,                 -0.00170454222624578
         151, 3058.2759617027,          0.999110303443315,                 -0.00189297139720219
         152,3058.27504291892,          0.999169408501549,                 -0.00227040956296508
         153,3058.27412413513,          0.999608552836857,                 -0.00226925891676926
         154,3058.27320535135,          0.999100318290756,                  -0.0028351314366934
         155,3058.27228656756,          0.999537163853442,                  -0.0028336906932152
         156,3058.27136778378,          0.999409002422524,                 -0.00283225676106893
         157,     3058.270449,          0.999656527302305,                 -0.00320826146198588
         158,3058.26953021622,          0.999715175487738,                 -0.00320663358175312
         159,3058.26861143243,          0.999775649062345,                 -0.00320501339507069
         160,3058.26769264865,          0.999834177520502,                 -0.00358025808007718
         161,3058.26677386486,          0.999894529866882,                  -0.0037667904685134
         162,3058.26585508108,          0.999954821318314,                 -0.00470611267563213
         163, 3058.2649362973,           1.00001317044627,                 -0.00489188004357536
         164,3058.26401751351,           1.00026139562698,                 -0.00488941460543364
         165,3058.26309872972,          0.999945491693122,                 -0.00432307261446275
         166,3058.26217994594,           1.00019350099662,                 -0.00375730090532165
         167,3058.26126116216,           1.00006571967741,                  -0.0033798691239567
         168,3058.26034237837,           1.00049921739228,                 -0.00262745995938698
         169,3058.25942359459,           1.00037141109956,                 -0.00168823227074744
         170,3058.25850481081,           1.00061870746386,                  -0.0018748711026117
         171,3058.25758602702,           1.00049284438673,                 -0.00168653972644326
         172,3058.25666724324,           1.00055253275395,                 -0.00224759086354314
         173,3058.25574845945,           1.00079936649737,                 -0.00243366849316607
         174,3058.25482967567,           1.00085884129399,                  -0.0037422278605122
         175,3058.25391089189,           1.00091825647221,                 -0.00430140506331481
         176,3058.25299210811,           1.00097948319177,                 -0.00467310683096064
         177,3058.25207332431,           1.00085194789666,                 -0.00411027494002735
         178,3058.25115454054,           1.00091314650866,                 -0.00317453796467299
         179,3058.25023575675,           1.00078577174544,                  -0.0020530853206266
         180,3058.24931697297,           1.00084694224003,                 -0.00130585807934394
         181,3058.24839818919,            1.0010926434887,                 -0.00074583173290274
         182, 3058.2474794054,            1.0009672351425,                 -0.00111819091618973
         183,3058.24656062161,           1.00102822400381,                 -0.00186272464459214
         184,3058.24564183784,           1.00108915222997,                 -0.00260651815719166
         185,3058.24472305406,           1.00115001991135,                 -0.00409392201450737
         186,3058.24380427027,           1.00121082713815,                   -0.005393853610813
         187,3058.24288548648,            1.0012715740004,                 -0.00576298158076726
         188, 3058.2419667027,           1.00096063978238,                 -0.00594593288899872
         189,3058.24104791892,           1.00102145045965,                 -0.00575726622713344
         190,3058.24012913513,           1.00126782707804,                 -0.00612566523796353
         191,3058.23921035135,           1.00132842533359,                 -0.00612263072744274
         192,3058.23829156756,           1.00139082058414,                 -0.00611961057023644
         193,3058.23737278378,            1.0012659471342,                 -0.00611658205394825
         194,     3058.236454,           1.00132831156224,                 -0.00611356785967694
         195,3058.23553521621,           1.00138876029997,                 -0.00629571335987409
         196,3058.23461643243,            1.0012659258656,                 -0.00610753707089925
         197,3058.23369764865,            1.0013281981272,                 -0.00554957434764754
         198,3058.23277886486,           1.00157345210955,                 -0.00499215122890123
         199,3058.23186008108,           1.00126590465982,                 -0.00443528639937906
         200,3058.23094129729,           1.00114337222769,                 -0.00332483038747204
         201,3058.23002251351,           1.00120558223345,                 -0.00184622087817342
         202,3058.22910372973,           1.00126773116718,                -0.000553594396148459
         203,3058.22818494595,           1.00151610725629,                                    0
         204,3058.22726616215,           1.00120934142511,                 -0.00036870165399562
         205,3058.22634737838,           1.00145565771775,                 -0.00184260470601242
         206,3058.22542859459,           1.00170173267327,                 -0.00294672324375295
         207,3058.22450981081,           1.00139716994851,                 -0.00441792869094932
         208,3058.22359102702,           1.00127689482729,                 -0.00423178400974414
         209,3058.22267224324,           1.00115489580192,                 -0.00367801210801586
         210,3058.22175345945,           1.00158628916783,                 -0.00275716541338181
         211,3058.22083467567,           1.00128237632785,                 -0.00146977229552712
         212,3058.21991589189,           1.00116239140455,                -0.000550896400259289
         213, 3058.2189971081,           1.00122606601668,                -0.000183542816868319
         214,3058.21807832432,           1.00128967871773,                 -0.00055036076147915
         215,3058.21715954054,           1.00098650070962,                 -0.00128355110917152
         216,3058.21624075675,           1.00141671874742,                 -0.00183275387764902
         217,3058.21532197297,           1.00093058700256,                 -0.00183186417826237
         218,3058.21440318918,           1.00117915027941,                 -0.00164788082525872
         219, 3058.2134844054,           1.00105962252549,                 -0.00128106350231781
         220,3058.21256562162,           1.00112496227261,                 -0.00146336555786239
         221,3058.21164683784,            1.0010055763781,                 -0.00182832068744858
         222,3058.21072805405,           1.00088813517198,                 -0.00255841407566327
         223,3058.20980927027,            1.0009534629702,                 -0.00310514760410464
         224,3058.20889048649,           1.00083616008997,                 -0.00346878639943623
         225, 3058.2079717027,             1.001083929738,                 -0.00346711532355485
         226,3058.20705291892,             1.000784285115,                 -0.00310066208255057
         227,3058.20613413513,           1.00066723302475,                 -0.00255225747173375
         228,3058.20521535135,           1.00073433346028,                -0.000911083697614965
         229,3058.20429656756,           1.00043528861092,                 0.000182129125907686
         230,3058.20337778379,           1.00068265598689,                  0.00218449915805762
         231,3058.20245899999,           1.00074965246694,                  0.00291127171626746
         232,3058.20154021621,           1.00081658485662,                  0.00381921647864603
         233,3058.20062143243,           1.00051989224052,                  0.00399917108090323
         234,3058.19970264865,            1.0004033591459,                  0.00472402603301731
         235,3058.19878386486,           1.00047036090665,                  0.00508498277462085
         236,3058.19786508108,           1.00035759471268,                  0.00562712492035803
         237,3058.19694629729,           1.00060598803264,                  0.00616874045205981
         238,3058.19602751351,           1.00067279740456,                  0.00670983934468445
         239,3058.19510872973,            1.0001957614031,                  0.00706916177867361
         240,3058.19418994594,           1.00044568931469,                  0.00797167879932023
         241,3058.19327116216,           1.00033139146386,                  0.00851114688609731
         242,3058.19235237838,           1.00058101755904,                  0.00905011774203182
         243,3058.19143359459,           1.00028765732956,                  0.00958857765210108
         244,3058.19051481081,           1.00035623676544,                    0.010126527342528
         245,3058.18959602702,           1.00024400603689,                   0.0104832223256487
         246,3058.18867724324,          0.999951221891615,                   0.0102976006590464
         247,3058.18775845946,            1.0003810115405,                  0.00993158043948146
         248,3058.18683967568,           1.00008843951189,                  0.00920492878814405
         249,3058.18592089189,            1.0005195629898,                   0.0077573640837651
         250, 3058.1850021081,           1.00004688283259,                  0.00667178771453404
         251,3058.18408332433,           1.00029738570926,                  0.00540701289572576
         252,3058.18316454054,           1.00036750399931,                  0.00396327842391226
         253,3058.18224575675,           1.00043755638265,                  0.00288102968000764
         254,3058.18132697297,           1.00014758341162,                   0.0025197167838335
         255,3058.18040818918,           1.00021767327062,                  0.00215874317972077
         256, 3058.1794894054,           1.00046750818139,                  0.00251735174596325
         257,3058.17857062162,            1.0001779292273,                  0.00305535036781027
         258,3058.17765183783,           1.00060898823521,                  0.00377249349244873
         259,3058.17673305405,           1.00031961387771,                  0.00466851731481249
         260,3058.17581427027,           1.00057072913339,                  0.00538423710744425
         261,3058.17489548649,           1.00028343755942,                  0.00609928925341112
         262, 3058.1739767027,           1.00035502831261,                  0.00591713854352324
         263,3058.17305791892,           1.00060577602059,                  0.00591438126610773
         264,3058.17213913513,            1.0008562901498,                  0.00555334615977156
         265,3058.17122035135,           1.00056940062527,                  0.00555076081234489
         266,3058.17030156756,           1.00046175157765,                  0.00501125743187374
         267,3058.16938278378,           1.00089266387717,                  0.00447226391366026
         268,3058.16846399999,           1.00078496444415,                  0.00321853302840713
         269,3058.16754521622,           1.00050042893909,                  0.00250214469545325
         270,3058.16662643243,           1.00075208251828,                  0.00142913542665945
         271,3058.16570764864,            1.0010035033337,                 0.000892796560233413
         272,3058.16478886486,           1.00125469170815,                 0.000535430316421469
         273,3058.16387008108,           1.00097046503828,                 0.000713577234031925
         274,3058.16295129729,           1.00122322195951,                 0.000891561194977301
         275,3058.16203251352,           1.00129573157147,                   0.0014258394184001
         276,3058.16111372972,           1.00083551416188,                  0.00213777610714534
         277,3058.16019494594,           1.00126426752613,                  0.00249292188251215
         278,3058.15927616216,            1.0013384402899,                  0.00213580897324543
         279,3058.15835737837,           1.00123464257631,                  0.00195692627369215
         280,3058.15743859459,           1.00166440241552,                  0.00177820770888606
         281,3058.15651981081,           1.00138459104797,                  0.00177739544026974
         282,3058.15560102702,           1.00181388895304,                  0.00124360653000023
         283,3058.15468224324,           1.00171006344815,                 0.000887883410253633
         284,3058.15376345946,            1.0016081108425,                 0.000354991355960482
         285,3058.15284467567,           1.00186108070419,                -0.000532244243334971
         286,3058.15192589189,           1.00193648609348,                 -0.00124133723940785
         287,3058.15100710811,           1.00165731656519,                  -0.0021270373029167
         288,3058.15008832433,           1.00226426326401,                 -0.00212606879249923
         289,3058.14916954053,           1.00180810690676,                 -0.00230219292730914
         290,3058.14825075676,           1.00188517263048,                 -0.00194712666058927
         291,3058.14733197297,           1.00196039575932,                 -0.00106158615125479
         292,3058.14641318919,           1.00203732261853,                 -0.00106110553048202
         293, 3058.1454944054,           1.00193740896299,                 -0.00106062534470324
         294,3058.14457562162,           1.00201427662732,                -0.000353381864442717
         295,3058.14365683783,           1.00209107478418,                -0.000529833137883776
         296,3058.14273805406,           1.00199127229589,                 0.000176531231905549
         297,3058.14181927027,           1.00224446295225,                 0.000705805959825525
         298,3058.14090048648,           1.00214644883533,                   0.0015873491797814
         299, 3058.1399817027,           1.00275192643665,                  0.00299697305721222
         300,3058.13906291892,           1.00230134591731,                  0.00352426633585553
         301,3058.13814413513,           1.00237957266327,                   0.0042272201272041
         302,3058.13722535135,           1.00263378426912,                  0.00404926725868128
         303,3058.13630656756,           1.00253757976131,                  0.00475136293725737
         304,3058.13538778378,            1.0029673903675,                  0.00457333429490618
         305,     3058.134469,           1.00269354112749,                  0.00386800945200855
         306,3058.13355021621,           1.00277317924439,                  0.00316332233200122
         307,3058.13263143243,            1.0026770845776,                  0.00281058748304864
         308,3058.13171264865,           1.00258107562376,                  0.00245816726072375
         309,3058.13079386486,           1.00248515226823,                  0.00245707145163781
         310,3058.12987508108,           1.00274016819931,                  0.00228054971773812
         311, 3058.1289562973,           1.00299495696941,                  0.00175348768700946
         312,3058.12803751351,            1.0027254642491,                  0.00140216810242838
         313,3058.12711872972,           1.00298179040571,                 0.000525579977505177
         314,3058.12619994595,           1.00323613261139,                 0.000175115401049291
         315,3058.12528116215,           1.00279185373837,                 0.000350075703870962
         316,3058.12436237837,           1.00304956461035,                 0.000174960677587712
         317,3058.12344359459,           1.00313041045102,                 0.000174883265420332
         318,3058.12252481081,            1.0032111847821,                -0.000349611843450809
         319,3058.12160602703,           1.00346836969152,                -0.000873644758568271
         320,3058.12068724324,           1.00302496821338,                 -0.00174651744421623
         321,3058.11976845946,           1.00328200830977,                 -0.00296777347159666
         322,3058.11884967567,           1.00371332049027,                 -0.00261747215009632
         323,3058.11793089189,           1.00309772484668,                 -0.00209305732884024
         324,3058.11701210811,           1.00335614348603,                  -0.0010460706969446
         325,3058.11609332432,           1.00308978141496,                  0.00017426855132296
         326,3058.11517454054,           1.00317378474702,                  0.00121934649995297
         327,3058.11425575675,           1.00290948219574,                  0.00208939475457447
         328,3058.11333697297,            1.0029934908977,                  0.00261060252706325
         329,3058.11241818918,           1.00307742623484,                  0.00208757008581653
         330, 3058.1114994054,           1.00316128830323,                  0.00208665894602857
         331,3058.11058062162,           1.00307126481533,                  0.00121668668405949
         332,3058.10966183784,           1.00333053616941,                 0.000173736889379985
         333,3058.10874305405,            1.0032405172324,                 -0.00034732231858487
         334,3058.10782427026,           1.00349948965776,                  -0.0012151005756105
         335,3058.10690548649,           1.00306419541446,                 -0.00156159449208272
         336, 3058.1059867027,            1.0031495844491,                 -0.00190778793723031
         337,3058.10506791892,           1.00323663868052,                 -0.00225368520871725
         338,3058.10414913513,           1.00332187917509,                 -0.00242599418107967
         339,3058.10323035135,           1.00323557329232,                 -0.00329100067205698
         340,3058.10231156757,           1.00314934182392,                 -0.00398212545080257
         341,3058.10139278378,           1.00306318467369,                 -0.00467265458698925
         342,     3058.100474,           1.00315008848272,                 -0.00484362863899225
         343,3058.09955521621,            1.0030640052012,                 -0.00449571869250667
         344,3058.09863643243,           1.00297799601436,                  -0.0046666217288278
         345,3058.09771764865,            1.0030665572496,                 -0.00431909471774716
         346,3058.09679886487,           1.00298235282944,                 -0.00379917557889938
         347,3058.09588008108,           1.00324345224841,                 -0.00397016507255908
         348,3058.09496129729,           1.00298670218732,                 -0.00396846622231348
         349,3058.09404251351,           1.00324757639048,                  -0.0041392370351335
         350,3058.09312372973,           1.00281864963409,                 -0.00396507287976347
         351,3058.09220494595,            1.0029087801045,                 -0.00396338521347137
         352,3058.09128616216,           1.00299710624225,                 -0.00378944467410776
         353,3058.09036737838,           1.00274273553866,                 -0.00344348466874538
         354,3058.08944859459,           1.00283278318366,                 -0.00344202087929865
         355,3058.08852981081,           1.00292275430457,                 -0.00378461416718705
         356,3058.08761102703,           1.00267046343632,                 -0.00412692353326558
         357,3058.08669224324,           1.00276042723026,                  -0.0042970535962901
         358,3058.08577345945,           1.00268022816301,                 -0.00395161844546767
         359,3058.08485467567,           1.00242835994683,                 -0.00291952751740554
         360,3058.08393589189,           1.00269169762348,                 -0.00154497950327192
         361, 3058.0830171081,           1.00226844527419,                                    0
         362,3058.08209832432,           1.00253162820055,                  0.00171519525782815
         363,3058.08117954054,           1.00262486091323,                  0.00308605463345386
         364,3058.08026075675,           1.00237354652408,                  0.00377025440648484
         365,3058.07934197297,           1.00212416061395,                  0.00462518843360285
         366,3058.07842318918,           1.00221744676844,                  0.00479447949931935
         367,3058.07750440541,           1.00248181429183,                  0.00427899015832264
         368,3058.07658562162,           1.00223441130277,                  0.00461938018183249
         369,3058.07566683784,           1.00198550122362,                  0.00410439529431079
         370,3058.07474805405,            1.0019094571979,                  0.00393173818726356
         371,3058.07382927027,           1.00200263828798,                  0.00358834505526051
         372,3058.07291048648,           1.00226825535636,                  0.00273283777874945
         373, 3058.0719917027,           1.00236291991341,                  0.00204877449139173
         374,3058.07107291892,           1.00211789562068,                  0.00221858525937822
         375,3058.07015413513,           1.00187136538025,                  0.00153530432290521
         376,3058.06923535135,             1.002138304294,                  0.00187570552105394
         377,3058.06831656757,           1.00172322985432,                  0.00153403251126236
         378,3058.06739778378,           1.00216038655245,                  0.00187415237199539
         379,     3058.066479,           1.00208626048452,                  0.00238429769659812
         380,3058.06556021622,           1.00184195921814,                   0.0027237844260816
         381,3058.06464143243,           1.00227852452349,                   0.0030629903975251
         382,3058.06372264865,           1.00186595407746,                  0.00357201783287379
         383,3058.06280386486,           1.00196380144352,                  0.00408062637614874
         384,3058.06188508108,           1.00189161215323,                  0.00492872888082164
         385,3058.06096629729,           1.00181948222055,                   0.0056062477383887
         386,3058.06004751351,           1.00191722805164,                   0.0066228426939007
         387,3058.05912872973,           1.00184684745855,                  0.00746886839853882
         388,3058.05820994594,            1.0021141792539,                  0.00831418807711494
         389,3058.05729116216,           1.00204377581221,                  0.00881961346347917
         390,3058.05637237837,           1.00214296855397,                  0.00864647122250931
         391,3058.05545359459,           1.00173367204619,                  0.00813453159502912
         392,3058.05453481081,           1.00217340852457,                  0.00711482135869372
         393,3058.05361602702,           1.00193376433813,                  0.00592659823421239
         394,3058.05269724324,           1.00220379892958,                  0.00558566548972745
         395,3058.05177845946,           1.00196603264088,                  0.00541420348607027
         396,3058.05085967567,           1.00223583492029,                  0.00575025622465236
         397,3058.04994089189,           1.00216730513695,                  0.00591697970306905
         398,3058.04902210811,            1.0022678189395,                  0.00642154394194924
         399,3058.04810332432,           1.00220102466735,                  0.00658787122232038
         400,3058.04718454054,           1.00213428430558,                  0.00658521265171317
         401,3058.04626575676,           1.00223468967519,                  0.00675132832384772
         402,3058.04534697297,           1.00216798967463,                  0.00624246054174435
         403,3058.04442818919,           1.00210303346134,                  0.00522807035296221
         404, 3058.0435094054,           1.00237359910451,                  0.00421448704635261
         405,3058.04259062162,           1.00230861264176,                  0.00320172556156581
         406,3058.04167183784,           1.00257887812906,                  0.00202132838332471
         407,3058.04075305405,           1.00268223812819,                  0.00050512959099657
         408,3058.03983427027,           1.00278551532033,                -0.000673236331198613
         409,3058.03891548649,           1.00255391314003,                 -0.00218714564034577
         410, 3058.0379967027,           1.00265715919411,                 -0.00319531801823013
         411,3058.03707791892,           1.00276200834822,                 -0.00369836784302782
         412,3058.03615913513,           1.00269873330936,                 -0.00403297630290341
         413,3058.03524035135,           1.00280348243246,                 -0.00369542321834408
         414,3058.03432156756,           1.00290814818795,                 -0.00218279021035381
         415,3058.03340278378,           1.00284489052626,                                    0
         416,     3058.032484,           1.00295113926727,                  0.00201328432104503
         417,3058.03156521622,           1.00305562170665,                  0.00352184719208155
         418,3058.03064643243,           1.00282642150897,                  0.00419101647237114
         419,3058.02972764865,           1.00310012568077,                  0.00435693338919145
         420,3058.02880886486,            1.0032061053358,                  0.00351767043113239
         421,3058.02789008108,           1.00314623899695,                  0.00217674864078792
         422, 3058.0269712973,           1.00325211688875,                 0.000669504248841339
         423,3058.02605251351,           1.00335958988911,                 -0.00184041278785729
         424,3058.02513372973,           1.00346697841041,                  -0.0038466234172399
         425,3058.02421494594,           1.00357428255222,                 -0.00568407889501506
         426,3058.02329616216,            1.0031818394508,                 -0.00668453666134132
         427,3058.02237737838,           1.00345621927364,                 -0.00651486474973732
         428,3058.02145859459,            1.0033980947292,                 -0.00634533659505899
         429,3058.02053981081,           1.00350693291092,                 -0.00567518890867787
         430,3058.01962102702,            1.0032819818031,                 -0.00450500806730148
         431,3058.01870224324,           1.00355756737779,                 -0.00366931468876706
         432,3058.01778345946,           1.00349949399884,                 -0.00333443925568647
         433,3058.01686467567,           1.00327648099941,                 -0.00283317278687541
         434,3058.01594589189,           1.00355174688639,                 -0.00266547608734765
         435, 3058.0150271081,           1.00332888704598,                 -0.00266444185771547
         436,3058.01410832433,           1.00327433318962,                 -0.00249694955995426
         437,3058.01318954054,           1.00355094963775,                 -0.00249598146983357
         438,3058.01227075676,           1.00349468312489,                 -0.00249501413009669
         439,3058.01135197297,           1.00377266885146,                 -0.00232778157427868
         440,3058.01043318919,           1.00355182219947,                 -0.00182826598943262
         441, 3058.0095144054,           1.00382957160302,                 -0.00215984515571653
         442,3058.00859562162,           1.00377495113157,                 -0.00166077920438711
         443,3058.00767683784,           1.00372037273453,                 -0.00199216746159682
         444,3058.00675805406,           1.00383345226439,                   -0.002157354088186
         445,3058.00583927027,           1.00378055840789,                 -0.00282007428407438
         446,3058.00492048648,           1.00372770507353,                 -0.00364810994740089
         447, 3058.0040017027,           1.00367489221476,                 -0.00397823243817578
         448,3058.00308291892,           1.00378781602415,                 -0.00364531725858886
         449,3058.00216413514,           1.00373668309747,                 -0.00364392855249907
         450,3058.00124535135,           1.00384949708183,                 -0.00314582557225051
         451,3058.00032656757,           1.00363287294875,                 -0.00297912132471595
         452,3057.99940778378,           1.00391274496017,                 -0.00330887523058724
         453,     3057.998489,           1.00386164239703,                 -0.00380375910628199
         454,3057.99757021622,           1.00397755639831,                 -0.00462891018922324
         455,3057.99665143243,           1.00409172334926,                 -0.00495766157019057
         456,3057.99573264865,           1.00404226955182,                 -0.00545136474090324
         457,3057.99481386486,           1.00399285315614,                 -0.00577956412178698
         458,3057.99389508108,           1.00427361008631,                 -0.00495203949746703
         459,3057.99297629729,           1.00422580064979,                 -0.00429015294395245
         460,3057.99205751351,           1.00401142728958,                 -0.00346381468261561
         461,3057.99113872973,           1.00429351553844,                 -0.00313274943280747
         462,3057.99021994594,           1.00408093301073,                 -0.00313157218109058
         463,3057.98930116216,           1.00419802554403,                 -0.00329515348824948
         464,3057.98838237837,           1.00398563852564,                 -0.00411739517111894
         465,3057.98746359459,           1.00393969776443,                 -0.00510366195977327
         466,3057.98654481081,           1.00438585664091,                 -0.00608918182790656
         467,3057.98562602703,           1.00417528978617,                 -0.00658044095534842
         468,3057.98470724324,            1.0039648801409,                 -0.00674243408448434
         469,3057.98378845946,           1.00408340402028,                 -0.00641114157773263
         470,3057.98286967567,           1.00387483526199,                 -0.00558712463560444
         471,3057.98195089189,           1.00399495374264,                 -0.00427092094196804
         472,3057.98103210811,           1.00411333426383,                 -0.00311989425200535
         473,3057.98011332432,           1.00390498686027,                 -0.00180558450874149
         474,3057.97919454054,           1.00386087715585,                 -0.00114858223930875
         475,3057.97827575676,           1.00381844664016,                -0.000492067866000079
         476,3057.97735697297,           1.00377440162125,                -0.000327923685599887
         477,3057.97643818919,           1.00373203436028,                -0.000491704131789819
         478,3057.97551940541,           1.00385353929234,                 -0.00114688669414826
         479,3057.97460062162,           1.00364739351396,                 -0.00212914753845977
         480,3057.97368183784,           1.00393420399904,                 -0.00261952825570525
         481,3057.97276305405,           1.00356451977179,                 -0.00294588410891916
         482,3057.97184427027,           1.00368754969358,                 -0.00376280580977217
         483,3057.97092548648,           1.00364694915531,                 -0.00359788705905441
         484, 3057.9700067027,            1.0037698587856,                 -0.00310612822751245
         485,3057.96908791892,           1.00389267843077,                 -0.00212446765743122
         486,3057.96816913513,           1.00352696519266,                  -0.0011435273899314
         487,3057.96725035135,           1.00364978403403,                 -0.00130641039249467
         488,3057.96633156756,           1.00377415163209,                 -0.00146917667339223
         489,3057.96541278378,           1.00357206381739,                 -0.00179500694341322
         490,     3057.964494,           1.00369636920628,                 -0.00260996943073304
         491,3057.96357521621,           1.00365915702415,                 -0.00309821673167486
         492,3057.96265643243,           1.00394634535167,                 -0.00358610482184394
         493,3057.96173764865,           1.00358317812746,                 -0.00374775338479162
         494,3057.96081886486,           1.00322027355222,                 -0.00325773753386011
         495,3057.95990008108,           1.00351057732389,                 -0.00260525218841184
         496, 3057.9589812973,           1.00331073008597,                 -0.00130215539271379
         497,3057.95806251351,           1.00311265939566,                -0.000325421787314082
         498,3057.95714372973,           1.00307575198151,                 0.000650608562984602
         499,3057.95622494594,           1.00304050208933,                 0.000812968473082614
         500,3057.95530616216,           1.00316781281136,                 0.000325070580949889
         501,3057.95438737838,           1.00313418503878,                                    0
         502,3057.95346859459,           1.00309895207344,                -0.000974513230641295
         503,3057.95254981081,           1.00306537297536,                 -0.00178596942420346
         504,3057.95163102703,           1.00335642362351,                 -0.00178533171463258
         505,3057.95071224324,           1.00283604174238,                 -0.00146020455843414
         506,3057.94979345946,           1.00280421881665,                -0.000162187323114451
         507,3057.94887467568,           1.00293292217299,                  0.00097277684012899
         508,3057.94795589189,           1.00290108750263,                  0.00226900698530008
         509,3057.94703710811,            1.0028692754229,                  0.00307827402795397
         510,3057.94611832432,           1.00267552895143,                  0.00275326829141887
         511,3057.94519954054,           1.00264381940431,                  0.00210469395321427
         512,3057.94428075676,           1.00261375498677,                  0.00161842414041448
         513,3057.94336197297,           1.00258208974541,                  0.00161785071767858
         514,3057.94244318919,           1.00271379637147,                  0.00145555228505536
         515, 3057.9415244054,           1.00284541015941,                   0.0019400523814143
         516,3057.94060562162,           1.00265532349533,                  0.00145452899926789
         517,3057.93968683784,           1.00278686538229,                   0.0016155741346581
         518,3057.93876805405,           1.00275843357149,                 0.000969004767503456
         519,3057.93784927027,           1.00273002168196,                 0.000322888430746082
         520,3057.93693048648,           1.00286301736854,                                    0
         521, 3057.9360117027,           1.00251192640717,                -0.000645324703190969
         522,3057.93509291892,           1.00248363061639,                 -0.00145147243815115
         523,3057.93417413513,           1.00261818932217,                 -0.00225705976049372
         524,3057.93325535135,           1.00259149191287,                 -0.00257859891827775
         525,3057.93233656757,           1.00256481308441,                 -0.00289991429142205
         526,3057.93141778378,           1.00253815281741,                 -0.00338205641914308
         527,     3057.930499,           1.00251151109251,                 -0.00321988601603503
         528,3057.92958021621,           1.00248650127544,                 -0.00321877187759011
         529,3057.92866143243,           1.00246150876008,                 -0.00273500973341699
         530,3057.92774264865,           1.00227570623286,                 -0.00273406402534638
         531,3057.92682386486,            1.0024115755627,                 -0.00241157556270096
         532,3057.92590508108,           1.00238663484487,                 -0.00241074226754418
         533, 3057.9249862973,           1.00252398265505,                 -0.00257057431450013
         534,3057.92406751351,           1.00233841488876,                 -0.00289089752731898
         535,3057.92314872973,           1.00231513442871,                 -0.00321100475549804
         536,3057.92222994595,           1.00277335524626,                 -0.00369138719120744
         537,3057.92131116216,           1.00259111000586,                 -0.00385056595297496
         538,3057.92039237838,           1.00240738156757,                 -0.00433039988837191
         539,3057.91947359459,           1.00238571648453,                 -0.00416859063157355
         540,3057.91855481081,           1.00204351484553,                 -0.00416716752814842
         541,3057.91763602702,           1.00234243068039,                 -0.00320441953542326
         542,3057.91671724324,           1.00216064361233,                 -0.00240249475054897
         543,3057.91579845946,           1.00229920392466,                 -0.00128089355134142
         544,3057.91487967567,           1.00211915950677,                 0.000480172093678374
         545,3057.91396089189,           1.00209924030541,                  0.00272005222500272
         546,3057.91304210811,           1.00207933461292,                  0.00351887396033269
         547,3057.91212332432,           1.00205944241556,                  0.00367757574207083
         548,3057.91120454054,           1.00219940411493,                  0.00287712747592803
         549,3057.91028575676,           1.00202129954381,                  0.00191743830242796
         550,3057.90936697297,           1.00216117959195,                   0.0012778593300503
         551,3057.90844818919,           1.00214288679745,                 0.000638714395664407
         552, 3057.9075294054,           1.00196658089479,                  0.00143662565366467
         553,3057.90661062162,           1.00210793723741,                  0.00239356991378361
         554,3057.90569183784,           1.00193016318652,                  0.00223324666209383
         555,3057.90477305405,           1.00191357040344,                  0.00287035560516664
         556,3057.90385427027,           1.00189698872966,                  0.00270998389950742
         557,3057.90293548649,           1.00219913309536,                  0.00302779194288628
         558, 3057.9020167027,           1.00218246698421,                  0.00270817071033725
         559,3057.90109791892,           1.00184890570581,                  0.00238876706176874
         560,3057.90017913513,           1.00183236779809,                  0.00206957266508424
         561,3057.89926035135,           1.00213572517578,                  0.00238717419050923
         562,3057.89834156757,           1.00212069675945,                  0.00286365653939835
         563,3057.89742278378,           1.00210567833378,                  0.00381693957784648
         564,     3057.896504,           1.00193168358546,                  0.00381567127991923
         565,3057.89558521621,           1.00223619779622,                  0.00397334363224003
         566,3057.89466643243,           1.00206386707361,                   0.0034953868837196
         567,3057.89374764865,           1.00189165021466,                   0.0027000884676045
         568,3057.89282886486,             1.001878323386,                  0.00222286791242536
         569,3057.89191008108,           1.00186500535693,                  0.00142851474147851
         570, 3057.8909912973,           1.00169302464327,                  0.00142804327923165
         571,3057.89007251351,           1.00199860414948,                  0.00142757439248779
         572,3057.88915372973,           1.00182828111447,                  0.00142710581355338
         573,3057.88823494595,           1.00197510041943,                  0.00142663754212544
         574,3057.88731616216,           1.00196336011891,                  0.00190155943720179
         575,3057.88639737838,           1.00211162630076,                  0.00237617363175962
         576,3057.88547859459,           1.00194148927747,                  0.00237539471142121
         577,3057.88455981081,           1.00177304964539,                  0.00269123606889564
         578,3057.88364102703,           1.00207948902175,                  0.00253210230959382
         579,3057.88272224324,           1.00191111420489,                  0.00221486745600324
         580,3057.88180345946,            1.0015846958238,                  0.00173968603411682
         581,3057.88088467567,           1.00157627710857,                   0.0015810201690743
         582,3057.87996589189,            1.0017243314067,                  0.00142245487261917
         583,3057.87904710811,            1.0017158729306,                   0.0017379928394695
         584,3057.87812832432,           1.00170741993211,                  0.00173743008818247
         585,3057.87720954054,           1.00185686946966,                  0.00221055889244684
         586,3057.87629075676,           1.00169211147731,                  0.00236769329848089
         587,3057.87537197297,           1.00184146951476,                  0.00205133707728649
         588,3057.87445318919,           1.00151907839423,                   0.0017351881969344
         589,3057.87353440541,           1.00182766924075,                  0.00157693635957934
         590,3057.87261562162,           1.00150548991479,                 0.000945857538090471
         591,3057.87169683784,           1.00165629447056,                 0.000945553456076678
         592,3057.87077805405,           1.00180858035894,                 0.000630167372454124
         593,3057.86985927027,           1.00164420841759,                -0.000157491227738615
         594,3057.86894048649,           1.00163895969356,                -0.000157440892752838
         595, 3057.8680217027,           1.00147632373356,                -0.000314781179862818
         596,3057.86710291892,           1.00162847230417,                                    0
         597,3057.86618413513,            1.0014675187608,                -0.000157290328060437
         598,3057.86526535135,           1.00146233312892,                -0.000471720364168121
         599,3057.86434656757,           1.00130153480505,                -0.000943141163081682
         600,3057.86342778378,           1.00161225945749,                 -0.00109998208600603
         601,     3057.862509,           1.00160860604233,                 -0.00141381390438848
         602,3057.86159021621,           1.00144791434377,                 -0.00188448721532465
         603,3057.86067143243,           1.00144588754103,                 -0.00204088360840781
         604,3057.85975264865,           1.00128534906094,                 -0.00251106043651647
         605,3057.85883386486,           1.00128337480506,                 -0.00298094392373804
         606,3057.85791508108,           1.00128140179396,                 -0.00360737347137549
         607, 3057.8569962973,           1.00112263713107,                 -0.00391982238500809
         608,3057.85607751351,            1.0014342029985,                 -0.00407533092470826
         609,3057.85515872973,           1.00127705915996,                 -0.00376066501092943
         610,3057.85423994595,           1.00127509061916,                 -0.00407277101941459
         611,3057.85332116216,           1.00127469127103,                 -0.00360170752255765
         612,3057.85240237838,           1.00143083912296,                 -0.00328748594991124
         613,3057.85148359459,           1.00127389332474,                 -0.00359945288316176
         614,3057.85056481081,           1.00111861198245,                 -0.00438057839279708
         615,3057.84964602703,           1.00111826207997,                 -0.00547401018165894
         616,3057.84872724324,           1.00096312603192,                 -0.00625406514234252
         617,3057.84780845946,           1.00096438948831,                 -0.00625211985938982
         618,3057.84688967567,           1.00096565215897,                 -0.00609392139153914
         619,3057.84597089189,           1.00081070822158,                 -0.00515479216034215
         620,3057.84505210811,           1.00081201786439,                 -0.00390393204035104
         621,3057.84413332432,           1.00081488905332,                 -0.00296607126688709
         622,3057.84321454054,           1.00081619658633,                 -0.00202878692587281
         623,3057.84229575676,           1.00066305238114,                 -0.00187214789968408
         624,3057.84137697297,           1.00066596690753,                 -0.00109174902873327
         625,3057.84045818919,           1.00051296363571,                 0.000311831997393085
         626,3057.83953940541,           1.00036161404559,                  0.00155868123098409
         627,3057.83862062162,           1.00067625894797,                  0.00296058064777505
         628,3057.83770183784,           1.00052495237264,                  0.00482893873946006
         629,3057.83678305405,           1.00052946306217,                  0.00654042606204061
         630,3057.83586427027,           1.00068964765699,                  0.00778383360031883
         631,3057.83494548649,           1.00022721825714,                  0.00824833399216253
         632, 3057.8340267027,           1.00023181605318,                  0.00793464343112652
         633,3057.83310791892,           1.00039350055292,                  0.00731008932307018
         634,3057.83218913513,           1.00039804460587,                  0.00637493314094511
         635,3057.83127035135,           1.00055957969347,                  0.00544035813100382
         636,3057.83035156757,            1.0005656249223,                  0.00481713532731658
         637,3057.82943278378,           1.00057322080186,                    0.004660331722412
         638,     3057.828514,           1.00057925820784,                   0.0052801016264266
         639,3057.82759521621,           1.00043004208823,                  0.00543374479718936
         640,3057.82667643243,           1.00043767208118,                  0.00558730316396562
         641,3057.82575764865,           1.00029014154874,                  0.00512014497768082
         642,3057.82483886486,           1.00029780924077,                  0.00418794244836422
         643,3057.82392008108,           1.00030547229583,                  0.00279111742386064
         644, 3057.8230012973,           1.00031313071812,                  0.00170516727690986
         645,3057.82208251351,           1.00016736609163,                  0.00139471743024863
         646,3057.82116372973,           1.00048490519561,                  0.00154921787735462
         647,3057.82024494594,            1.0004940520164,                  0.00247800384400346
         648,3057.81932616216,           1.00034836462164,                  0.00340623185600929
         649,3057.81840737838,           1.00020276472018,                  0.00371477349942498
         650,3057.81748859459,           1.00067774370147,                  0.00386840012255092
         651,3057.81656981081,           1.00053213211727,                  0.00402192879329761
         652,3057.81565102703,           1.00054279833418,                  0.00309286800103302
         653,3057.81473224324,           1.00070650837993,                  0.00216435827550116
         654,3057.81381345946,           1.00087166710971,                  0.00123640724781929
         655,3057.81289467567,           1.00057321288138,                  0.00108153373844497
         656,3057.81197589189,           1.00089431760786,                   0.0010812129974159
         657,3057.81105710811,           1.00028720812089,                  0.00108089077753106
         658,3057.81013832432,           1.00045383957543,                  0.00154367202526682
         659,3057.80921954054,           1.00046450688967,                  0.00200617593545669
         660,3057.80830075676,           1.00063098685418,                  0.00200558168811353
         661,3057.80738197297,           1.00048890856176,                   0.0015422983020838
         662,3057.80646318919,           1.00050109856223,                  0.00123347338395714
         663, 3057.8055444054,           1.00051482352651,                 0.000616555121569256
         664,3057.80462562162,           1.00068109184262,                 0.000462279531186918
         665,3057.80370683784,           1.00054070791143,                                    0
         666,3057.80278805405,           1.00055286821562,                 0.000154002288474007
         667,3057.80186927027,           1.00072051877352,                 0.000153957002888233
         668,3057.80095048649,           1.00042633553068,                -0.000153911743927797
         669, 3057.8000317027,           1.00044159756767,                                    0
         670,3057.79911291892,            1.0007629548503,                  0.00030764308479874
         671,3057.79819413513,             1.000624332994,                   0.0001537765995073
         672,3057.79727535135,           1.00063798550312,                 0.000461194339608139
         673,3057.79635656757,           1.00065316786414,                  0.00015368655626849
         674,3057.79543778378,           1.00066834136111,                -0.000307283384419196
         675,     3057.794519,            1.0006835060018,                -0.000767984271682116
         676,3057.79360021622,           1.00085375066795,                -0.000614209113634828
         677,3057.79268143243,           1.00056183742328,                -0.000307014985401437
         678,3057.79176264865,           1.00073201836031,                -0.000153462968618358
         679,3057.79084386486,           1.00074714680437,                                    0
         680,3057.78992508108,           1.00061042757538,                 -0.00015337376265717
         681, 3057.7890062973,           1.00062711690287,                -0.000766646580526257
         682,3057.78808751351,            1.0007986155287,                 -0.00168613643296305
         683,3057.78716872973,           1.00066199997548,                 -0.00260509249610769
         684,3057.78624994595,           1.00067865989947,                 -0.00275753458024962
         685,3057.78533116216,           1.00084999502255,                 -0.00275674061368109
         686,3057.78441237838,           1.00056190699291,                 -0.00244973075927874
         687,3057.78349359459,           1.00058011299193,                 -0.00214289759551583
         688,3057.78257481081,           1.00059830851603,                 -0.00168322088907727
         689,3057.78165602703,           1.00076946964725,                 -0.00122380858409936
         690,3057.78073724324,            1.0007876002661,                 -0.00107052463353648
         691,3057.77981845946,           1.00080725057792,                 -0.00122310693623944
         692,3057.77889967567,           1.00067251551371,                 -0.00168128878427536
         693,3057.77798089189,           1.00069218744986,                 -0.00213921066182594
         694,3057.77706210811,           1.00071184814721,                 -0.00320789937583444
         695,3057.77614332432,           1.00073149761538,                 -0.00305426979281361
         696,3057.77522454054,           1.00075113586399,                 -0.00335873760320485
         697,3057.77430575676,           1.00061966379424,                 -0.00320515755638788
         698,3057.77338697297,           1.00063932277561,                 -0.00350940903077752
         699,3057.77246818919,           1.00081303665377,                 -0.00427111187719943
         700,3057.77154940541,            1.0006816591003,                 -0.00518487906269586
         701,3057.77063062162,           1.00085526245581,                  -0.0056407684251127
         702,3057.76971183784,           1.00087635740141,                  -0.0059439893313012
         703,3057.76879305405,            1.0008974403903,                 -0.00563757121242825
         704,3057.76787427027,           1.00091851143265,                 -0.00502667948216062
         705,3057.76695548649,           1.00063653336013,                 -0.00335017557965652
         706, 3057.7660367027,            1.0009621415566,                 -0.00152237588069445
         707,3057.76511791892,           1.00083250514038,                 0.000456584172053092
         708,3057.76419913513,           1.00085509358862,                  0.00213012637735493
         709,3057.76328035135,           1.00057345118744,                  0.00334639950229913
         710,3057.76236156757,           1.00029196725101,                  0.00380165691414946
         711,3057.76144278378,           1.00031468866345,                  0.00349654070505463
         712,     3057.760524,           1.00033891762174,                  0.00258367693703579
         713,3057.75960521622,           1.00036161309829,                  0.00227907414891774
         714,3057.75868643243,           1.00068960698478,                   0.0015189581162489
         715,3057.75776764865,           1.00025815072966,                  0.00121482696308445
         716,3057.75684886486,           1.00073780123088,                  0.00091086571713976
         717,3057.75593008108,           1.00030657248922,                 0.000607074236072958
         718, 3057.7550112973,           1.00033076309169,                 0.000303452377701105
         719,3057.75409251351,           1.00065830787573,                -0.000758419211668735
         720,3057.75317372973,           1.00038062079099,                 -0.00166805924339866
         721,3057.75225494595,           1.00055636998149,                 -0.00303198899994391
         722,3057.75133616216,           1.00043042302703,                 -0.00378893509705736
         723,3057.75041737838,           1.00030454591598,                 -0.00469697681360123
         724,3057.74949859459,           1.00063315873502,                 -0.00454420144747963
         725,3057.74857981081,           1.00020443239723,                 -0.00469437356613388
         726,3057.74766102703,           1.00038150142003,                 -0.00439029411942811
         727,3057.74674224324,           1.00025577731331,                 -0.00408638311203803
         728,3057.74582345946,           1.00028294193033,                 -0.00408525781759475
         729,3057.74490467568,           1.00031009159047,                 -0.00423539733321232
         730,3057.74398589189,           1.00018449124271,                 -0.00408300291254208
         731,3057.74306710811,           1.00006047228857,                 -0.00377951803586007
         732,3057.74214832432,           1.00008766069869,                 -0.00332506098464124
         733,3057.74122954054,          0.999963736582536,                 -0.00226646359152887
         734,3057.74031075676,           1.00014199267076,                 -0.00135950429452301
         735,3057.73939197297,           1.00017064666023,                -0.000755073717847073
         736,3057.73847318919,           1.00034874820531,                -0.000452919747150003
         737,3057.73755440541,          0.999924533997434,                -0.000150932005131688
         738,3057.73663562162,           0.99995322385704,                 -0.00030178156748364
         739,3057.73571683784,           0.99998038958355,                 -0.00105594550114419
         740,3057.73479805405,           1.00000904849086,                 -0.00105565726729544
         741,3057.73387927027,          0.999737664977068,                 -0.00075383627279224
         742,3057.73296048649,          0.999917100632296,                                    0
         743, 3057.7320417027,          0.999795068380859,                  0.00105479509851786
         744,3057.73112291892,          0.999825252780891,                  0.00256095062487195
         745,3057.73020413513,          0.999853915002628,                  0.00421688652207766
         746,3057.72928535135,          0.999733504773577,                  0.00542024189335072
         747,3057.72836656757,          0.999914202755446,                  0.00617138074860354
         748,3057.72744778378,          0.999793841426437,                  0.00632018984646453
         749,     3057.726529,          0.999673545283181,                  0.00631847839005171
         750,3057.72565691111,          0.999553314272737,                  0.00631676786028513
         751,3057.72478482222,          0.999583506872137,                  0.00616469972649783
         752,3057.72391273333,          0.999613683132985,                  0.00631334957768201
         753,3057.72304064444,          0.999495067895335,                  0.00571054165990418
         754,3057.72216855556,          0.999525251796832,                  0.00465733996778924
         755,3057.72129646667,          0.999556920673781,                  0.00270353487184494
         756,3057.72042437778,          0.999888884551049,                  0.00105109208467598
         757,3057.71955228889,          0.999620207369778,                -0.000150115664119204
         758,    3057.7186802,          0.999351674540619,                 -0.00150075337819585
         759,3057.71780811111,           0.99968342607999,                 -0.00225052549770371
         760,3057.71693602222,          0.999716509496932,                 -0.00299989950336664
         761,3057.71606393333,          0.999598121367347,                 -0.00269918484617645
         762,3057.71519184444,            0.9996312098416,                 -0.00209880577951146
         763,3057.71431975556,          0.999812656899846,                -0.000899246880737382
         764,3057.71344766667,          0.999695835949194,                                    0
         765,3057.71257557778,          0.999728871852255,                 0.000748972783826981
         766,3057.71170348889,          0.999612135515957,                 0.000599018508174356
         767,    3057.7108314,          0.999645176116909,                                    0
         768,3057.70995931111,          0.999678199112428,                -0.000748374157143606
         769,3057.70908722222,           0.99956156955108,                 -0.00164598462051825
         770,3057.70821513333,          0.999895283258785,                 -0.00224393016889314
         771,3057.70734304444,          0.999928213349924,                 -0.00239288833586581
         772,3057.70647095556,          0.999962621014466,                 -0.00254177101633462
         773,3057.70559886667,          0.999846039554382,                 -0.00284004705509542
         774,3057.70472677778,          0.999880450700858,                 -0.00328760572641143
         775,3057.70385468889,          0.999765446540486,                 -0.00403372191521117
         776,    3057.7029826,          0.999949218411612,                  -0.0047794436130204
         777,3057.70211051111,          0.999834256866021,                 -0.00537545299390334
         778,3057.70123842222,           1.00001940625807,                 -0.00537404069641596
         779,3057.70036633333,           1.00005372621123,                 -0.00492490269586189
         780,3057.69949424444,          0.999789627909961,                 -0.00462520197958645
         781,3057.69862215556,           1.00012380354317,                 -0.00387818327995859
         782,3057.69775006667,            1.0001580688166,                 -0.00357891660229588
         783,3057.69687797778,           1.00019380711719,                  -0.0034288951503496
         784,3057.69600588889,            1.0000804833772,                 -0.00357703898674409
         785,    3057.6951338,          0.999967219074922,                 -0.00372510512246656
         786,3057.69426171111,           1.00000297930278,                 -0.00327723306191885
         787,3057.69338962222,            1.0003365729723,                 -0.00178711312723948
         788,3057.69251753333,           1.00022333060374,                -0.000148887069158044
         789,3057.69164544444,           1.00040933278756,                  0.00208387600937744
         790,3057.69077335556,           1.00029613051171,                  0.00431546976864618
         791,3057.68990126667,            1.0003332460546,                  0.00580205184356478
         792,3057.68902917778,           1.00036885440959,                  0.00624672790443101
         793,3057.68815708889,           1.00025723874283,                  0.00535294493752667
         794,     3057.687285,           1.00029433538179,                  0.00371635583066499
         795,3057.68641291111,           1.00033141272476,                  0.00133754014478129
         796,3057.68554082222,           1.00021989385664,                -0.000891461580977398
         797,3057.68466873333,           1.00055404789172,                 -0.00237661294036038
         798,3057.68379664444,           1.00044252912822,                 -0.00371249268638941
         799,3057.68292455556,            1.0006294761096,                 -0.00460230174471775
         800,3057.68205246667,           1.00066641830587,                 -0.00460110634344142
         801,3057.68118037778,           1.00055495707244,                 -0.00474829580695803
         802,3057.68030828889,           1.00074172971369,                 -0.00459872422489245
         803,    3057.6794362,           1.00063179063704,                 -0.00400430685448349
         804,3057.67856411111,           1.00081696318031,                 -0.00415153703245168
         805,3057.67769202222,           1.00070706157365,                 -0.00400223532254311
         806,3057.67681993333,           1.00089360207588,                 -0.00385301060911652
         807,3057.67594784444,           1.00093189188869,                 -0.00414832637254045
         808,3057.67507575556,           1.00111827829577,                 -0.00414725725584874
         809,3057.67420366667,           1.00086181621103,                  -0.0038500380561454
         810,3057.67333157778,           1.00104812492228,                 -0.00370100608149319
         811,3057.67245948889,           1.00093833343693,                 -0.00399605722353944
         812,    3057.6715874,           1.00112600782139,                 -0.00458689125664544
         813,3057.67071531111,           1.00116417879538,                 -0.00473363677917437
         814,3057.66984322222,           1.00090803417994,                 -0.00458453739059963
         815,3057.66897113333,           1.00124342250196,                 -0.00399196284813243
         816,3057.66809904444,           1.00113520129129,                 -0.00310406603087511
         817,3057.66722695556,           1.00132258517375,                 -0.00221662319622287
         818,3057.66635486667,           1.00121439904975,                 -0.00132963399608201
         819,3057.66548277778,           1.00095856885227,                 -0.00103389552633406
         820,3057.66461068889,           1.00129351588248,                 -0.00118129304336527
         821,    3057.6637386,           1.00103779615203,                -0.000885743515250289
         822,3057.66286651111,           1.00152161624868,                 -0.00191862378591701
         823,3057.66199442222,           1.00111841969363,                 -0.00250832912819332
         824,3057.66112233333,            1.0011594391029,                 -0.00339276073366238
         825,3057.66025024444,           1.00105148749349,                 -0.00398178994730765
         826,3057.65937815555,           1.00123993931522,                 -0.00368590759577094
         827,3057.65850606667,           1.00083869988252,                 -0.00324277634718932
         828,3057.65763397778,           1.00102563498005,                 -0.00265250425874295
         829,3057.65676188889,           1.00106662580881,                 -0.00176788808089856
         830,    3057.6558898,            1.0012548825536,                 -0.00147286684694557
         831,3057.65501771111,           1.00085404641301,                -0.000736246907762987
         832,3057.65414562222,           1.00119094762039,                  -0.0010304861981095
         833,3057.65327353333,           1.00093750505914,                -0.000588700194123889
         834,3057.65240144444,           1.00097846638269,                 0.000294275603816755
         835,3057.65152935556,           1.00087230640461,                 0.000735502870667704
         836,3057.65065726667,            1.0010617990582,                  0.00147063581468812
         837,3057.64978517778,           1.00110416982161,                  0.00132323946664628
         838,3057.64891308889,           1.00114504770542,                  0.00205785210216942
         839,     3057.648041,           1.00104042369345,                  0.00161647748981619
         840,3057.64716891111,           1.00122968341161,                  0.00102840906586666
         841,3057.64629682222,             1.000976741795,                -0.000293756930827587
         842,3057.64542473333,           1.00101908059547,                 -0.00102789109053371
         843,3057.64455264444,           1.00091459341698,                 -0.00176165666192487
         844,3057.64368055556,           1.00081015868543,                 -0.00205475028913272
         845,3057.64280846667,           1.00100070724471,                 -0.00205423774573819
         846,3057.64193637778,           1.00104299761328,                 -0.00161363906414802
         847,3057.64106428889,            1.0010852667703,                 -0.00161323438829085
         848,    3057.6401922,           1.00098089383034,                 -0.00234593442233564
         849,3057.63932011111,           1.00087804034295,                  -0.0035180247463724
         850,3057.63844802222,           1.00121341438394,                 -0.00454297655824096
         851,3057.63757593333,           1.00111055436882,                 -0.00586044521802321
         852,3057.63670384444,            1.0010077455794,                 -0.00673783381572318
         853,3057.63583175556,           1.00104996024209,                 -0.00717546051080493
         854,3057.63495966667,           1.00094721785864,                 -0.00702727313985884
         855,3057.63408757778,           1.00099089170007,                 -0.00717188970511824
         856,3057.63321548889,           1.00074188644016,                 -0.00731643432110074
         857,    3057.6323434,           1.00063929732885,                 -0.00746090704148703
         858,3057.63147131111,           1.00082927107511,                 -0.00731279607683116
         859,3057.63059922222,           1.00072671124414,                 -0.00716475874502671
         860,3057.62972713333,           1.00062420238776,                 -0.00687061176219497
         861,3057.62885504444,           1.00052174446797,                 -0.00657661094084996
         862,3057.62798295556,           1.00056690998989,                 -0.00555221124118221
         863,3057.62711086667,           1.00046451703375,                 -0.00452831070638726
         864,3057.62623877778,            1.0003621749188,                 -0.00292076547421548
         865,3057.62536668889,           1.00040734624869,                 -0.00204403135544099
         866,    3057.6244946,           1.00030506896164,                  -0.0010217620724838
         867,3057.62362251111,           1.00035023202872,                 -0.00116744009573009
         868,3057.62275042222,           1.00024947879357,                -0.000583576125317137
         869,3057.62187833333,           1.00014731643424,                 -0.00116686284548256
         870,3057.62100624445,           1.00019248492201,                 -0.00087493146370201
         871,3057.62013415556,           1.00009184516945,                -0.000145785983260853
         872,3057.61926206667,           1.00028275514279,                  0.00131175066243408
         873,3057.61838997778,           1.00018214272704,                  0.00233142690612364
         874,3057.61751788889,          0.999935901544773,                  0.00349627937603067
         875,    3057.6166458,          0.999835424030713,                  0.00422363107019529
         876,3057.61577371111,          0.999880602578402,                  0.00451380496285575
         877,3057.61490162222,          0.999925758896923,                  0.00393041133938228
         878,3057.61402953333,          0.999826813113886,                  0.00305623916672367
         879,3057.61315744444,          0.999580961692915,                  0.00218249118273562
         880,3057.61228535556,           0.99991708572318,                  0.00116370914835401
         881,3057.61141326667,          0.999818214870024,                 0.000290856207962189
         882,3057.61054117778,          0.999863331171833,                -0.000145392370389971
         883,3057.60966908889,          0.999764521877662,                -0.000436070596922504
         884,     3057.608797,          0.999809629271171,                -0.000581284668180913
         885,3057.60792491111,          0.999565595765794,                -0.000726428485294908
         886,3057.60705282222,          0.999612181847496,                -0.000871501466301217
         887,3057.60618073333,          0.999512078950273,                 -0.00101650218693185
         888,3057.60530864444,          0.999558655292362,                -0.000580716720576536
         889,3057.60443655556,          0.999605208919956,                -0.000145143779427901
         890,3057.60356446667,          0.999651739849668,                 0.000725541979858955
         891,3057.60269237778,          0.999698248098093,                  0.00174087635715819
         892,3057.60182028889,          0.999454658320232,                  0.00290075361578938
         893,    3057.6009482,          0.999646194268347,                  0.00377006107498942
         894,3057.60007611111,          0.999257768783379,                   0.0039141099314016
         895,3057.59920402222,          0.999594191135975,                  0.00304356648018783
         896,3057.59833193333,          0.999495760329668,                  0.00188365394089384
         897,3057.59745984444,          0.999831961014956,                  0.00144861194003905
         898,3057.59658775555,          0.999590141973083,                  0.00144826157921339
         899,3057.59571566667,          0.999346992909588,                  0.00130311836224084
         900,3057.59484357778,          0.999393473543721,                  0.00260560291480113
         901,3057.59397148889,          0.999441377972926,                  0.00318385611285902
         902,    3057.5930994,          0.999777184245479,                  0.00434056664650715
         903,3057.59222731111,          0.999389575335372,                  0.00491811341169527
         904,3057.59135522222,          0.999292830399327,                  0.00477231018859302
         905,3057.59048313333,          0.999340712724244,                  0.00520489954543877
         906,3057.58961104444,          0.999387127361872,                  0.00505909017322325
         907,3057.58873895555,          0.999434963749529,                  0.00462433759976647
         908,3057.58786686667,          0.999336857571743,                   0.0047676906606719
         909,3057.58699477778,          0.999240242313592,                   0.0047665406181481
         910,3057.58612268889,           0.99928807944629,                  0.00476539113030745
         911,    3057.5852506,          0.999335893511968,                  0.00461987122108971
         912,3057.58437851111,          0.999239348351031,                   0.0038970767594219
         913,3057.58350642222,          0.999287151115306,                  0.00274172647959434
         914,3057.58263433333,          0.999477755560749,                  0.00129839777714301
         915,3057.58176224444,          0.999525477803467,                 0.000288463341357422
         916,3057.58089015556,          0.999428980123894,                -0.000432590815231811
         917,3057.58001806667,          0.999476691130996,                 -0.00043248666859844
         918,3057.57914597778,           0.99952437917069,                 0.000432382572099794
         919,3057.57827388889,          0.999717577622926,                  0.00172911659433196
         920,    3057.5774018,          0.999333009682164,                  0.00230493414370976
         921,3057.57652971111,          0.999668745409243,                  0.00201633229156165
         922,3057.57565762222,          0.999572352364373,                  0.00143989102904692
         923,3057.57478553333,          0.999476005666049,                 0.000431863462047839
         924,3057.57391344444,          0.999668983780205,                -0.000287840191125887
         925,3057.57304135556,          0.999428774512696,                -0.000719427565874385
         926,3057.57216926667,          0.999332531604053,                -0.000719254737011698
         927,3057.57129717778,           0.99938158859822,                -0.000143816605065221
         928,3057.57042508889,          0.999285403100229,                 0.000431346217165566
         929,     3057.569553,          0.999476758895099,                 0.000862485337749258
         930,3057.56868091111,          0.999238319704525,                 0.000862279579782418
         931,3057.56780882222,          0.999285916462284,                  0.00057471512089851
         932,3057.56693673333,          0.999622214912312,                                    0
         933,3057.56606464444,          0.999382476699266,                -0.000143610069938104
         934,3057.56519255555,          0.999287863821185,                -0.000143575842503044
         935,3057.56432046667,          0.999191861775349,                 0.000574165701350581
         936,3057.56344837778,          0.999527861211287,                 0.000861043383670886
         937,3057.56257628889,          0.999433281443913,                  0.00143473052173975
         938,    3057.5617042,          0.999337313278693,                  0.00186470289545328
         939,3057.56083211111,          0.999529633113829,                  0.00143404538466833
         940,3057.55996002222,           0.99929175017993,                 0.000716852044605402
         941,3057.55908793333,          0.999197316744546,                -0.000143336295616776
         942,3057.55821584444,          0.999244798495902,                 -0.00100311395231196
         943,3057.55734375555,          0.999150421279296,                  -0.0020057507740049
         944,3057.55647166666,          0.999199322790367,                 -0.00243497541391001
         945,3057.55559957778,          0.999248201052519,                 -0.00286399599040561
         946,3057.55472748889,          0.999153890314979,                 -0.00243381804489965
         947,    3057.5538554,          0.999489019647696,                 -0.00214697627018694
         948,3057.55298331111,          0.999251598759629,                 -0.00143097751505031
         949,3057.55211122222,          0.999155924977468,                 -0.00114450850512883
         950,3057.55123913333,          0.999204755447997,                 -0.00100120716978757
         951,3057.55036704445,          0.998967571447774,                 -0.00114396515482138
         952,3057.54949495555,          0.999159385150281,                  -0.0011436936730866
         953,3057.54862286667,          0.998922324463235,                 -0.00100049453015348
         954,3057.54775077778,          0.998971164013604,                 -0.00142893886999514
         955,3057.54687868889,          0.998734260399494,                 -0.00157146000062858
         956,    3057.5460066,          0.998927374237843,                 -0.00199956866447381
         957,3057.54513451111,          0.998833385452588,                 -0.00228467965221464
         958,3057.54426242222,          0.999024958492926,                 -0.00271241414852323
         959,3057.54339033333,          0.998930991123944,                 -0.00313994596438445
         960,3057.54251824445,          0.998837068270514,                 -0.00399534827308205
         961,3057.54164615556,           0.99874318990101,                 -0.00456503100654654
         962,3057.54077406667,          0.998649355983838,                 -0.00513444398963413
         963,3057.53990197778,          0.998414400438036,                 -0.00442028654864026
         964,3057.53902988889,          0.998463244748944,                 -0.00384901593492597
         965,    3057.5381578,          0.998512065947974,                 -0.00327801563185889
         966,3057.53728571111,          0.998418375343754,                 -0.00299226286316809
         967,3057.53641362222,          0.998753516863136,                  -0.0032764699597564
         968,3057.53554153333,          0.998374970269504,                 -0.00398780301962142
         969,3057.53466944445,          0.998423766244677,                 -0.00484118768572718
         970,3057.53379735556,          0.998330184932375,                 -0.00569416902856053
         971,3057.53292526667,          0.998380389332772,                 -0.00626211505782494
         972,3057.53205317778,          0.998286862339998,                 -0.00540691288040478
         973,3057.53118108889,          0.998051125937095,                 -0.00426760743701723
         974,     3057.530309,          0.997959140136674,                 -0.00227552319255904
         975,3057.52943691111,          0.997865778663758,                -0.000284373262657098
         976,3057.52856482222,          0.998056767410554,                 0.000995071552752297
         977,3057.52769273333,          0.997680605771199,                  0.00127907769970666
         978,3057.52682064444,          0.997587375923205,                  0.00113668978883145
         979,3057.52594855555,          0.997637659933832,                 0.000852317522369784
         980,3057.52507646667,          0.997544484036306,                 0.000710097155492815
         981,3057.52420437778,          0.997451352061281,                 0.000851915745532767
         982,3057.52333228889,          0.997643585157425,                 0.000851716208159441
         983,    3057.5224602,          0.997408554325273,                  0.00113535407436001
         984,3057.52158811111,          0.997458821125695,                   0.0014188603429953
         985,3057.52071602222,          0.997223944155459,                  0.00198593673089281
         986,3057.51984393333,          0.997274230558683,                  0.00255274973692496
         987,3057.51897184444,          0.996897721214596,                  0.00283572101042411
         988,3057.51809975555,          0.996948060324359,                  0.00297681064507487
         989,3057.51722766667,          0.996855243410396,                  0.00340126895675995
         990,3057.51635557778,           0.99662219602598,                  0.00325878739104315
         991,3057.51548348889,            0.9966711523479,                  0.00382463347262554
         992,    3057.5146114,          0.996721497206546,                  0.00439021972341616
         993,3057.51373931111,          0.996628820540266,                  0.00509712140068896
         994,3057.51286722222,           0.99667915169737,                  0.00537903817135351
         995,3057.51199513333,          0.996303487628288,                  0.00509473374355375
         996,3057.51112304445,          0.996495358507705,                  0.00523503170023925
         997,3057.51025095555,          0.996402821726787,                   0.0045265318420297
         998,3057.50937886667,          0.996170316274176,                   0.0039597911493011
         999,3057.50850677778,          0.996360674929377,                  0.00325192216877759
        1000,3057.50763468889,          0.996410997980038,                  0.00296845381721958
        1001,    3057.5067626,          0.996177245779778,                  0.00296775743529229
        1002,3057.50589051111,          0.996227588058267,                  0.00310835440891815
        1003,3057.50501842222,          0.995995395057456,                  0.00324888584403935
        1004,3057.50414633333,           0.99590312681383,                  0.00254201024995022
        1005,3057.50327424444,          0.995953497697193,                  0.00197665848706559
        1006,3057.50240215556,          0.995720125573097,                 0.000705784041375884
        1007,3057.50153006667,          0.995770515539863,                -0.000141123939277191
        1008,3057.50065797778,          0.995678386146004,                                    0
        1009,3057.49978588889,          0.995728762300262,                 0.000423174144623996
        1010,    3057.4989138,          0.995636685686242,                  0.00126922523671051
        1011,3057.49804171111,           0.99554605581318,                  0.00225587549823125
        1012,3057.49716962222,          0.995455468098063,                  0.00296014795101378
        1013,3057.49629753333,          0.995222593328542,                   0.0033822348116518
        1014,3057.49542544444,          0.995132123056548,                  0.00324055483934597
        1015,3057.49455335555,          0.995181153959384,                   0.0028172148732042
        1016,3057.49368126667,          0.995372391513141,                  0.00225324819810558
        1017,3057.49280917778,          0.995422744916938,                  0.00154874825941815
        1018,3057.49193708889,          0.994908624089795,                  0.00140762397296236
        1019,     3057.491065,          0.995099791438567,                  0.00140729711701113
        1020,3057.49019291111,          0.995008075998807,                  0.00126627158993061
        1021,3057.48932082222,          0.995339795446138,                  0.00112531350530937
        1022,3057.48844873333,          0.995107435320126,                 0.000984419452690911
        1023,3057.48757664445,           0.99459538498743,                 0.000702993628065755
