"SCAN INDEX",      WAVENUMBER,"SCIENCE DIRECT ABSORPTION","SCIENCE HARMONIC ABSORPTION SPECTRA"
           0,3058.39122071052,                          1,                                    0
           1,3058.39032610526,                          1,                                    0
           2,3058.38943149999,                          1,                                    0
           3,3058.38853689474,                          1,                                    0
           4,3058.38764228947,                          1,                                    0
           5,3058.38674768421,                          1,                                    0
           6,3058.38585307894,                          1,                                    0
           7,3058.38495847368,                          1,                                    0
           8,3058.38406386842,                          1,                                    0
           9,3058.38316926315,                          1,                                    0
          10,3058.38227465789,                          1,                                    0
          11,3058.38138005263,                          1,                                    0
          12,3058.38048544736,                          1,                                    0
          13, 3058.3795908421,                          1,                                    0
          14,3058.37869623684,                          1,                                    0
          15,3058.37780163157,                          1,                                    0
          16,3058.37690702632,                          1,                                    0
          17,3058.37601242105,                          1,                                    0
          18,3058.37511781578,                          1,                                    0
          19,3058.37422321052,                          1,                                    0
          20,3058.37332860526,                          1,                                    0
          21,     3058.372434,                          1,                                    0
          22,3058.37153939473,                          1,                                    0
          23,3058.37064478947,                          1,                                    0
          24, 3058.3697501842,                          1,                                    0
          25,3058.36885557895,                          1,                                    0
          26,3058.36796097368,                          1,                                    0
          27,3058.36706636842,                          1,                                    0
          28,3058.36617176315,                          1,                                    0
          29,3058.36527715789,                          1,                                    0
          30,3058.36438255263,                          1,                                    0
          31,3058.36348794736,                          1,                                    0
          32,3058.36259334211,                          1,                                    0
          33,3058.36169873684,                          1,                                    0
          34,3058.36080413157,                          1,                                    0
          35,3058.35990952631,                          1,                                    0
          36,3058.35901492105,                          1,                                    0
          37,3058.35812031579,                          1,                                    0
          38,3058.35722571053,                          1,                                    0
          39,3058.35633110526,                          1,                                    0
          40,3058.35543649999,                          1,                                    0
          41,3058.35454189473,                          1,                                    0
          42,3058.35364728947,                          1,                                    0
          43,3058.35275268421,                          1,                                    0
          44,3058.35185807894,                          1,                                    0
          45,3058.35096347368,                          1,                                    0
          46,3058.35006886841,                          1,                                    0
          47,3058.34917426315,                          1,                                    0
          48,3058.34827965789,                          1,                                    0
          49,3058.34738505263,                          1,                                    0
          50,3058.34649044737,                          1,                                    0
          51, 3058.3455958421,                          1,                                    0
          52,3058.34470123683,                          1,                                    0
          53,3058.34380663157,                          1,                                    0
          54,3058.34291202632,                          1,                                    0
          55,3058.34201742105,                          1,                                    0
          56,3058.34112281579,                          1,                                    0
          57,3058.34022821052,                          1,                                    0
          58,3058.33933360526,                          1,                                    0
          59,     3058.338439,                          1,                                    0
          60,3058.33754439473,                          1,                                    0
          61,3058.33664978947,                          1,                                    0
          62,3058.33575518421,                          1,                                    0
          63,3058.33486057894,                          1,                                    0
          64,3058.33396597368,                          1,                                    0
          65,3058.33307136841,                          1,                                    0
          66,3058.33217676316,                          1,                                    0
          67,3058.33128215789,                          1,                                    0
          68,3058.33038755263,                          1,                                    0
          69,3058.32949294736,                          1,                                    0
          70, 3058.3285983421,                          1,                                    0
          71,3058.32770373684,                          1,                                    0
          72,3058.32680913158,                          1,                                    0
          73,3058.32591452631,                          1,                                    0
          74,3058.32501992105,                          1,                                    0
          75,3058.32412531578,          0.995328130364838,                 0.000964465242601587
          76,3058.32323071052,          0.997873542277565,                 0.000192788551444661
          77,3058.32233610526,          0.999838145299277,                -0.000385368335054645
          78,3058.32144149999,           1.00045448943119,                 -0.00134806187218833
          79,3058.32054689473,            1.0002983379688,                 -0.00192476108902982
          80,3058.31965228947,          0.999759534458712,                 -0.00230846919636416
          81,3058.31875768421,          0.998834852895371,                 -0.00211495349025006
          82,3058.31786307894,          0.998103334633648,                 -0.00153731741953585
          83,3058.31696847369,          0.997182460190486,                -0.000960306683542456
          84,3058.31607386842,          0.996452620990963,                  0.00057587321575282
          85,3058.31517926315,           0.99591733368123,                  0.00153483696194372
          86,3058.31428465789,          0.995572463754221,                  0.00191751244944958
          87,3058.31339005263,          0.995611261235363,                  0.00229977577186224
          88,3058.31249544737,          0.995651924071485,                  0.00249008753615416
          89, 3058.3116008421,          0.995882079291511,                  0.00229730583458249
          90,3058.31070623684,          0.995920647798068,                  0.00210473143626873
          91,3058.30981163157,          0.996152316259715,                  0.00229484119698917
          92,3058.30891702631,          0.996190698270046,                  0.00229360866831169
          93,3058.30802242105,           0.99623094218804,                  0.00152825456136229
          94,3058.30712781578,           0.99646017023259,                 0.000954646647090046
          95,3058.30623321052,          0.996307498544944,                 0.000763307794326715
          96,3058.30533860526,          0.996156890418928,                 0.000572175123732871
          97,3058.30444399999,          0.996004544449443,                 0.000381245758640935
          98,3058.30354939473,          0.996425822479976,                 0.000762084759066903
          99,3058.30265478946,          0.995892656862615,                 0.000761676984216149
         100,3058.30176018421,          0.995931013744723,                 0.000570952234136092
         101,3058.30086557895,          0.996161440163738,                 0.000570648142159865
         102,3058.29997097368,          0.996199612546792,                 0.000570343289626026
         103,3058.29907636841,          0.996429650432565,                 0.000950066409642034
         104,3058.29818176314,          0.996277727134609,                 0.000949559404436342
         105,3058.29728715789,          0.995936155310616,                 0.000759242352056882
         106,3058.29639255263,          0.996165965689092,                 0.000189709763033535
         107,3058.29549794736,          0.996204034114395,                 -0.00018960868559467
         108, 3058.2946033421,          0.996243949954708,                -0.000189508074939073
         109,3058.29370873684,          0.996092529211327,                 0.000378814424495656
         110,3058.29281413159,          0.996132461764756,                 0.000567920445703966
         111,3058.29191952631,          0.996548879521081,                 0.000756824666429528
         112,3058.29102492105,           0.99601932659487,                  0.00094552812473407
         113,3058.29013031578,          0.996248239885841,                 0.000945027736564068
         114,3058.28923571053,          0.996475028619141,                                    0
         115,3058.28834110526,          0.996514653183447,                -0.000377610706018737
         116,    3058.2874465,          0.996741060561172,                -0.000943526183795126
         117,3058.28655189474,          0.996591897126971,                 -0.00132023907643618
         118,3058.28565728946,          0.996441012803306,                 -0.00131953974453711
         119,3058.28476268421,          0.996668977783137,                 -0.00131884363789829
         120,3058.28386807894,           0.99651821206706,                -0.000753226161804278
         121,3058.28297347368,          0.996557688362578,                -0.000752829226336225
         122,3058.28207886841,          0.996407140572976,                -0.000564323470213126
         123,3058.28118426315,          0.996446633702457,                -0.000376017597623569
         124,3058.28028965789,          0.997047941357195,                -0.000375819050643496
         125,3058.27939505263,          0.996523623770075,                                    0
         126,3058.27850044736,           0.99675070532783,                 0.000750847988947518
         127, 3058.2776058421,          0.996788064809047,                  0.00131329125798293
         128,3058.27671123685,          0.996827254112194,                  0.00168763079138633
         129,3058.27581663158,          0.997051949780068,                  0.00206157358037232
         130,3058.27492202631,          0.996903642013813,                  0.00206049230780758
         131,3058.27402742104,          0.996942709025655,                  0.00149775430463948
         132,3058.27313281578,          0.996792748692961,                 0.000935604231925062
         133,3058.27223821053,          0.997018855644537,                  0.00112213714760218
         134,3058.27134360526,          0.997057800939859,                  0.00130847480438302
         135,     3058.270449,          0.997096705489356,                  0.00186827188587101
         136,3058.26955439473,          0.997320436572773,                  0.00261420822168486
         137,3058.26865978947,          0.996799268404207,                  0.00335936843873352
         138, 3058.2677651842,          0.997211315158694,                  0.00335761385575318
         139,3058.26687057895,          0.997250058261478,                  0.00410160801677931
         140,3058.26597597368,          0.997102421481212,                  0.00465848636461041
         141,3058.26508136842,          0.997141180962314,                  0.00521478391239163
         142,3058.26418676315,          0.997364188706219,                    0.005584345961401
         143,3058.26329215789,          0.997216723473291,                  0.00613958057362287
         144,3058.26239755263,          0.997255362827646,                  0.00595043289399304
         145,3058.26150294736,          0.997108107706261,                  0.00576148207621512
         146, 3058.2606083421,          0.997332520953457,                    0.005572727813113
         147,3058.25971373684,          0.997185378822761,                  0.00519850877062694
         148,3058.25881913157,          0.997225804655824,                  0.00482468755508958
         149,3058.25792452631,           0.99744980757639,                  0.00426577641767515
         150,3058.25702992105,          0.997302833415206,                  0.00315132865577296
         151,3058.25613531579,          0.997526563961944,                  0.00203803718491482
         152,3058.25524071052,          0.997564882456969,                 0.000925900206475746
         153,3058.25434610526,          0.997418077161551,                 0.000740336297763259
         154,    3058.2534515,          0.997458257333871,                 0.000554965647626412
         155,3058.25255689473,          0.997866337310993,                 0.000554678342029457
         156,3058.25166228948,          0.997719603647156,                   0.0012935797787609
         157,3058.25076768421,          0.997574864290292,                  0.00166231693734727
         158,3058.24987307894,          0.997797645529848,                  0.00239988332874894
         159,3058.24897847368,          0.997468503907951,                  0.00295218203154406
         160,3058.24808386841,          0.997691110406232,                  0.00350390593303483
         161,3058.24718926316,          0.997915326497472,                   0.0046080316147833
         162,3058.24629465789,          0.997769020893092,                  0.00515833319516369
         163,3058.24540005263,           0.99817709771861,                  0.00626047248154081
         164,3058.24450544736,          0.998032644482847,                  0.00699340595433306
         165, 3058.2436108421,          0.998072282064866,                  0.00735770204249809
         166,3058.24271623684,          0.997926196114192,                  0.00735391448868233
         167,3058.24182163157,          0.997965847554331,                  0.00679888351307499
         168,3058.24092702632,          0.998189117810192,                  0.00587710244156875
         169,3058.24003242105,          0.998228593980891,                  0.00422200398336898
         170,3058.23913781578,          0.998084558310889,                  0.00256859996624126
         171,3058.23824321052,          0.998307425140696,                  0.00110026534732626
         172,3058.23734860526,          0.998346780253738,                -0.000183283785616622
         173,     3058.236454,          0.998386095137951,                 -0.00091595054599812
         174,3058.23555939473,          0.998244101076793,                 -0.00128167804613675
         175,3058.23466478947,          0.998649435068571,                 -0.00128102364769654
         176, 3058.2337701842,          0.998688535384852,                 -0.00146327990532579
         177,3058.23287557894,          0.998361962427513,                 -0.00164535024022114
         178,3058.23198097368,          0.998585717574743,                 -0.00182723827552561
         179,3058.23108636842,          0.998442159937029,                 -0.00182630722505401
         180,3058.23019176316,          0.998665646887452,                 -0.00146030436393705
         181,3058.22929715789,          0.998887084709274,                -0.000364890259254529
         182,3058.22840255262,          0.998745413831083,                                    0
         183,3058.22750794737,          0.998421626271721,                 0.000364520491519431
         184, 3058.2266133421,          0.999009006383165,                 0.000910839721355912
         185,3058.22571873684,          0.998865670228669,                  0.00200282945178916
         186,3058.22482413158,          0.998906280425331,                  0.00272974935441428
         187,3058.22392952631,          0.998946849552275,                   0.0034559341117067
         188,3058.22303492105,          0.999169177012564,                  0.00418138483829858
         189,3058.22214031578,          0.999209572351386,                  0.00490610264656982
         190,3058.22124571053,          0.999251741698328,                  0.00490363450124589
         191,3058.22035110526,          0.999292054675162,                  0.00417506217212148
         192,    3058.2194565,          0.999332326985601,                  0.00381009057129587
         193,3058.21856189473,          0.999374370970813,                  0.00308280970903717
         194,3058.21766728947,          0.999595811666362,                  0.00145000299063117
         195,3058.21677268421,           0.99945652173913,                 0.000543478260869565
         196,3058.21587807895,          0.999858766780498,                -0.000362136460260956
         197,3058.21498347368,          0.999719484938151,                 -0.00126684221480215
         198,3058.21408886842,          0.999761229451262,                 -0.00162798101412364
         199,3058.21319426315,           0.99980112455027,                 -0.00216955036068775
         200,3058.21229965789,          0.999842786332169,                 -0.00234916974919902
         201,3058.21140505263,           1.00006502138481,                 -0.00216737949370015
         202,3058.21051044737,          0.999925984897309,                  -0.0016247217663975
         203, 3058.2096158421,          0.999969326094292,                 -0.00108260843676755
         204,3058.20872123684,           1.00037150988108,                 -0.00108206761479836
         205,3058.20782663157,           1.00005227382109,                -0.000721018221933014
         206,3058.20693202631,           1.00027385018953,                -0.000900822991885387
         207,3058.20603742105,           1.00013685704202,                 -0.00198082560811346
         208,3058.20514281579,           1.00017998560115,                 -0.00215982721382289
         209,3058.20424821052,           1.00076095970871,                 -0.00233864685892742
         210,3058.20335360526,           1.00026431575484,                 -0.00233748626726818
         211,3058.20245899999,           1.00030731683647,                 -0.00233632682696265
         212,3058.20156439474,           1.00035027528044,                 -0.00251479688524443
         213,3058.20066978947,           1.00039319115015,                 -0.00287262940746632
         214,3058.19977518421,           1.00043606450884,                 -0.00269175622737803
         215,3058.19888057894,           1.00029953383925,                 -0.00286978528625211
         216,3058.19798597367,           1.00052168394558,                 -0.00304763817005462
         217,3058.19709136842,           1.00056622300586,                 -0.00232939844181163
         218,3058.19619676315,           1.00025073429329,                 -0.00179095923776775
         219, 3058.1953021579,           1.00065337832395,                                    0
         220,3058.19440755263,           1.00051707695859,                  0.00196811299115602
         221,3058.19351294737,           1.00020386776493,                  0.00304013333667152
         222, 3058.1926183421,           1.00060594036045,                  0.00446858672901239
         223,3058.19172373684,            1.0006503065731,                  0.00464504695070533
         224,3058.19082913158,           1.00069462921264,                  0.00446419802468166
         225,3058.18993452632,           1.00056042806709,                  0.00356960552289367
         226,3058.18903992105,           1.00024796587704,                  0.00285428347673135
         227,3058.18814531578,           1.00065081530218,                  0.00285288899587223
         228,3058.18725071052,           1.00069505088129,                  0.00267327262034182
         229,3058.18635610526,           1.00074102575064,                  0.00267196785088282
         230,    3058.1854615,           1.00096321789556,                  0.00302674754610894
         231,3058.18456689474,           1.00065310277204,                  0.00284731453749824
         232,3058.18367228947,           1.00087690121254,                  0.00320166771313769
         233,3058.18277768421,           1.00074491405043,                  0.00320010809254001
         234,3058.18188307895,           1.00079075263658,                  0.00284315554726302
         235,3058.18098847368,           1.00101593526432,                  0.00337461014372287
         236,3058.18009386842,           1.00106159750897,                  0.00319544400694476
         237,3058.17919926316,           1.00110721535339,                  0.00372620551620367
         238,3058.17830465789,           1.00097721198406,                  0.00354704894395485
         239,3058.17741005263,           1.00084733444184,                  0.00407713225153424
         240,3058.17651544736,           1.00107017058944,                  0.00513823627382193
         241,3058.17562084211,           1.00076327901833,                  0.00566703679500734
         242,3058.17472623684,           1.00116472133423,                  0.00566429828194753
         243,3058.17383163158,           1.00138885202976,                  0.00495386711251471
         244,3058.17293702631,           1.00090718265849,                  0.00335993577217513
         245,3058.17204242104,           1.00130797511312,                   0.0021210407239819
         246,3058.17114781579,           1.00118014529214,                  0.00088334228453515
         247,3058.17025321052,           1.00140383715489,                 0.000353166579846549
         248,3058.16935860526,           1.00162908130757,                 0.000705994066119874
         249,3058.16846399999,           1.00132486782194,                                    0
         250,3058.16756939474,           1.00137360457469,                 0.000352658427390275
         251,3058.16667478947,           1.00124604991602,                                    0
         252,3058.16578018421,           1.00147093796517,                 0.000528480706050223
         253,3058.16488557895,           1.00169737435204,                  0.00176076177597476
         254,3058.16399097368,           1.00139385577113,                  0.00193591079323065
         255,3058.16309636841,           1.00179602060938,                  0.00211089591699957
         256,3058.16220176315,           1.00149450549451,                  0.00175824175824176
         257,3058.16130715789,           1.00119327757675,                  0.00123018306881468
         258,3058.16041255263,           1.00141930678808,                 0.000878283903515244
         259,3058.15951794737,           1.00146954770587,                 0.000526719607839695
         260, 3058.1586233421,           1.00169523054082,                                    0
         261,3058.15772873684,            1.0019224562536,                 -0.00140325273985097
         262,3058.15683413158,           1.00179706333552,                 -0.00245452553144861
         263,3058.15593952632,           1.00184878514663,                 -0.00368004626343874
         264,3058.15504492105,           1.00190045803666,                 -0.00437893556834205
         265,3058.15415031579,           1.00212715670054,                 -0.00560238801789263
         266,3058.15325571052,           1.00200365733085,                 -0.00612471673185115
         267,3058.15236110525,           1.00188027460755,                 -0.00664655210109756
         268,    3058.1514665,           1.00193358671594,                 -0.00664342632964682
         269,3058.15057189473,           1.00181035326353,                 -0.00646554736974543
         270,3058.14967728948,           1.00186364803426,                 -0.00523987263616246
         271,3058.14878268421,           1.00191689274828,                 -0.00453909029647243
         272,3058.14788807894,           1.00197008747607,                 -0.00348996895672613
         273,3058.14699347368,             1.002023232288,                 -0.00261624864827153
         274,3058.14609886842,           1.00207632725428,                 -0.00191768260260909
         275,3058.14520426316,           1.00178086631653,                -0.000871265321200673
         276,3058.14430965789,           1.00200994172214,                 0.000174171726355317
         277,3058.14341505263,           1.00189062244305,                  0.00104454278621343
         278,3058.14252044736,           1.00211943300817,                   0.0013920742253977
         279, 3058.1416258421,           1.00200017392817,                  0.00104356900600052
         280,3058.14073123684,           1.00205487310898,                 0.000347694265478479
         281,3058.13983663157,           1.00193575517041,                -0.000173766173286579
         282,3058.13894202631,           1.00216585931815,                -0.000868427954348479
         283,3058.13804742105,           1.00204680037707,                                    0
         284,3058.13715281578,           1.00210311510911,                  0.00104114609361986
         285,3058.13625821052,           1.00198593369236,                  0.00225477187779136
         286,3058.13536360526,           1.00204222446439,                  0.00312054671978531
         287,     3058.134469,           1.00192517965167,                  0.00294581944899314
         288,3058.13357439473,           1.00180997826294,                  0.00294446224593188
         289,3058.13267978947,           1.00221251960625,                  0.00225060679821752
         290,3058.13178518421,           1.00175120438562,                  0.00155739520460712
         291,3058.13089057894,            1.0019821708403,                 0.000864821483549366
         292,3058.12999597369,           1.00221292486429,                 0.000691539020089209
         293,3058.12910136842,           1.00192505089116,                 0.000691221145837294
         294,3058.12820676315,           1.00181189772537,                  0.00138180951410396
         295,3058.12731215789,           1.00204241242919,                  0.00241705612922273
         296,3058.12641755262,           1.00192930927967,                  0.00414162993846228
         297,3058.12552294737,           1.00216128759614,                  0.00517467102028988
         298, 3058.1246283421,           1.00204823348482,                  0.00551712723185038
         299,3058.12373373684,           1.00227994561218,                  0.00551460767874653
         300,3058.12283913157,           1.00199641368999,                  0.00430632806296196
         301,3058.12194452632,           1.00205576388674,                  0.00378783965730382
         302,3058.12104992105,           1.00228888085773,                  0.00309773349166193
         303,3058.12015531578,           1.00234976794751,                   0.0022362359676193
         304,3058.11926071053,           1.00241059976135,                  0.00154746061712729
         305,3058.11836610526,           1.00247137637447,                  0.00120303439647202
         306,    3058.1174715,           1.00236031374651,                  0.00137427292373129
         307,3058.11657689473,           1.00225107273661,                  0.00137365231829585
         308,3058.11568228947,           1.00231355938021,                  0.00171629034140447
         309,3058.11478768421,           1.00237598963828,                   0.0018870675827522
         310,3058.11389307894,            1.0024383635871,                  0.00188621655823779
         311,3058.11299847368,           1.00250068130282,                  0.00257095404676737
         312,3058.11210386842,           1.00222030344147,                  0.00291243506982991
         313,3058.11120926315,           1.00245562241637,                  0.00291112838761161
         314,3058.11031465789,           1.00234839822809,                  0.00154049446448989
         315,3058.10942005263,           1.00258344881863,                 0.000342178651473935
         316,3058.10852544737,           1.00264727611021,                 -0.00119708868032944
         317, 3058.1076308421,           1.00254011015121,                 -0.00273497728259495
         318,3058.10673623684,           1.00260561274614,                 -0.00341719704412456
         319,3058.10584163158,           1.00266934455039,                 -0.00341566801073203
         320,3058.10494702631,           1.00256402377611,                 -0.00273131693860341
         321,3058.10405242105,           1.00262942809512,                  -0.0011944189919445
         322,3058.10315781579,           1.00269648433702,                                    0
         323,3058.10226321053,           1.00259129189539,                 0.000852398649800539
         324,3058.10136860526,           1.00265830550065,                  0.00221525458387295
         325,     3058.100474,           1.00255322338064,                  0.00323624044244517
         326,3058.09957939473,           1.00244994134783,                  0.00391582008338994
         327,3058.09868478947,           1.00251692842836,                  0.00374390976496756
         328,3058.09779018421,           1.00258556167925,                  0.00391236306729264
         329,3058.09689557895,           1.00265242969361,                  0.00306049580031965
         330,3058.09600097368,           1.00255099005947,                  0.00254929053244482
         331,3058.09510636842,           1.00278939554036,                  0.00118914548005803
         332,3058.09421176315,           1.00285778810936,                                    0
         333,3058.09331715789,           1.00258666340788,                 -0.00101837142042446
         334,3058.09242255263,              1.00282644028,                  -0.0016965427851125
         335,3058.09152794737,            1.0025555670493,                 -0.00271327623017401
         336, 3058.0906333421,            1.0027951473936,                 -0.00406813447218498
         337,3058.08973873684,           1.00303451828081,                  -0.0050829451939906
         338,3058.08884413158,           1.00276560756147,                 -0.00609686908836565
         339,3058.08794952631,           1.00283719638952,                 -0.00694063555907666
         340,3058.08705492105,           1.00257030259856,                 -0.00744524781676568
         341,3058.08616031579,           1.00297849093176,                 -0.00744199892091016
         342,3058.08526571052,           1.00288083097772,                 -0.00726970258463286
         343,3058.08437110526,           1.00295394016412,                 -0.00574565020481553
         344,    3058.0834765,           1.00302529184523,                 -0.00439182512428021
         345,3058.08258189473,           1.00259005244265,                 -0.00287033191167482
         346,3058.08168728947,           1.00266319225278,                 -0.00219401136160345
         347,3058.08079268421,           1.00273626888987,                 -0.00118088053200355
         348,3058.07989807895,           1.00297790683165,                -0.000674497583612407
         349,3058.07900347368,           1.00288392334933,                -0.000337103839781287
         350,3058.07810886842,           1.00278833112906,                 -0.00016847922229991
         351,3058.07721426315,           1.00303132367801,                -0.000336813742000674
         352,3058.07631965789,           1.00293743845267,                -0.000505003745444445
         353,3058.07542505263,           1.00284363379381,                 -0.00100957412798035
         354,3058.07453044737,           1.00291978659993,                -0.000840952361730613
         355, 3058.0736358421,           1.00299418814799,                 -0.00100871021268655
         356,3058.07274123684,           1.00273411833506,                -0.000504139828222756
         357,3058.07184663158,            1.0028102202655,                -0.000671899645069012
         358,3058.07095202631,           1.00271835401062,                                    0
         359,3058.07005742105,            1.0027960807876,                -0.000503495940144403
         360,3058.06916281579,           1.00287205915905,                -0.000838802324489002
         361,3058.06826821053,            1.0029496546439,                 -0.00184458221051378
         362,3058.06737360526,            1.0030271843163,                 -0.00201141815036692
         363,     3058.066479,           1.00293710113312,                 -0.00150792414136286
         364,3058.06558439474,           1.00301625023656,                 -0.00100485849080303
         365,3058.06468978947,           1.00292624784047,                  0.00033481096572875
         366,3058.06379518421,           1.00283799974565,                  0.00100400934398029
         367,3058.06290057895,           1.00274982604507,                  0.00217443665364235
         368,3058.06200597368,           1.00299611441412,                  0.00317668380961298
         369,3058.06111136842,           1.00274250073952,                  0.00401097000295809
         370,3058.06021676316,            1.0029885852415,                  0.00350812130081138
         371,3058.05932215789,           1.00273518773941,                  0.00350665094796464
         372,3058.05842755263,           1.00281582940113,                  0.00250370130509603
         373,3058.05753294737,           1.00323176438986,                   0.0018352817908346
         374, 3058.0566383421,           1.00314535684624,                  0.00083386978956462
         375,3058.05574373684,           1.00339410266327,                 0.000333408906018698
         376,3058.05484913157,           1.00330937121947,                                    0
         377,3058.05395452632,           1.00322471034239,                -0.000999393701154633
         378,3058.05305992105,           1.00314011994392,                -0.000998977712807227
         379,3058.05216531578,           1.00322369658308,                  -0.0018307001762465
         380,3058.05127071052,           1.00330553489943,                 -0.00199629686930743
         381,3058.05037610526,           1.00338897369638,                 -0.00216175947266372
         382,    3058.0494815,           1.00330612305958,                 -0.00166220364986677
         383,3058.04858689474,           1.00322500785068,                 -0.00199382247337001
         384,3058.04769228947,           1.00314229340916,                 -0.00199299793392547
         385,3058.04679768421,           1.00322732736123,                 -0.00249022172934278
         386,3058.04590307895,           1.00347823778136,                 -0.00315298272165469
         387,3058.04500847368,           1.00339718537883,                 -0.00431283300047109
         388,3058.04411386842,           1.00331786323638,                 -0.00431106667396232
         389,3058.04321926316,           1.00340268535354,                 -0.00430929465133663
         390,3058.04232465789,           1.00348910028927,                  -0.0036448341103457
         391,3058.04143005263,           1.00374105103827,                  -0.0028153106529699
         392,3058.04053544737,           1.00349784054284,                 -0.00198646883644243
         393, 3058.0396408421,           1.00358411077318,                 -0.00148924270353811
         394,3058.03874623684,           1.00350656654206,                -0.000661616328690992
         395,3058.03785163158,           1.00342908538985,                -0.000496010422832352
         396,3058.03695702631,            1.0036822064151,                -0.000661078351006161
         397,3058.03606242105,           1.00343951443704,                -0.000991214535169944
         398,3058.03516781579,            1.0035289474423,                 -0.00181649143028884
         399,3058.03427321052,           1.00345323931014,                 -0.00214589440878958
         400,3058.03337860526,           1.00337759238878,                 -0.00313503934474378
         401,     3058.032484,           1.00346694199882,                 -0.00412338487014636
         402,3058.03158939473,           1.00339135065445,                  -0.0042865880902096
         403,3058.03069478947,           1.00348227631772,                 -0.00444966685179478
         404,3058.02980018421,            1.0034083926521,                 -0.00444787827969247
         405,3058.02890557895,           1.00333456835865,                 -0.00477543122967354
         406,3058.02801097368,           1.00326080336582,                 -0.00460890935098326
         407,3058.02711636842,           1.00351617324516,                 -0.00444252118013107
         408,3058.02622176315,           1.00344404496008,                 -0.00411180152827439
         409,3058.02532715789,           1.00337197430658,                 -0.00411015883297794
         410,3058.02443255263,           1.00346430191358,                 -0.00328681395975625
         411,3058.02353794737,           1.00322965367468,                 -0.00312123193381674
         412,3058.02264334211,            1.0034861743547,                 -0.00262735702662005
         413,3058.02174873684,           1.00325170423116,                 -0.00262631336186166
         414,3058.02085413158,            1.0031814997186,                 -0.00311750874953442
         415,3058.01995952631,           1.00311135093644,                 -0.00295225708254675
         416,3058.01906492105,           1.00337080125389,                 -0.00327898954658133
         417,3058.01817031579,           1.00330063292176,                 -0.00327768909807829
         418,3058.01727571052,            1.0030683439625,                 -0.00327639504805652
         419,3058.01638110526,           1.00316374855077,                 -0.00311134691845651
         420,    3058.0154865,           1.00342276836648,                 -0.00261904800878691
         421,3058.01459189473,             1.003192347529,                 -0.00278164571978356
         422,3058.01369728947,           1.00312566958189,                  -0.0034348017383368
         423,3058.01280268421,            1.0032225417696,                 -0.00392394736024616
         424,3058.01190807895,           1.00299247061054,                 -0.00506644396104395
         425,3058.01101347368,           1.00325268865513,                 -0.00571793585782924
         426,3058.01011886842,           1.00318772985296,                 -0.00620562163998249
         427,3058.00922426315,           1.00328606385705,                 -0.00620320052498665
         428,3058.00832965789,           1.00289478579564,                  -0.0053848890223326
         429,3058.00743505263,           1.00299315733242,                 -0.00505656007111807
         430,3058.00654044737,           1.00292840092352,                 -0.00423933318550018
         431,3058.00564584211,           1.00270234148599,                 -0.00391171264558905
         432,3058.00475123684,           1.00280230701554,                 -0.00374727100915638
         433,3058.00385663157,           1.00273933337459,                 -0.00325723350129801
         434,3058.00296202632,            1.0028408397164,                 -0.00260478140186079
         435,3058.00206742105,           1.00294063561342,                 -0.00162735783808766
         436,3058.00117281579,           1.00255396678216,                 -0.00113871130414979
         437,3058.00027821052,           1.00281803739062,                -0.000813051757248763
         438,3057.99938360526,           1.00259426141573,                -0.000812738538761126
         439,     3057.998489,           1.00253477187053,                -0.000649941505264526
         440,3057.99759439474,           1.00231127685458,                -0.000649691315413764
         441,3057.99669978947,           1.00241430201993,                 -0.00113652415195003
         442,3057.99580518421,           1.00267954666809,                 -0.00129838724074859
         443,3057.99491057895,           1.00245950576264,                 -0.00146012875090852
         444,3057.99401597368,           1.00223800720055,                 -0.00178391878304304
         445,3057.99312136842,            1.0021804151705,                 -0.00226957712914704
         446,3057.99222676316,           1.00228491792121,                 -0.00307896741156071
         447,3057.99133215789,           1.00238934110882,                 -0.00356376300975985
         448,3057.99043755263,            1.0024953081406,                 -0.00356241266016688
         449,3057.98954294737,            1.0022774618683,                  -0.0038847963638306
         450, 3057.9886483421,           1.00221996414402,                 -0.00420692913589676
         451,3057.98775373684,           1.00216575200441,                 -0.00420534369788811
         452,3057.98685913158,           1.00210996046856,                 -0.00339533868503383
         453,3057.98596452632,           1.00205421113282,                 -0.00210108141043979
         454,3057.98506992105,           1.00200012278621,                -0.000807804033203977
         455,3057.98417531579,           1.00210757515807,                 0.000807500060562505
         456,3057.98328071052,           1.00205350742943,                   0.0024215889498053
         457,3057.98238610526,           1.00200109737598,                  0.00322757641287157
         458,    3057.9814915,           1.00194711022709,                   0.0038716359113589
         459,3057.98059689473,           1.00173352146745,                  0.00403144527313042
         460,3057.97970228947,           1.00168128996691,                   0.0040299376004462
         461,3057.97880768421,           1.00195298652246,                  0.00418957504818011
         462,3057.97791307895,           1.00173963467672,                  0.00418800940691344
         463,3057.97701847368,             1.001689072234,                  0.00434746904843564
         464,3057.97612386842,           1.00179950489472,                  0.00450681011199423
         465,3057.97522926316,           1.00158806010494,                  0.00434423736912985
         466,3057.97433465789,           1.00153922118946,                  0.00450346847491648
         467,3057.97344005263,           1.00148880821385,                  0.00450179589500526
         468,3057.97254544737,           1.00144004217266,                  0.00466085078205862
         469, 3057.9716508421,           1.00139131217125,                  0.00498044772618462
         470,3057.97075623684,           1.00150482684855,                  0.00497861604110088
         471,3057.96986163158,            1.0014561088341,                  0.00465569527992769
         472,3057.96896702631,           1.00124855164799,                  0.00433301985806953
         473,3057.96807242105,           1.00120157022288,                  0.00401058151827782
         474,3057.96717781579,           1.00131498765195,                  0.00400910869495494
         475,3057.96628321052,           1.00126962142198,                  0.00368703190725351
         476,3057.96538860526,           1.00122268391137,                   0.0025639505349843
         477,     3057.964494,           1.00117738460429,                  0.00208244895997693
         478,3057.96359939473,            1.0012922482718,                 0.000960779384236493
         479,3057.96270478947,           1.00124855935459,                 0.000640286848508132
         480,3057.96181018421,           1.00120330011457,                 0.000480039939322952
         481,3057.96091557895,           1.00115967529092,                 0.000479865637621466
         482,3057.96002097369,           1.00143587644427,                 0.000639588616601802
         483,3057.95912636842,           1.00155203802893,                 0.000159839137891626
         484,3057.95823176316,           1.00118877185806,                                    0
         485, 3057.9573371579,            1.0014662616079,                -0.000159723486699825
         486,3057.95644255263,           1.00126455354235,                                    0
         487,3057.95554794737,            1.0010629909949,                  0.00111725780244967
         488,3057.95465334211,            1.0013402259238,                  0.00239326057821176
         489,3057.95375873684,           1.00114037815897,                  0.00366834932255158
         490,3057.95286413158,           1.00125954624448,                  0.00510195947130945
         491,3057.95196952632,           1.00137862886195,                  0.00557826707148948
         492,3057.95107492105,           1.00117898225154,                   0.0055762674059204
         493,3057.95018031579,           1.00113874355973,                  0.00509647467290985
         494,3057.94928571052,           1.00125933556118,                  0.00493544910198708
         495,3057.94839110526,           1.00122069030275,                  0.00397878195160846
         496,    3057.9474965,           1.00134116714952,                  0.00334098578171908
         497,3057.94660189474,           1.00098444450453,                  0.00222653038180225
         498,3057.94570728947,           1.00142447424818,                  0.00127185200730043
         499,3057.94481268421,           1.00138582516989,                 0.000158924904803982
         500,3057.94391807894,           1.00118992582425,                -0.000635474405473976
         501,3057.94302347368,           1.00131338011952,                -0.000476437770080661
         502,3057.94212886842,           1.00127640118369,                -0.000476269098390845
         503,3057.94123426316,           1.00155843826077,                -0.000476101301660959
         504,3057.94033965789,           1.00168004302433,                 -0.00079322144680419
         505,3057.93944505263,           1.00132738520973,                 -0.00111011905233894
         506,3057.93855044736,           1.00161069399351,                 -0.00126826298701299
         507, 3057.9376558421,           1.00141678526036,                  -0.0014262938862705
         508,3057.93676123684,            1.0012245990745,                 -0.00190105936533133
         509,3057.93586663158,           1.00166601208651,                 -0.00158366167918815
         510,3057.93497202632,           1.00115725166187,                 -0.00142479684771613
         511,3057.93407742105,           1.00144170890774,                 -0.00126604514400472
         512,3057.93318281579,           1.00140798278781,                -0.000949201879419721
         513,3057.93228821052,            1.0012177185963,                -0.000790726361235431
         514,3057.93139360526,           1.00134376729112,                -0.000632361078175638
         515,     3057.930499,           1.00146972833731,                -0.000790176525435782
         516,3057.92960439474,           1.00128122289645,                -0.000631922513661375
         517,3057.92870978947,           1.00140869982691,                -0.000631703958257002
         518,3057.92781518421,           1.00153450747362,                -0.000789355696306447
         519,3057.92692057895,            1.0015055725121,                 -0.00110471777617155
         520,3057.92602597368,           1.00131731520119,                 -0.00110433609680295
         521,3057.92513136842,           1.00144618291296,                 -0.00173478866331379
         522,3057.92423676316,           1.00157338302575,                 -0.00236480414692055
         523,3057.92334215789,            1.0017020740087,                 -0.00236399167874929
         524,3057.92244755263,           1.00167470936782,                  -0.0023631834917454
         525,3057.92155294737,           1.00148829444606,                 -0.00141742328196486
         526, 3057.9206583421,           1.00146102158156,                -0.000944626022557669
         527,3057.91976373684,            1.0015911512475,                                    0
         528,3057.91886913158,           1.00156386188928,                 0.000314660339896099
         529,3057.91797452631,           1.00153659115823,                 0.000943658848453107
         530,3057.91707992105,           1.00151091363894,                  0.00220112288711856
         531,3057.91618531579,           1.00164084896645,                  0.00282904994216165
         532,3057.91529071053,           1.00161515353386,                  0.00329943815281741
         533,3057.91439610526,           1.00143398561617,                   0.0037695131202616
         534,    3057.9135015,           1.00140837772785,                  0.00345421516306251
         535,3057.91260689474,            1.0016982725335,                  0.00282522232930164
         536,3057.91171228947,           1.00151726020777,                  0.00172594232528364
         537,3057.91081768421,           1.00180692277287,                 0.000470552805435826
         538,3057.90992307895,           1.00146919780545,                 -0.00109758640748993
         539,3057.90902847368,           1.00160193611692,                 -0.00250792347071529
         540,3057.90813386842,           1.00157946198009,                 -0.00297716047835134
         541,3057.90723926316,            1.0017136430422,                 -0.00344608290022337
         542,3057.90634465789,           1.00169114653472,                 -0.00266198991575585
         543,3057.90545005263,           1.00151212991168,                -0.000939211125268849
         544,3057.90455544737,           1.00164776612675,                 0.000156483012986525
         545, 3057.9036608421,           1.00162688108125,                  0.00125144698557707
         546,3057.90276623684,           1.00160600994882,                   0.0018765452177027
         547,3057.90187163158,           1.00142882601777,                  0.00171959367564711
         548,3057.90097702631,           1.00156430936757,                   0.0012501972967609
         549,3057.90008242105,           1.00154504453134,                 0.000468668715269695
         550,3057.89918781579,           1.00168196363398,                 0.000468513547069214
         551,3057.89829321052,           1.00150655311575,                 0.000156119493860601
         552,3057.89739860526,           1.00148732651109,                 0.000312135679137007
         553,     3057.896504,           1.00146811262499,                 0.000780081097230868
         554,3057.89560939474,           1.00160643823011,                  0.00124771901367812
         555,3057.89471478947,           1.00158875925542,                  0.00140322210979122
         556,3057.89382018421,           1.00157109190888,                  0.00155862292547289
         557,3057.89292557894,           1.00170924723007,                  0.00202554366370989
         558,3057.89203097368,           1.00169311213324,                  0.00186912103025951
         559,3057.89113636842,           1.00136556928045,                 0.000934254923912722
         560,3057.89024176316,           1.00150365640673,                -0.000778290065594287
         561,3057.88934715789,           1.00148916272332,                 -0.00280093302191108
         562,3057.88845255263,           1.00147312060456,                 -0.00435558362487225
         563,3057.88755794737,           1.00145708896329,                 -0.00497618429298529
         564, 3057.8866633421,           1.00144262458183,                 -0.00544093322886741
         565,3057.88576873684,           1.00158357434019,                 -0.00512835654821199
         566,3057.88487413158,           1.00156907828302,                 -0.00434991999254299
         567,3057.88397952631,            1.0012455388897,                 -0.00357199432208207
         568,3057.88308492105,           1.00154166931892,                 -0.00263931303339352
         569,3057.88219031579,           1.00137355175652,                 -0.00232805382460443
         570,3057.88129571052,           1.00151584970591,                 -0.00186184201339595
         571,3057.88040110526,           1.00134784894786,                 -0.00170613790867819
         572,    3057.8795065,           1.00133656258431,                 -0.00201569763295076
         573,3057.87861189474,           1.00132373137243,                 -0.00294506979815422
         574,3057.87771728948,           1.00131246000251,                 -0.00402880284123573
         575,3057.87682268421,            1.0011462915918,                 -0.00495693661317306
         576,3057.87592807894,           1.00128993894083,                 -0.00572962074556303
         577,3057.87503347368,           1.00128023926697,                 -0.00619220927190455
         578,3057.87413886842,           1.00126899625491,                 -0.00603546999288124
         579,3057.87324426316,           1.00125930945287,                 -0.00572413387666193
         580, 3057.8723496579,           1.00109497179056,                  -0.0051036820746313
         581,3057.87145505263,           1.00123995435978,                 -0.00401980216389043
         582,3057.87056044737,           1.00092271596886,                 -0.00340029335258105
         583, 3057.8696658421,           1.00091315170216,                 -0.00216313431982559
         584,3057.86877123684,           1.00090513952432,                 -0.00139014602711712
         585,3057.86787663158,           1.00105154419497,                -0.000772058880298447
         586,3057.86698202631,           1.00073476746771,                -0.000308725826767764
         587,3057.86608742105,           1.00072836358923,                -0.000771571598758078
         588,3057.86519281579,           1.00072041997245,                 -0.00107985863107864
         589,3057.86429821052,           1.00071402464696,                 -0.00138795287745764
         590,3057.86340360526,           1.00070763334418,                 -0.00154168484570047
         591,     3057.862509,           1.00085536607356,                 -0.00169532014579753
         592,3057.86161439474,           1.00069486279156,                  -0.0020029304413072
         593,3057.86071978947,           1.00069002482857,                 -0.00169425739158293
         594,3057.85982518421,           1.00068518988998,                -0.000769876280881662
         595,3057.85893057895,           1.00037250368656,                -0.000153927143204578
         596,3057.85803597368,            1.0003677709541,                 0.000923274361748128
         597,3057.85714136842,           1.00005537916267,                  0.00184597208890202
         598,3057.85624676316,           1.00035985273719,                  0.00307566442040642
         599,3057.85535215789,           1.00004919534858,                  0.00368965114348438
         600,3057.85445755263,           1.00004610632118,                  0.00338113021961978
         601,3057.85356294737,           1.00004301921115,                  0.00353372091594046
         602, 3057.8526683421,           1.00003993401672,                  0.00337903218374563
         603,3057.85177373684,          0.999883306002371,                  0.00291734994073173
         604,3057.85087913158,          0.999881807032328,                   0.0029164498516448
         605,3057.84998452631,          0.999880308986954,                  0.00260865028434288
         606,3057.84908992105,          0.999725409163357,                  0.00214763782849271
         607,3057.84819531579,            1.0000306710833,                  0.00214697583118636
         608,3057.84730071053,          0.999877353283866,                  0.00245293432268351
         609,3057.84640610526,          0.999724129475233,                  0.00306522805296714
         610,    3057.8455115,           0.99972268229043,                  0.00383035510456103
         611,3057.84461689474,          0.999722767242422,                  0.00444185081201628
         612,3057.84372228947,          0.999724382923991,                  0.00489985912905004
         613,3057.84282768421,          0.999724467303453,                  0.00505143277002204
         614,3057.84193307895,          0.999573054375121,                  0.00504989448781063
         615,3057.84103847368,          0.999573185003649,                  0.00520132970464096
         616,3057.84014386842,          0.999574844236998,                  0.00519974674174693
         617,3057.83924926316,          0.999425143255524,                  0.00535106012145378
         618,3057.83835465789,          0.999426846509495,                   0.0053494325780444
         619,3057.83746005263,          0.999428548727681,                  0.00550060048221931
         620,3057.83656544737,          0.999737273016106,                  0.00580443336510497
         621, 3057.8356708421,          0.999435002366882,                  0.00626078458319972
         622,3057.83477623684,           0.99943822626048,                  0.00686951583652384
         623,3057.83388163158,          0.999441448205767,                  0.00717265965272118
         624,3057.83298702631,          0.999446192996401,                  0.00701793999051052
         625,3057.83209242105,          0.999603453009182,                  0.00594820486227618
         626,3057.83119781579,          0.999606622165164,                  0.00457416087018836
         627,3057.83030321053,          0.999458886831135,                  0.00320095113976725
         628,3057.82940860526,          0.999617524392344,                  0.00182856864218112
         629,     3057.828514,           0.99962220922297,                  0.00106634493516623
         630,3057.82761939474,          0.999474601953872,                  0.00152289288732877
         631,3057.82672478947,          0.999785336177248,                  0.00213141384292393
         632,3057.82583018421,           0.99948709129014,                   0.0031961670347332
         633,3057.82493557895,          0.999949789496267,                  0.00380382604038446
         634,3057.82404097368,          0.999803781092711,                  0.00425901504192848
         635,3057.82314636842,          0.999507317251195,                  0.00456187730374804
         636,3057.82225176316,          0.999817579277006,                   0.0039524489982062
         637,3057.82135715789,            0.9998252319476,                  0.00319141660904387
         638,3057.82046255263,          0.999984807280351,                  0.00258276234028653
         639,3057.81956794737,          0.999992405889992,                  0.00258199740281438
         640,3057.81867334211,           1.00000151837461,                   0.0025812368375901
         641,3057.81777873684,          0.999857315033227,                  0.00258047280333458
         642,3057.81688413158,          0.999866461908259,                  0.00273146096742278
         643,3057.81598952632,           1.00002730657087,                  0.00333746977314308
         644,3057.81509492105,           1.00018805658683,                  0.00333648783091893
         645,3057.81420031579,           1.00004548417909,                   0.0030322786057583
         646,3057.81330571053,           1.00020765032292,                  0.00272825241791371
         647,3057.81241110526,           1.00021668078375,                  0.00287897544840043
         648,    3057.8115165,           1.00022722108612,                  0.00318109520563508
         649,3057.81062189474,           1.00023775522721,                  0.00363447481081801
         650,3057.80972728947,           1.00024828321242,                  0.00423898167548779
         651,3057.80883268421,           1.00010745706636,                  0.00454043942372743
         652,3057.80793807895,           1.00042213819806,                  0.00423651238196396
         653,3057.80704347368,           1.00058386299488,                  0.00393275592409176
         654,3057.80614886842,           1.00044457482618,                  0.00378039818177969
         655,3057.80525426316,           1.00045653955114,                  0.00377930092003302
         656,3057.80435965789,           1.00061962550439,                  0.00332481977965513
         657,3057.80346505263,           1.00063153250882,                  0.00271951798054638
         658,3057.80257044737,           1.00049390324028,                  0.00226561119393179
         659, 3057.8016758421,           1.00080783372215,                  0.00135897261670177
         660,3057.80078123684,           1.00067023319285,                 0.000452860265436497
         661,3057.79988663158,           1.00083453180955,                -0.000452729733930735
         662,3057.79899202632,           1.00084786931347,                 -0.00135779783295466
         663,3057.79809742105,           1.00086270866389,                 -0.00196070150883522
         664,3057.79720281579,           1.00087603039117,                  -0.0024124761202559
         665,3057.79630821053,           1.00104158972821,                 -0.00316546805967359
         666,3057.79541360526,           1.00135774767593,                 -0.00361664197806205
         667,     3057.794519,           1.00107112350461,                 -0.00376625704855007
         668,3057.79362439474,           1.00138709206165,                 -0.00391578649324753
         669,3057.79272978947,            1.0014017516626,                  -0.0040652303856398
         670,3057.79183518421,           1.00141640287856,                 -0.00376302571350731
         671,3057.79094057895,           1.00143255265233,                 -0.00346099905499678
         672,3057.79004597368,           1.00159912867796,                 -0.00361045044882412
         673,3057.78915136842,            1.0013144319819,                 -0.00375981688187858
         674,3057.78825676316,            1.0016312968434,                 -0.00390909842658788
         675,3057.78736215789,           1.00149705999062,                 -0.00405829515529743
         676,3057.78646755263,           1.00151466884651,                 -0.00405714869600236
         677,3057.78557294737,           1.00153076323344,                 -0.00435644099801557
         678, 3057.7846783421,           1.00154835260389,                 -0.00435521100997343
         679,3057.78378373684,           1.00171606934542,                 -0.00405370711515681
         680,3057.78288913158,           1.00173359649979,                 -0.00390246831120684
         681,3057.78199452632,           1.00175261692116,                  -0.0040514261019879
         682,3057.78109992105,           1.00192013440941,                 -0.00450031502205154
         683,3057.78020531579,           1.00193909182117,                 -0.00494895824428958
         684,3057.77931071053,           1.00195653640582,                 -0.00554726797052452
         685,3057.77841610526,            1.0019754729594,                 -0.00584548144284468
         686,    3057.7775215,           1.00184455675945,                 -0.00599368565216544
         687,3057.77662689474,           1.00186501486769,                 -0.00539281407524474
         688,3057.77573228947,           1.00188396117063,                  -0.0047922700683797
         689,3057.77483768421,           1.00205411361704,                 -0.00479093554993951
         690,3057.77394307895,           1.00207299641529,                 -0.00478959460571908
         691,3057.77304847368,           1.00179410175954,                 -0.00538679427383769
         692,3057.77215386842,           1.00181454538383,                 -0.00568447853137009
         693,3057.77125926316,            1.0019845275643,                 -0.00628109703846275
         694,3057.77036465789,           1.00185689638159,                 -0.00657837687521118
         695,3057.76947005263,           1.00187730552849,                 -0.00642708102905041
         696,3057.76857544737,           1.00189920042317,                 -0.00612645297797914
         697, 3057.7676808421,           1.00162231444218,                 -0.00552722231683233
         698,3057.76678623684,            1.0019429539172,                  -0.0050776658865978
         699,3057.76589163158,           1.00166620880762,                 -0.00462835779893219
         700,3057.76499702632,           1.00153887717193,                   -0.003432994660947
         701,3057.76410242105,           1.00171005470384,                 -0.00164141376459739
         702,3057.76320781579,           1.00173345386954,                                    0
         703,3057.76231321053,           1.00160770265554,                  0.00253533813953905
         704,3057.76141860526,           1.00148052726451,                  0.00432379563654472
         705,     3057.760524,           1.00165302560326,                  0.00596222039049562
         706,3057.75962939474,           1.00167790735448,                  0.00640763909792363
         707,3057.75873478947,           1.00155230924622,                  0.00595896063808551
         708,3057.75784018421,           1.00157571316659,                  0.00491479532111485
         709,3057.75694557895,           1.00160059557044,                  0.00297785222408338
         710,3057.75605097368,           1.00147661236544,                  0.00119081642374012
         711,3057.75515636842,           1.00150150820472,                 -0.00029762303364182
         712,3057.75426176316,           1.00167516149092,                 -0.00193402303570207
         713,3057.75336715789,           1.00169998973759,                 -0.00312334072523972
         714,3057.75247255263,            1.0017248044726,                 -0.00401463110000892
         715,3057.75157794737,           1.00160244499214,                  -0.0044594944122535
         716,3057.75068334211,           1.00133154209219,                 -0.00445828825508542
         717,3057.74978873684,           1.00135643683506,                 -0.00460564533262416
         718,3057.74889413158,           1.00153133442948,                  -0.0044558712787905
         719,3057.74799952632,           1.00126215754696,                 -0.00415769544880837
         720,3057.74710492105,           1.00128853736165,                 -0.00415657213434041
         721,3057.74621031579,           1.00131490292573,                 -0.00415544942669639
         722,3057.74531571053,           1.00119437087812,                 -0.00430270254230373
         723,3057.74442110526,            1.0010724186675,                 -0.00415321199032302
         724,    3057.7435265,            1.0011003057723,                 -0.00341065131576996
         725,3057.74263189474,           1.00112817791114,                 -0.00296498793991155
         726,3057.74173728947,           1.00115603509604,                  -0.0019267251600664
         727,3057.74084268421,           1.00103719069492,                 -0.00148170099273967
         728,3057.73994807895,            1.0010650573783,                 -0.00133317335253103
         729,3057.73905347368,           1.00094481845565,                 -0.00133281600326984
         730,3057.73815886842,           1.00082612570731,                 -0.00177661442433251
         731,3057.73726426316,           1.00085550796155,                 -0.00177614109664872
         732,3057.73636965789,           1.00073690222876,                 -0.00177566802110677
         733,3057.73547505263,           1.00076629259359,                 -0.00103553053187807
         734,3057.73458044737,           1.00064777375836,                 0.000443680656410742
         735, 3057.7336858421,           1.00082650615592,                  0.00177425292862624
         736,3057.73279123684,           1.00070803419258,                  0.00310411650192677
         737,3057.73189663158,           1.00044332791488,                  0.00428550317718339
         738,3057.73100202632,           1.00062197231706,                   0.0051707912344747
         739,3057.73010742105,           1.00035742875795,                  0.00531712201908847
         740,3057.72921281579,           1.00038834263338,                  0.00590635183842584
         741,3057.72831821053,           1.00071447972885,                  0.00590479114753711
         742,3057.72742360526,           1.00059770216722,                  0.00560806971716143
         743,     3057.726529,            1.0003349203937,                  0.00457380273336353
         744,3057.72565691111,           1.00021830454073,                  0.00383507976965921
         745,3057.72478482222,           1.00039815374633,                  0.00250689395838556
         746,3057.72391273333,           1.00028305725423,                  0.00103197957270149
         747,3057.72304064444,           1.00031540812928,                 0.000147386976297226
         748,3057.72216855556,           1.00064243867363,                -0.000736741598198814
         749,3057.72129646667,            1.0003800589828,                 -0.00162040651580191
         750,3057.72042437778,           1.00026656102407,                 -0.00206179797619802
         751,3057.71955228889,           1.00029888235667,                 -0.00265018838422431
         752,    3057.7186802,           1.00033265918331,                 -0.00323827523573172
         753,3057.71780811111,           1.00021926242475,                 -0.00309027578504042
         754,3057.71693602222,           1.00054727773462,                 -0.00338370642374597
         755,3057.71606393333,           1.00058096351696,                 -0.00323574617042087
         756,3057.71519184444,           1.00046759067289,                 -0.00338194511838278
         757,3057.71431975556,            1.0006482824924,                 -0.00279305382214715
         758,3057.71344766667,           1.00053642155386,                 -0.00220447213914628
         759,3057.71257557778,           1.00042314857804,                 -0.00176311907518527
         760,3057.71170348889,            1.0006051810549,                 -0.00102822023889963
         761,    3057.7108314,           1.00078711943656,                -0.000881103846899395
         762,3057.70995931111,           1.00067533840327,                -0.000734063481809907
         763,3057.70908722222,           1.00056361512132,                -0.000440324313534395
         764,3057.70821513333,           1.00074542327716,                -0.000586947462332647
         765,3057.70734304444,           1.00063373959171,                -0.000880193877371389
         766,3057.70647095556,           1.00052358094165,                 -0.00117329062555456
         767,3057.70559886667,           1.00055863546323,                 -0.00161285829280416
         768,3057.70472677778,           1.00074172449479,                 -0.00205220215950302
         769,3057.70385468889,           1.00077817134131,                 -0.00249132067840128
         770,    3057.7029826,           1.00081459949835,                 -0.00293021402283223
         771,3057.70211051111,           1.00085100898027,                 -0.00292946292691429
         772,3057.70123842222,           1.00088739980143,                 -0.00336801904834425
         773,3057.70036633333,           1.00077883900285,                 -0.00336716110255494
         774,3057.69949424444,           1.00096159053221,                 -0.00409810272479923
         775,3057.69862215556,            1.0007067427354,                 -0.00424338288336404
         776,3057.69775006667,           1.00074313333099,                 -0.00424229657456495
         777,3057.69687797778,           1.00121971551671,                 -0.00438746588745273
         778,3057.69600588889,           1.00096499692956,                 -0.00424013802380326
         779,    3057.6951338,           1.00085658238247,                 -0.00350818723195257
         780,3057.69426171111,           1.00074822297045,                 -0.00263047138047138
         781,3057.69338962222,           1.00093358131435,                 -0.00204540507055917
         782,3057.69251753333,           1.00082525725387,                -0.000730316153863007
         783,3057.69164544444,           1.00086447588229,                                    0
         784,3057.69077335556,           1.00075622425115,                 0.000145989237673399
         785,3057.68990126667,           1.00079544044778,                  0.00131357138165816
         786,3057.68902917778,           1.00054280578059,                  0.00306422618074849
         787,3057.68815708889,           1.00058205604368,                  0.00408460381531172
         788,     3057.687285,           1.00076712840213,                  0.00539615035716682
         789,3057.68641291111,           1.00066049716628,                  0.00626961990064839
         790,3057.68554082222,           1.00084691531867,                  0.00685112219923938
         791,3057.68466873333,           1.00074031757875,                  0.00582927227364936
         792,3057.68379664444,           1.00063523145153,                   0.0048079444726122
         793,3057.68292455556,           1.00082005776819,                  0.00320448861459761
         794,3057.68205246667,           1.00086062655361,                  0.00116497672230887
         795,3057.68118037778,           1.00090117502158,                 0.000582342501830739
         796,3057.68030828889,           1.00108725236627,                 0.000436647536652922
         797,    3057.6794362,           1.00083669831569,                 0.000145512750554767
         798,3057.67856411111,           1.00087722233295,                  0.00043642902136611
         799,3057.67769202222,           1.00077374165173,                 0.000727200800502641
         800,3057.67681993333,           1.00081426120336,                 0.000290807572629191
         801,3057.67594784444,           1.00129231833769,                -0.000145367642035089
         802,3057.67507575556,           1.00118735675783,                -0.000435993913524967
         803,3057.67420366667,           1.00122919736028,                -0.000435885588750665
         804,3057.67333157778,           1.00112575807096,                -0.000581036423720812
         805,3057.67245948889,           1.00087714712255,                -0.000435669100604709
         806,    3057.6715874,           1.00106422055644,                                    0
         807,3057.67071531111,           1.00110605018158,                -0.000145150942465069
         808,3057.66984322222,           1.00114931186403,                                    0
         809,3057.66897113333,           1.00133617881874,                -0.000435237400239961
         810,3057.66809904444,           1.00123431899967,                 -0.00145043360712685
         811,3057.66722695556,           1.00113105768394,                 -0.00246512572141179
         812,3057.66635486667,           1.00131924208817,                 -0.00333434813493962
         813,3057.66548277778,           1.00121746188185,                 -0.00376833439619688
         814,3057.66461068889,           1.00126063205483,                 -0.00391230637705939
         815,    3057.6637386,           1.00115891641315,                  -0.0034767492394611
         816,3057.66286651111,           1.00120207974278,                 -0.00275174880878242
         817,3057.66199442222,            1.0013900150585,                 -0.00188231205838063
         818,3057.66112233333,            1.0012883426702,                  -0.0015923336373243
         819,3057.66025024444,           1.00118816924972,                 -0.00101305538952703
         820,3057.65937815555,           1.00137596958109,                  -0.0008681196095198
         821,3057.65850606667,            1.0014204750925,                 -0.00101255861991153
         822,3057.65763397778,           1.00146495884955,                -0.000867695271205388
         823,3057.65676188889,           1.00122025978232,                -0.000722902714644274
         824,    3057.6558898,           1.00126332343682,                  -0.0011563601252338
         825,3057.65501771111,           1.00130781291772,                 -0.00144509714665568
         826,3057.65414562222,           1.00092030345453,                 -0.00158922103608543
         827,3057.65327353333,           1.00110929438478,                 -0.00187771184922841
         828,3057.65240144444,            1.0011537889476,                 -0.00245487010127061
         829,3057.65152935556,           1.00119826179855,                 -0.00360922228478208
         830,3057.65065726667,           1.00124415808602,                 -0.00418568265597441
         831,3057.64978517778,           1.00128858727257,                 -0.00505045403581782
         832,3057.64891308889,             1.001045911927,                 -0.00519349370649547
         833,     3057.648041,           1.00094758294235,                 -0.00490377778386744
         834,3057.64716891111,           1.00113768923636,                 -0.00461420222606419
         835,3057.64629682222,           1.00103938565244,                 -0.00345981354488171
         836,3057.64542473333,           1.00108525366543,                 -0.00230598388405513
         837,3057.64455264444,           1.00113109947191,                 -0.00201724746583287
         838,3057.64368055556,           1.00103286885447,                 -0.00158459656891627
         839,3057.64280846667,           1.00079066639207,                  -0.0010081356547337
         840,3057.64193637778,            1.0009819759891,                -0.000287969498270743
         841,3057.64106428889,           1.00088385256073,                 0.000575799713827542
         842,    3057.6401922,           1.00078721686457,                 0.000431745995196106
         843,3057.63932011111,           1.00083306835333,                                    0
         844,3057.63844802222,           1.00088033740513,                 -0.00100692186861683
         845,3057.63757593333,           1.00078377231774,                 -0.00201336008226014
         846,3057.63670384444,           1.00068581484724,                   -0.003019310648246
         847,3057.63583175556,           1.00087682732251,                 -0.00416852333654358
         848,3057.63495966667,           1.00078033274078,                 -0.00445493829910456
         849,3057.63408757778,           1.00082755767043,                  -0.0045975426134731
         850,3057.63321548889,            1.0007325586406,                 -0.00459644637239834
         851,    3057.6323434,           1.00063616794259,                 -0.00445173955313151
         852,3057.63147131111,           1.00053982346624,                 -0.00373282184102773
         853,3057.63059922222,           1.00087556876086,                 -0.00301425311113982
         854,3057.62972713333,           1.00063571148744,                 -0.00215252196648667
         855,3057.62885504444,           1.00068433896729,                 -0.00172160746488997
         856,3057.62798295556,           1.00058807498673,                  -0.0015777621595261
         857,3057.62711086667,           1.00063669058558,                 -0.00157738658590447
         858,3057.62623877778,           1.00068528304484,                 -0.00143364653731352
         859,3057.62536668889,           1.00044719129468,                 -0.00143330543165426
         860,    3057.6244946,           1.00063910216177,                -0.000859778692964431
         861,3057.62362251111,           1.00040113463798,                -0.000429787112117131
         862,3057.62275042222,            1.0004497368896,                 0.000286456617577551
         863,3057.62187833333,            1.0003551217724,                 0.000859165578390267
         864,3057.62100624445,           1.00011739139149,                  0.00114528186818378
         865,3057.62013415556,           1.00016602641538,                  0.00100188354105719
         866,3057.61926206667,           1.00021606956581,                  0.00114473942153455
         867,3057.61838997778,           1.00026465812608,                  0.00143058446528329
         868,3057.61751788889,           1.00060070368146,                  0.00143024686060814
         869,    3057.6166458,           1.00022020573507,                  0.00185887958178069
         870,3057.61577371111,            1.0001272317376,                  0.00200139811954351
         871,3057.61490162222,           1.00017579540274,                  0.00200092328317209
         872,3057.61402953333,           1.00008287584912,                  0.00200045153048831
         873,3057.61315744444,            1.0002757115286,                      0.0019999800002
         874,3057.61228535556,          0.999897168124404,                  0.00199950869214993
         875,3057.61141326667,           1.00008995669228,                  0.00157067240485652
         876,3057.61054117778,          0.999854390137359,                  0.00171305720754545
         877,3057.60966908889,            1.0000470979795,                  0.00156993264988932
         878,     3057.608797,          0.999811652435962,                  0.00142687548513767
         879,3057.60792491111,           0.99986162565603,                 0.000855923777134567
         880,3057.60705282222,          0.999911575356337,                  0.00028524078600951
         881,3057.60618073333,           1.00024810145353,                -0.000427761126779843
         882,3057.60530864444,          0.999870276311457,                -0.000997874527256943
         883,3057.60443655556,          0.999920188810471,                 -0.00156771979431516
         884,3057.60356446667,          0.999829015987005,                 -0.00142486677495654
         885,3057.60269237778,          0.999878914791627,                  -0.0015669850495381
         886,3057.60182028889,          0.999787794328554,                 -0.00128177922349815
         887,    3057.6009482,          0.999696716421311,                -0.000711933283308155
         888,3057.60007611111,          0.999604258069292,                -0.000996472487394623
         889,3057.59920402222,          0.999655585632513,                -0.000711599932824966
         890,3057.59833193333,          0.999849176017279,                 -0.00071143388075799
         891,3057.59745984444,          0.999473661749435,                -0.000711267906169538
         892,3057.59658775555,          0.999382763456183,                -0.000711102009005396
         893,3057.59571566667,          0.999718469269072,                -0.000568748951369121
         894,3057.59484357778,          0.999769710375258,                -0.000142154089346688
         895,3057.59397148889,          0.999394564726147,                 0.000426362868910472
         896,    3057.5930994,          0.999445857429063,                 0.000426263516105657
         897,3057.59222731111,           0.99949712623268,                 0.000994383155717561
         898,3057.59135522222,          0.999690392803479,                 0.000852129898681755
         899,3057.59048313333,          0.999457603630364,                     0.00113590862751
         900,3057.58961104444,          0.999508833892165,                 0.000993688657469842
         901,3057.58873895555,          0.999277613541695,                 0.000425768050081676
         902,3057.58786686667,          0.999328861917241,                -0.000425668974265473
         903,3057.58699477778,           0.99923964728713,                -0.000992997945912821
         904,3057.58612268889,           0.99943270458091,                 -0.00170188625726847
         905,    3057.5852506,          0.999342090337803,                 -0.00170149050568298
         906,3057.58437851111,          0.999252934747323,                 -0.00170109734954857
         907,3057.58350642222,          0.999163820348928,                -0.000283450729177001
         908,3057.58263433333,          0.999215023931852,                 0.000425077293221151
         909,3057.58176224444,          0.999409278994556,                 0.000991617994750091
         910,3057.58089015556,          0.999036936324496,                  0.00127464309993202
         911,3057.58001806667,          0.999088133846093,                  0.00141594123277508
         912,3057.57914597778,          0.998999160540595,                   0.0018402988645356
         913,3057.57827388889,          0.999193285874011,                  0.00155681673436461
         914,    3057.5774018,          0.999104329357763,                  0.00127346536810931
         915,3057.57652971111,          0.998873950340644,                 0.000707317625223512
         916,3057.57565762222,          0.998926539369416,                 0.000141430913120404
         917,3057.57478553333,          0.998836293502898,                -0.000424194348882884
         918,3057.57391344444,          0.998888866898695,                -0.000706827672586113
         919,3057.57304135556,          0.998942827907082,                -0.000989332172516918
         920,3057.57216926667,          0.998571450775811,                 -0.00056520246258713
         921,3057.57129717778,          0.998906585070224,                -0.000282536157564764
         922,3057.57042508889,          0.998817858388757,                                    0
         923,     3057.569553,          0.998587969500141,                 0.000282406099971759
         924,3057.56868091111,          0.998781698084174,                 0.000988193906231692
         925,3057.56780882222,           0.99869306136966,                  0.00141138081030195
         926,3057.56693673333,          0.998746980335493,                  0.00183437563497618
         927,3057.56606464444,          0.998799465614071,                  0.00211610056274168
         928,3057.56519255555,          0.998710885821719,                   0.0019745731395995
         929,3057.56432046667,          0.998764763612982,                  0.00197412207970941
         930,3057.56344837778,          0.998676232379722,                  0.00211464476082663
         931,3057.56257628889,          0.998587741824547,                   0.0018322710859166
         932,    3057.5617042,          0.998782522433151,                  0.00197276457591198
         933,3057.56083211111,           0.99869404798634,                  0.00253582915273722
         934,3057.55996002222,          0.998607020672151,                  0.00281694505126136
         935,3057.55908793333,          0.998800256846422,                   0.0029571134067073
         936,3057.55821584444,          0.998713245128211,                  0.00281565617459321
         937,3057.55734375555,          0.998765618028451,                  0.00309651121711188
         938,3057.55647166666,          0.998819372423973,                  0.00267365005298049
         939,3057.55559957778,          0.998731010886295,                  0.00267303693574301
         940,3057.55472748889,          0.998644094497049,                  0.00253177376069674
         941,    3057.5538554,          0.998838461819706,                   0.0016874646687085
         942,3057.55298331111,          0.999031336067337,                 0.000984128814026366
         943,3057.55211122222,            0.9988038529709,                 0.000702789088777723
         944,3057.55123913333,          0.998857525087372,                                    0
         945,3057.55036704445,          0.998909769365643,                -0.000140493638448051
         946,3057.54949495555,          0.998682469540887,                -0.000702308347075167
         947,3057.54862286667,          0.998736132565651,                 -0.00112343771942143
         948,3057.54775077778,          0.998789771179706,                 -0.00126357997478456
         949,3057.54687868889,          0.998701617714145,                -0.000842193915148963
         950,    3057.5460066,          0.998614905969376,                 -0.00084200245022713
         951,3057.54513451111,          0.998668535487247,                -0.000841811072341035
         952,3057.54426242222,          0.998581870668288,                -0.000981889745003233
         953,3057.54339033333,          0.998635483323587,                 -0.00126214286615816
         954,3057.54251824445,          0.998689071624359,                 -0.00112164994707214
         955,3057.54164615556,          0.998742635587198,                -0.000841046429968166
         956,3057.54077406667,          0.998654633107237,                -0.000280284769325635
         957,3057.53990197778,          0.998708180496047,                   -0.000280221150532
         958,3057.53902988889,          0.998761703582095,                -0.000140078780306044
         959,    3057.5381578,          0.998535108382373,                -0.000140046999773124
         960,3057.53728571111,          0.998448631211076,                -0.000140015233657422
         961,3057.53641362222,          0.998502176743144,                 -0.00013998348194913
         962,3057.53554153333,          0.998415746250693,                                    0
         963,3057.53466944445,          0.998609194984147,                 0.000279840043431175
         964,3057.53379735556,          0.998522779412917,                 0.000559553252683058
         965,3057.53292526667,          0.998576259618639,                 0.000839139713965243
         966,3057.53205317778,          0.998489890656898,                 0.000838949635056909
         967,3057.53118108889,          0.998543354087975,                 0.000698966368534212
         968,     3057.530309,          0.998877712602183,                 0.000559047271639672
         969,3057.52943691111,          0.998651603753153,                                    0
         970,3057.52856482222,          0.998565295804713,                -0.000698492792252877
         971,3057.52769273333,          0.998758360812806,                  -0.0011173356015246
         972,3057.52682064444,          0.998532432406015,                 -0.00139635356230739
         973,3057.52594855555,          0.998585813743433,                 -0.00167524531873636
         974,3057.52507646667,          0.998499598729893,                 -0.00195401095641858
         975,3057.52420437778,          0.998273882035117,                 -0.00209310990082845
         976,3057.52333228889,          0.998606303859241,                 -0.00195312772478756
         977,    3057.5224602,          0.998382057576434,                 -0.00223164472216023
         978,3057.52158811111,          0.998435412663396,                 -0.00278892573369664
         979,3057.52071602222,          0.998349328857189,                 -0.00362478460414564
         980,3057.51984393333,          0.998402667239067,                 -0.00432088268664122
         981,3057.51897184444,          0.998595333385358,                 -0.00431990724741084
         982,3057.51809975555,          0.998371342312081,                 -0.00459757944408298
         983,3057.51722766667,          0.998424639693787,                 -0.00501440946274781
         984,3057.51635557778,          0.998477913027978,                  -0.0055703091382314
         985,3057.51548348889,          0.998531162330927,                 -0.00584750541242316
         986,    3057.5146114,          0.998445192694494,                 -0.00640296652222873
         987,3057.51373931111,          0.998360651174959,                 -0.00695818686349986
         988,3057.51286722222,          0.998274758605337,                 -0.00737401563847845
         989,3057.51199513333,          0.998328005764346,                 -0.00737235395088621
         990,3057.51112304445,          0.998242159251471,                 -0.00709255365308234
         991,3057.51025095555,           0.99829677778164,                 -0.00653481177656505
         992,3057.50937886667,          0.998349984083671,                 -0.00556028952427553
         993,3057.50850677778,           0.99812521454411,                 -0.00444723013999047
         994,3057.50763468889,          0.998039490851189,                 -0.00277889319462951
         995,    3057.5067626,          0.998094105618777,                 -0.00138913584637269
         996,3057.50589051111,          0.998147309710375,                -0.000416646991669838
         997,3057.50501842222,          0.998061638776111,                                    0
         998,3057.50414633333,          0.998116211822749,                -0.000277640114554311
         999,3057.50327424444,          0.997891797440456,                -0.000832733071577571
        1000,3057.50240215556,          0.997944999243771,                 -0.00152633412008919
        1001,3057.50153006667,          0.998136903597593,                 -0.00221962341314267
        1002,3057.50065797778,           0.99791401989448,                 -0.00221912777182928
        1003,3057.49978588889,          0.997828516596734,                 -0.00207996494565745
        1004,    3057.4989138,          0.997743051704634,                 -0.00152496506443671
        1005,3057.49804171111,          0.997936212471708,                 -0.00138602251732182
        1006,3057.49716962222,          0.997712190518686,                 -0.00110856910057632
        1007,3057.49629753333,          0.997626809159713,                -0.000415620112134306
        1008,3057.49542544444,          0.997681356946372,                 0.000277018285977057
        1009,3057.49455335555,          0.997596020694163,                 0.000692390353063689
        1010,3057.49368126667,          0.997649169733268,                 0.000692235060875151
        1011,3057.49280917778,          0.997426843599429,                 0.000276832318512192
        1012,3057.49193708889,          0.997341621679968,                                    0
        1013,     3057.491065,          0.997394792074523,                -0.000830124670890156
        1014,3057.49019291111,          0.997725964943343,                 -0.00165987960339943
        1015,3057.48932082222,          0.997502440859293,                 -0.00165950773468897
        1016,3057.48844873333,          0.997417278242643,                 -0.00179739736861025
        1017,3057.48757664445,          0.997332153767469,                 -0.00124407337268291
        1018,3057.48670455555,          0.997248445599793,                 -0.00138199618292654
        1019,3057.48583246667,          0.997163396904745,                 -0.00165802421544367
        1020,3057.48496037778,          0.996940248509839,                 -0.00138137764792828
        1021,3057.48408828889,            0.9974091117507,                 -0.00138107049536237
        1022,    3057.4832162,           0.99704793175724,                -0.000966533100997186
        1023,3057.48234411111,          0.997101049144119,                -0.000552181115405853
