"SCAN INDEX",      WAVENUMBER,"SCIENCE DIRECT ABSORPTION","SCIENCE HARMONIC ABSORPTION SPECTRA"
           0,3058.41469805405,                          1,                                    0
           1,3058.41377927027,                          1,                                    0
           2,3058.41286048648,                          1,                                    0
           3, 3058.4119417027,                          1,                                    0
           4,3058.41102291891,                          1,                                    0
           5,3058.41010413513,                          1,                                    0
           6,3058.40918535135,                          1,                                    0
           7,3058.40826656757,                          1,                                    0
           8,3058.40734778377,                          1,                                    0
           9,     3058.406429,                          1,                                    0
          10,3058.40551021621,                          1,                                    0
          11,3058.40459143243,                          1,                                    0
          12,3058.40367264864,                          1,                                    0
          13,3058.40275386486,                          1,                                    0
          14,3058.40183508107,                          1,                                    0
          15,3058.40091629729,                          1,                                    0
          16,3058.39999751351,                          1,                                    0
          17,3058.39907872973,                          1,                                    0
          18,3058.39815994594,                          1,                                    0
          19,3058.39724116216,                          1,                                    0
          20,3058.39632237837,                          1,                                    0
          21,3058.39540359459,                          1,                                    0
          22,3058.39448481081,                          1,                                    0
          23,3058.39356602702,                          1,                                    0
          24,3058.39264724324,                          1,                                    0
          25,3058.39172845946,                          1,                                    0
          26,3058.39080967567,                          1,                                    0
          27,3058.38989089189,                          1,                                    0
          28,3058.38897210811,                          1,                                    0
          29,3058.38805332432,                          1,                                    0
          30,3058.38713454054,                          1,                                    0
          31,3058.38621575675,                          1,                                    0
          32,3058.38529697297,                          1,                                    0
          33,3058.38437818918,                          1,                                    0
          34, 3058.3834594054,                          1,                                    0
          35,3058.38254062161,                          1,                                    0
          36,3058.38162183783,                          1,                                    0
          37,3058.38070305405,                          1,                                    0
          38,3058.37978427027,                          1,                                    0
          39,3058.37886548648,                          1,                                    0
          40, 3058.3779467027,                          1,                                    0
          41,3058.37702791892,                          1,                                    0
          42,3058.37610913513,                          1,                                    0
          43,3058.37519035135,                          1,                                    0
          44,3058.37427156757,                          1,                                    0
          45,3058.37335278378,                          1,                                    0
          46,     3058.372434,                          1,                                    0
          47,3058.37151521621,                          1,                                    0
          48,3058.37059643243,                          1,                                    0
          49,3058.36967764864,                          1,                                    0
          50,3058.36875886486,                          1,                                    0
          51,3058.36784008107,                          1,                                    0
          52,3058.36692129729,                          1,                                    0
          53, 3058.3660025135,                          1,                                    0
          54,3058.36508372972,                          1,                                    0
          55,3058.36416494595,                          1,                                    0
          56,3058.36324616216,                          1,                                    0
          57,3058.36232737837,                          1,                                    0
          58,3058.36140859459,                          1,                                    0
          59,3058.36048981081,                          1,                                    0
          60,3058.35957102702,                          1,                                    0
          61,3058.35865224324,                          1,                                    0
          62,3058.35773345945,                          1,                                    0
          63,3058.35681467567,                          1,                                    0
          64,3058.35589589189,                          1,                                    0
          65, 3058.3549771081,                          1,                                    0
          66,3058.35405832432,                          1,                                    0
          67,3058.35313954054,                          1,                                    0
          68,3058.35222075675,                          1,                                    0
          69,3058.35130197297,                          1,                                    0
          70,3058.35038318919,                          1,                                    0
          71,3058.34946440541,                          1,                                    0
          72,3058.34854562161,                          1,                                    0
          73,3058.34762683784,                          1,                                    0
          74,3058.34670805405,           0.98611851588571,                -0.000987303279821496
          75,3058.34578927026,          0.989555785368626,                 0.000789434212499901
          76,3058.34487048648,          0.992200475782813,                  0.00276159178150286
          77, 3058.3439517027,          0.994053815337056,                  0.00414024794170531
          78,3058.34303291892,          0.994919976826582,                  0.00532042768356461
          79,3058.34211413513,          0.994603537243471,                  0.00571158466931894
          80,3058.34119535134,          0.994090574446557,                   0.0051180900862595
          81,3058.34027656756,          0.992987896054019,                  0.00432845922591409
          82,3058.33935778379,          0.992281598741458,                  0.00275306032151812
          83,     3058.338439,          0.991180985363227,                  0.00117927541387653
          84,3058.33752021621,          0.990670839153009,                                    0
          85,3058.33660143243,           0.99016121780209,                 -0.00157074950275961
          86,3058.33568264865,          0.990044605974021,                 -0.00235491283878855
          87,3058.33476386486,          0.989731972108623,                  -0.0023537026685104
          88,3058.33384508108,          0.989811741688346,                 -0.00176437030603983
          89,3058.33292629729,          0.990283310375638,                 -0.00117564302775105
          90,3058.33200751351,          0.990166875236232,                 0.000587519902236688
          91,3058.33108872973,          0.990443977278511,                  0.00195739916458204
          92,3058.33016994594,          0.990718858090871,                  0.00273895418903479
          93,3058.32925116215,          0.990602378540729,                  0.00371524776791825
          94,3058.32833237837,          0.990681457507603,                  0.00488598075314462
          95,3058.32741359459,           0.99076045553103,                  0.00605551540249643
          96,3058.32649481081,          0.990839372735224,                  0.00683337498438086
          97,3058.32557602703,          0.990527930311794,                  0.00682988131617667
          98,3058.32465724323,          0.990801925432403,                  0.00721647071673207
          99,3058.32373845945,           0.99049275113699,                  0.00760268004218513
         100,3058.32281967568,          0.990766485009908,                  0.00701427600007014
         101,3058.32190089189,          0.991039939552211,                  0.00662121398010909
         102, 3058.3209821081,          0.990923830637862,                  0.00642319513082881
         103,3058.32006332432,          0.990807840085599,                  0.00622537814308643
         104,3058.31914454054,          0.991080855631194,                  0.00602776270837101
         105,3058.31822575675,          0.990966829139361,                  0.00583035984980993
         106,3058.31730697297,          0.991045239991453,                  0.00582739263029079
         107,3058.31638818918,          0.991123571073559,                  0.00582442842942346
         108, 3058.3154694054,          0.991201822507345,                  0.00543336942643024
         109,3058.31455062162,          0.991279994414231,                  0.00523665815871341
         110,3058.31363183784,          0.991551938711816,                  0.00562170209631333
         111,3058.31271305405,          0.991244267310446,                  0.00620012051484251
         112,3058.31179427027,          0.991515954305058,                  0.00716525201353264
         113,3058.31087548648,          0.991593808490582,                  0.00754873287744148
         114, 3058.3099567027,          0.991671583753301,                  0.00754490670432671
         115,3058.30903791892,          0.992137920899672,                  0.00657429142673726
         116,3058.30811913513,          0.992022078434101,                  0.00599117171857727
         117,3058.30720035134,          0.992099519017173,                   0.0052154764434314
         118,3058.30628156757,          0.992563017422464,                  0.00405442975410849
         119,3058.30536278378,          0.992256080028868,                  0.00289456266052762
         120,3058.30444399999,          0.992719031775881,                  0.00270022662616327
         121,3058.30352521621,          0.992603188128088,                  0.00269886281487536
         122,3058.30260643244,          0.992874731694535,                  0.00308286351777849
         123,3058.30168764865,          0.993144089666063,                  0.00385163501906559
         124,3058.30076886486,          0.992835722067593,                   0.0042346618622503
         125,3058.29985008107,          0.993106738773681,                  0.00442492347768203
         126,3058.29893129729,          0.993183282215962,                  0.00442269418992587
         127,3058.29801251351,          0.993451942795311,                  0.00403607869969076
         128,3058.29709372972,          0.993530143996558,                  0.00403405510903475
         129,3058.29617494595,          0.993606359080698,                  0.00364802334734942
         130,3058.29525616216,          0.993874402216883,                   0.0028785703868031
         131,3058.29433737837,          0.993568656936855,                  0.00268532069442393
         132,3058.29341859459,          0.993836450255457,                  0.00268397189498001
         133,3058.29249981081,          0.994297495956894,                  0.00191616399297918
         134,3058.29158102702,          0.994373135071571,                  0.00172368224492376
         135,3058.29066224323,          0.994259177372085,                 0.000957122812256532
         136,3058.28974345946,           0.99452608861193,                 0.000573985814897228
         137,3058.28882467568,          0.994792732390811,                -0.000191232743635296
         138,3058.28790589188,          0.994678736352794,                 -0.00133796140554757
         139,3058.28698710811,          0.994564853996122,                 -0.00210146242680702
         140,3058.28606832432,          0.995022025674662,                  -0.0028641969650969
         141,3058.28514954054,          0.995289788689386,                 -0.00419872969341639
         142,3058.28423075676,          0.995364630028804,                 -0.00495965511321367
         143,3058.28331197297,          0.995250633471308,                 -0.00552917018595171
         144,3058.28239318918,           0.99532541976892,                 -0.00590754126227006
         145, 3058.2814744054,          0.995592498485755,                 -0.00571413333739672
         146,3058.28055562162,          0.995668935319595,                 -0.00494978820617772
         147,3058.27963683783,          0.995553119951592,                 -0.00361534963285173
         148,3058.27871805405,          0.996009874514547,                  -0.0030429936971993
         149,3058.27779927028,          0.996276083100945,                 -0.00247120570126165
         150,3058.27688048648,          0.995970139895615,                 -0.00208997930920484
         151, 3058.2759617027,          0.996236103778709,                 -0.00246875130558963
         152,3058.27504291892,          0.995932374540423,                 -0.00265733814438077
         153,3058.27412413513,          0.996387809616319,                 -0.00360460174842156
         154,3058.27320535135,          0.996461660402832,                  -0.0039820542090313
         155,3058.27228656756,          0.996537326558345,                   -0.004169612245014
         156,3058.27136778378,          0.996612917891674,                 -0.00435698481496075
         157,     3058.270449,          0.996688434513745,                 -0.00378681016152639
         158,3058.26953021622,          0.996763876535266,                 -0.00359569273859314
         159,3058.26861143243,          0.996839244066726,                 -0.00283730335123357
         160,3058.26769264865,          0.996723592591122,                 -0.00207965848226524
         161,3058.26677386486,          0.996987872122511,                 -0.00132276632010189
         162,3058.26585508108,          0.997063017631338,                 -0.00094436732111322
         163, 3058.2649362973,          0.996949308686164,                -0.000755121612335667
         164,3058.26401751351,          0.997024399172039,                -0.000188687433605609
         165,3058.26309872972,          0.997099415734067,                 0.000188594555652367
         166,3058.26217994594,          0.997174358481354,                                    0
         167,3058.26126116216,           0.99725110643437,                -0.000376818857522906
         168,3058.26034237837,          0.997514217920229,                -0.000188316824225076
         169,3058.25942359459,          0.997212397958895,                -0.000941121553377591
         170,3058.25850481081,          0.997475270063325,                 -0.00188131887978749
         171,3058.25758602702,          0.997361805029306,                   -0.002444514228013
         172,3058.25666724324,          0.997436398628736,                 -0.00338305166295784
         173,3058.25574845945,          0.997324937444113,                 -0.00338139929817179
         174,3058.25482967567,          0.997587239595557,                 -0.00394303256757137
         175,3058.25391089189,          0.997661613299152,                 -0.00412877266602358
         176,3058.25299210811,          0.997737785731168,                 -0.00450191894294943
         177,3058.25207332431,          0.997624524951862,                 -0.00431222779062072
         178,3058.25115454054,           0.99788616789224,                  -0.0044975151228946
         179,3058.25023575675,           0.99758750899065,                 -0.00486993526732199
         180,3058.24931697297,          0.998036128495981,                  -0.0048675556820288
         181,3058.24839818919,          0.997924810398028,                  -0.0044909423306868
         182, 3058.2474794054,          0.997811734340808,                 -0.00448875007013672
         183,3058.24656062161,          0.997887574075113,                 -0.00467350868337913
         184,3058.24564183784,          0.997774626254926,                 -0.00411068198082554
         185,3058.24472305406,          0.998223927119382,                 -0.00373516904441303
         186,3058.24380427027,          0.998112788425102,                 -0.00373335623125155
         187,3058.24288548648,           0.99799989551693,                 -0.00335838439321457
         188, 3058.2419667027,          0.997888973429411,                  -0.0026108102463113
         189,3058.24104791892,          0.997964554923466,                 -0.00242314890063598
         190,3058.24012913513,           0.99785375741497,                 -0.00149044623960414
         191,3058.23921035135,           0.99792928277208,                -0.000931077890251987
         192,3058.23829156756,          0.998190860495243,                -0.000372250926904808
         193,3058.23737278378,          0.998080114300172,                -0.000186035436029855
         194,     3058.236454,          0.998153564661496,                -0.000557835449699048
         195,3058.23553521621,          0.998042943724875,                -0.000185855296783031
         196,3058.23461643243,          0.997934283463865,                -0.000928829377758623
         197,3058.23369764865,            0.9980095511835,                 -0.00148540956455219
         198,3058.23277886486,          0.998084746265998,                 -0.00167027941918817
         199,3058.23186008108,          0.997974371721339,                 -0.00148397676092392
         200,3058.23094129729,          0.998234918939765,                 -0.00129785372076121
         201,3058.23002251351,          0.997939260060933,                 -0.00111191003906511
         202,3058.22910372973,          0.998016192757159,                 -0.00166706490995071
         203,3058.22818494595,          0.998276344072086,                -0.000740561086106889
         204,3058.22726616215,          0.997796040274542,                -0.000740204777651737
         205,3058.22634737838,          0.997872930731527,                 0.000369925090169241
         206,3058.22542859459,          0.997947902608567,                  0.00129411547207484
         207,3058.22450981081,           0.99765507632551,                  0.00258699223347974
         208,3058.22359102702,          0.997731923727624,                  0.00350923853217787
         209,3058.22267224324,          0.997806855606918,                  0.00406137850570808
         210,3058.22175345945,          0.997699036990702,                  0.00350587788104741
         211,3058.22083467567,          0.998144616621727,                  0.00331977145217869
         212,3058.21991589189,          0.997666213182024,                  0.00331818030991804
         213, 3058.2189971081,          0.997558616242112,                  0.00331659680316919
         214,3058.21807832432,           0.99818779190547,                  0.00386751727491049
         215,3058.21715954054,           0.99789596920715,                  0.00368159368827578
         216,3058.21624075675,          0.997788416601963,                  0.00331185533815883
         217,3058.21532197297,          0.997680966454012,                  0.00349418218665921
         218,3058.21440318918,           0.99738980184552,                  0.00330870188596008
         219, 3058.2134844054,          0.997833831545954,                  0.00349085671135576
         220,3058.21256562162,          0.997726513117542,                  0.00293827060737726
         221,3058.21164683784,          0.997804682853765,                  0.00183554945337337
         222,3058.21072805405,          0.997330544623937,                  0.00110080634064452
         223,3058.20980927027,           0.99759037912102,                 0.000366761168794493
         224,3058.20889048649,          0.997485208185171,                -0.000183293864054607
         225, 3058.2079717027,          0.997561516293505,                -0.000549620670134162
         226,3058.20705291892,          0.997822699230345,                -0.000366240667729985
         227,3058.20613413513,          0.997900601632296,                                    0
         228,3058.20521535135,           0.99779365758883,                 0.000914735659689063
         229,3058.20429656756,          0.997871500043887,                  0.00109716492583165
         230,3058.20337778379,          0.997949269084409,                  0.00237606968829621
         231,3058.20245899999,          0.997478899484819,                  0.00347108041945267
         232,3058.20154021621,          0.997739382584846,                  0.00419985464850869
         233,3058.20062143243,          0.997634587585965,                  0.00474542613926731
         234,3058.19970264865,          0.997712321719809,                  0.00510805357618479
         235,3058.19878386486,          0.997607638053143,                  0.00492330583575852
         236,3058.19786508108,          0.997685311753878,                    0.006014544261578
         237,3058.19694629729,          0.997762912440247,                  0.00601171738370059
         238,3058.19602751351,          0.997842257162887,                  0.00691934411901272
         239,3058.19510872973,           0.99773770891612,                  0.00746210252928875
         240,3058.19418994594,          0.997815175886527,                  0.00782243437796184
         241,3058.19327116216,          0.998076216729277,                  0.00763694682139363
         242,3058.19235237838,          0.998155266577611,                  0.00708813827322047
         243,3058.19143359459,          0.998050767249257,                  0.00672149224394294
         244,3058.19051481081,          0.997766600693625,                  0.00689993281644363
         245,3058.18959602702,          0.998027176684749,                  0.00653372947093126
         246,3058.18867724324,          0.998287509705321,                  0.00616786758676739
         247,3058.18775845946,          0.998184953427102,                  0.00562102335263218
         248,3058.18683967568,          0.997901253810547,                  0.00616212179977454
         249,3058.18592089189,          0.998161281849225,                  0.00597809842123855
         250, 3058.1850021081,          0.998058927485007,                  0.00579424631341078
         251,3058.18408332433,          0.998139460805606,                  0.00561057539165436
         252,3058.18316454054,          0.998218113733187,                  0.00488435829481625
         253,3058.18224575675,          0.998115875466963,                   0.0045204523345424
         254,3058.18132697297,          0.998377004796692,                   0.0037954230812329
         255,3058.18040818918,          0.998457241750579,                   0.0032517152798101
         256, 3058.1794894054,          0.998535601495817,                  0.00288907226472569
         257,3058.17857062162,           0.99861569088215,                   0.0028877374035992
         258,3058.17765183783,          0.998154505586093,                  0.00306680401137965
         259,3058.17673305405,          0.998595330872608,                  0.00378665618424066
         260,3058.17581427027,          0.998675281840547,                  0.00486631160615318
         261,3058.17489548649,          0.998755159064009,                  0.00540451925900438
         262, 3058.1739767027,          0.998654895047601,                  0.00540202792128165
         263,3058.17305791892,          0.998736505628129,                  0.00521956364447932
         264,3058.17213913513,          0.998636342375211,                  0.00521715977821674
         265,3058.17122035135,          0.998897706041758,                  0.00467530879515494
         266,3058.17030156756,          0.998797560611752,                  0.00377447341602426
         267,3058.16938278378,          0.999058610480324,                  0.00305412630429159
         268,3058.16846399999,           0.99931942127464,                   0.0025140111227035
         269,3058.16754521622,          0.999039730047475,                  0.00179489710752331
         270,3058.16662643243,          0.999120902779024,                  0.00125585317282334
         271,3058.16570764864,          0.999202001273211,                 0.000537976669745089
         272,3058.16478886486,          0.999643304612484,                  0.00053773173997444
         273,3058.16387008108,          0.999544928460604,                 0.000179162023384227
         274,3058.16295129729,           0.99962572236479,                 0.000895401041172331
         275,3058.16203251352,          0.999708231975269,                  0.00143199030542563
         276,3058.16111372972,          0.999788877796027,                  0.00214700546412891
         277,3058.16019494594,          0.999513566487592,                  0.00178835850149864
         278,3058.15927616216,          0.999772981997651,                  0.00178754332558135
         279,3058.15835737837,           1.00003394790961,                  0.00125071245941885
         280,3058.15743859459,           1.00029467706073,                  0.00107155294811005
         281,3058.15651981081,           1.00001963622992,                  0.00035702236209565
         282,3058.15560102702,           1.00010170525816,                -0.000178430277476925
         283,3058.15468224324,            1.0001854837559,                -0.000356699530583418
         284,3058.15376345946,          0.999910865496033,                 -0.00106961404759783
         285,3058.15284467567,           1.00017106079073,                 -0.00106912994205316
         286,3058.15192589189,           1.00025469448239,                -0.000712432118577202
         287,3058.15100710811,           1.00051628064304,                -0.000712111231774403
         288,3058.15008832433,            1.0004199557267,                -0.000533842025467824
         289,3058.14916954053,           1.00050336435931,                                    0
         290,3058.14825075676,           1.00040891069746,                 0.000711149039059861
         291,3058.14733197297,           1.00049224929495,                 0.000710829306781489
         292,3058.14641318919,           1.00039788552265,                 0.000888137327346104
         293, 3058.1454944054,           1.00048293053612,                  0.00177547991222027
         294,3058.14457562162,           1.00056612379122,                  0.00177468273109475
         295,3058.14365683783,           1.00047362847305,                  0.00159650047096764
         296,3058.14273805406,           1.00055675140872,                  0.00124116556084726
         297,3058.14181927027,           1.00064157323683,                  0.00070892070367469
         298,3058.14090048648,           1.00054916827579,                                    0
         299, 3058.1399817027,           1.00063391778901,                -0.000177072008102815
         300,3058.13906291892,           1.00054159867184,                -0.000530979090043434
         301,3058.13814413513,           1.00115701836015,                                    0
         302,3058.13722535135,           1.00124315425192,                -0.000176835597713162
         303,3058.13630656756,           1.00132744379575,                                    0
         304,3058.13538778378,           1.00123674911661,                -0.000176678445229682
         305,     3058.134469,           1.00114436681901,                -0.000706399270995952
         306,3058.13355021621,           1.00123035535558,                 -0.00158869414636816
         307,3058.13263143243,           1.00113982433296,                 -0.00247020753272143
         308,3058.13171264865,           1.00104937346232,                 -0.00299820989232899
         309,3058.13079386486,           1.00113528988675,                 -0.00352574498991637
         310,3058.12987508108,           1.00122289455971,                  -0.0037004014054477
         311, 3058.1289562973,            1.0014847901479,                 -0.00387489718312588
         312,3058.12803751351,           1.00104400121829,                 -0.00404924587196989
         313,3058.12711872972,           1.00130574492572,                 -0.00404745731692295
         314,3058.12619994595,           1.00104132219775,                 -0.00457337451715719
         315,3058.12528116215,           1.00112877533151,                 -0.00474718597364784
         316,3058.12436237837,           1.00086466271124,                 -0.00509658915164637
         317,3058.12344359459,           1.00130345115923,                 -0.00474301634759635
         318,3058.12252481081,           1.00121684193522,                 -0.00438976167105936
         319,3058.12160602703,           1.00130406471531,                 -0.00333475499204047
         320,3058.12068724324,           1.00104209429374,                 -0.00245611449704038
         321,3058.11976845946,           1.00130643308695,                 -0.00122752102129749
         322,3058.11884967567,           1.00104293564474,                 -0.00105169980981762
         323,3058.11793089189,           1.00130704296422,                 -0.00105124098998868
         324,3058.11701210811,           1.00122241253095,                 -0.00175130735093747
         325,3058.11609332432,           1.00148621184033,                 -0.00157548958338804
         326,3058.11517454054,            1.0010498687664,                  -0.0015748031496063
         327,3058.11425575675,           1.00096546030769,                 -0.00104941337792174
         328,3058.11333697297,           1.00105420133322,                 -0.00104895655047142
         329,3058.11241818918,           1.00096986430637,                 -0.00122325227830737
         330, 3058.1114994054,           1.00088560034795,                 0.000174674624842574
         331,3058.11058062162,           1.00080140936305,                  0.00174598989770245
         332,3058.10966183784,           1.00106633809724,                  0.00226880446221481
         333,3058.10874305405,           1.00098388796238,                  0.00244227508390959
         334,3058.10782427026,            1.0007253907694,                  0.00261559171659541
         335,3058.10690548649,           1.00081745626435,                  0.00296306108611876
         336, 3058.1059867027,           1.00108366522759,                  0.00313600869719745
         337,3058.10506791892,           1.00065305411642,                  0.00313465975880535
         338,3058.10414913513,           1.00074503195978,                  0.00313331198039243
         339,3058.10323035135,           1.00083693074355,                  0.00278396920930055
         340,3058.10231156757,           1.00110267389724,                  0.00260884991460365
         341,3058.10139278378,            1.0008483828571,                  0.00121694262289382
         342,     3058.100474,           1.00076634477869,                -0.000347548652466987
         343,3058.09955521621,           1.00085981535682,                 -0.00138960057668424
         344,3058.09863643243,           1.00112683197008,                 -0.00190988469505218
         345,3058.09771764865,           1.00104651707662,                 -0.00225617280201042
         346,3058.09679886487,           1.00079279304285,                 -0.00225520996872197
         347,3058.09588008108,           1.00106123241684,                 -0.00277446383486391
         348,3058.09496129729,           1.00063438798892,                 -0.00259995077426534
         349,3058.09404251351,           1.00090266624392,                 -0.00190582124436267
         350,3058.09312372973,           1.00047798498157,                 -0.00103909778602898
         351,3058.09220494595,           1.00039988297797,                 0.000519328542816042
         352,3058.09128616216,           1.00049488332174,                  0.00155732513834238
         353,3058.09036737838,           1.00058980315104,                  0.00294036761513701
         354,3058.08944859459,           1.00085753210559,                  0.00345779074833507
         355,3058.08852981081,            1.0009539478232,                  0.00380196596203564
         356,3058.08761102703,           1.00053205088341,                  0.00466408241951867
         357,3058.08669224324,           1.00062852248867,                  0.00552547242789259
         358,3058.08577345945,           1.00055231454313,                  0.00586834202078083
         359,3058.08485467567,           1.00013111948436,                  0.00586587166852994
         360,3058.08393589189,           1.00022763801417,                  0.00638076251836625
         361, 3058.0830171081,           1.00049818052062,                  0.00620570890743323
         362,3058.08209832432,           1.00059618784397,                  0.00568618463903066
         363,3058.08117954054,           1.00034791714749,                  0.00482261392564218
         364,3058.08026075675,           1.00027374100657,                  0.00464843218712178
         365,3058.07934197297,           1.00054553308219,                  0.00430231137376244
         366,3058.07842318918,           1.00029931570238,                  0.00430051296518649
         367,3058.07750440541,           1.00022525272152,                  0.00429871605948735
         368,3058.07658562162,           1.00015297063823,                  0.00532819076985482
         369,3058.07566683784,           1.00025255432065,                  0.00635680943144353
         370,3058.07474805405,           1.00018032097133,                  0.00721283885315862
         371,3058.07382927027,           1.00010814763697,                  0.00772483121243801
         372,3058.07291048648,           1.00020762587533,                  0.00840798999277599
         373, 3058.0719917027,           1.00030873726459,                  0.00806147301979349
         374,3058.07107291892,           1.00057949943593,                  0.00805812825111185
         375,3058.07015413513,           1.00050899481237,                  0.00736928516220139
         376,3058.06923535135,           1.00043854840478,                  0.00685231882469028
         377,3058.06831656757,           1.00019692286617,                  0.00633577917241025
         378,3058.06739778378,           1.00047070905901,                  0.00650434336086268
         379,     3058.066479,           1.00040036546181,                  0.00650166134557014
         380,3058.06556021622,           1.00067384292277,                  0.00615694041107839
         381,3058.06464143243,           1.00043422811678,                  0.00581250235064433
         382,3058.06372264865,           1.00036569569334,                  0.00529746097821889
         383,3058.06280386486,           1.00080966680674,                  0.00461202611431675
         384,3058.06188508108,           1.00039954513323,                  0.00375640723552332
         385,3058.06096629729,           1.00050349459383,                  0.00290149426954882
         386,3058.06004751351,           1.00060565218504,                  0.00170606249306912
         387,3058.05912872973,           1.00070943272668,                  0.00102322027886163
         388,3058.05820994594,           1.00132453040539,                 0.000170467233640686
         389,3058.05729116216,           1.00057594460026,                -0.000511193432186783
         390,3058.05637237837,           1.00085164367229,                 -0.00102197240674502
         391,3058.05545359459,           1.00112541479452,                  -0.0010215565457087
         392,3058.05453481081,            1.0010602865667,                -0.000680761840575788
         393,3058.05361602702,           1.00082508952647,                -0.000340243103697592
         394,3058.05269724324,           1.00127029366401,                 0.000170052699331523
         395,3058.05177845946,           1.00137516977142,                                    0
         396,3058.05085967567,           1.00131174727456,                -0.000169915450072044
         397,3058.04994089189,           1.00141652201384,                 -0.00118892734974506
         398,3058.04902210811,            1.0011833556026,                 -0.00186756264399332
         399,3058.04810332432,           1.00128979702668,                 -0.00152739121580341
         400,3058.04718454054,           1.00139615286093,                 -0.00118749332035007
         401,3058.04626575676,           1.00133454748327,                -0.000847870065608186
         402,3058.04534697297,            1.0014408000678,                -0.000169505890329689
         403,3058.04442818919,            1.0012097881007,                 0.000169438109341801
         404, 3058.0435094054,           1.00114833119362,                 0.000338740765079892
         405,3058.04259062162,           1.00142552881701,                 0.000677210839436696
         406,3058.04167183784,           1.00136403483535,                 0.000338470182469275
         407,3058.04075305405,            1.0014734516493,                 0.000507503438335795
         408,3058.03983427027,           1.00124288721855,                 0.000507300905532116
         409,3058.03891548649,           1.00169033130494,                 0.000338066260987153
         410, 3058.0379967027,           1.00179948803298,                 0.000506898037459765
         411,3058.03707791892,            1.0015724518595,                 0.000844496165142914
         412,3058.03615913513,           1.00151273670277,                  0.00101299332775061
         413,3058.03524035135,            1.0016235245672,                  0.00185642102278672
         414,3058.03432156756,           1.00173253505136,                  0.00202438370168682
         415,3058.03340278378,           1.00167451648969,                  0.00185495280831424
         416,     3058.032484,           1.00178679792327,                  0.00151709257636033
         417,3058.03156521622,           1.00189730299895,                 0.000842496891186472
         418,3058.03064643243,           1.00183928800016,                 0.000673731868191097
         419,3058.02972764865,           1.00178300538269,                 0.000168366891660956
         420,3058.02880886486,           1.00189506777476,                -0.000336601736191755
         421,3058.02789008108,           1.00183880741647,                 -0.00100940937774959
         422, 3058.0269712973,           1.00195244509694,                 -0.00134535407196635
         423,3058.02605251351,           1.00189620624269,                 -0.00168103390309176
         424,3058.02513372973,           1.00234580846373,                 -0.00117626498897672
         425,3058.02421494594,           1.00195519840897,                 -0.00100783423142562
         426,3058.02329616216,           1.00206861349166,                -0.000839534696289928
         427,3058.02237737838,           1.00201409869084,                -0.000839207787848271
         428,3058.02145859459,           1.00212908388993,                -0.000503329524806596
         429,3058.02053981081,           1.00207458789158,                 -0.00067084491239604
         430,3058.01962102702,           1.00218946041368,                 0.000167646279761406
         431,3058.01870224324,           1.00213666261678,                 0.000670325526833969
         432,3058.01778345946,           1.00208558434053,                 0.000335033629000511
         433,3058.01686467567,           1.00203286748182,                 0.000334904033249272
         434,3058.01594589189,           1.00214925612973,                                    0
         435, 3058.0150271081,           1.00243287832597,                -0.000334646262168575
         436,3058.01410832433,           1.00221450601797,                 -0.00117081133880604
         437,3058.01318954054,           1.00233069054649,                 -0.00150474999414819
         438,3058.01227075676,             1.002114200239,                 -0.00167130453675616
         439,3058.01135197297,           1.00206326798259,                 -0.00167066233408235
         440,3058.01043318919,           1.00218105057833,                 -0.00150302107235543
         441, 3058.0095144054,           1.00246568161824,                  -0.0010016309891273
         442,3058.00859562162,           1.00258322041478,                -0.000500624111392202
         443,3058.00767683784,           1.00236871955695,                 0.000166811236404884
         444,3058.00675805406,           1.00232112961641,                 0.000500243451813216
         445,3058.00583927027,           1.00260527355372,                 0.000833420842521798
         446,3058.00492048648,           1.00239267933432,                 0.000666484494238242
         447, 3058.0040017027,           1.00267825020986,                 0.000499673546616211
         448,3058.00308291892,           1.00263061503113,                 0.000499483866671107
         449,3058.00216413514,           1.00275111634077,                 0.000332863441108968
         450,3058.00124535135,           1.00287152663399,                 0.000332737732791636
         451,3058.00032656757,           1.00249292783481,                 0.000332612119387794
         452,3057.99940778378,           1.00244710138181,                 0.000166243300394994
         453,     3057.998489,           1.00273533703141,                -0.000166180864605802
         454,3057.99757021622,           1.00252333545411,                -0.000664472798975383
         455,3057.99665143243,           1.00281132567373,                  -0.0016605585786947
         456,3057.99573264865,           1.00276711269137,                 -0.00298788412985344
         457,3057.99481386486,           1.00272459670327,                  -0.0043142213328289
         458,3057.99389508108,           1.00301218808262,                 -0.00530782040989643
         459,3057.99297629729,           1.00263799744325,                 -0.00563745525269893
         460,3057.99205751351,           1.00259557724246,                 -0.00546960721590363
         461,3057.99113872973,           1.00288455643939,                 -0.00480483266756025
         462,3057.99021994594,           1.00267645383117,                 -0.00430617571846886
         463,3057.98930116216,           1.00280128740017,                 -0.00413901802625131
         464,3057.98838237837,           1.00275886950895,                 -0.00380647862662251
         465,3057.98746359459,             1.002718142068,                 -0.00413594349970304
         466,3057.98654481081,           1.00267744480147,                 -0.00429978782200863
         467,3057.98562602703,           1.00280375067779,                 -0.00495946464232341
         468,3057.98470724324,           1.00292830607739,                 -0.00561864597242236
         469,3057.98378845946,           1.00255884602487,                 -0.00594696300163046
         470,3057.98286967567,           1.00251992324637,                 -0.00610990564324096
         471,3057.98195089189,            1.0026461009216,                 -0.00660287191914123
         472,3057.98103210811,            1.0026071746807,                 -0.00660044222962939
         473,3057.98011332432,           1.00273488144998,                 -0.00676297584133069
         474,3057.97919454054,           1.00269760447446,                 -0.00626582946390882
         475,3057.97827575676,           1.00282353173877,                 -0.00543937813073298
         476,3057.97735697297,           1.00262313233637,                   -0.005107858192675
         477,3057.97643818919,           1.00242122774365,                 -0.00444715299853409
         478,3057.97551940541,           1.00238411991728,                 -0.00444552747006678
         479,3057.97460062162,           1.00218409968843,                 -0.00411473189229936
         480,3057.97368183784,           1.00231328377707,                 -0.00345511801695969
         481,3057.97276305405,           1.00244237395459,                 -0.00312492290486254
         482,3057.97184427027,           1.00257301865233,                  -0.0024661520629362
         483,3057.97092548648,           1.00237322008494,                 -0.00197220505673377
         484, 3057.9700067027,           1.00233950410399,                 -0.00180720120392458
         485,3057.96908791892,           1.00230581248686,                 -0.00131385326886693
         486,3057.96816913513,           1.00227214520715,                 -0.00164172341557273
         487,3057.96725035135,            1.0022385022385,                 -0.00114879147137212
         488,3057.96633156756,           1.00220652771284,                -0.000820270525219217
         489,3057.96541278378,           1.00184658578424,                -0.000819975925506827
         490,     3057.964494,           1.00214264753858,                -0.000655745229863293
         491,3057.96357521621,           1.00211074184054,                -0.000491632416274999
         492,3057.96265643243,           1.00191504035673,                -0.000163818678933409
         493,3057.96173764865,           1.00221240024957,                                    0
         494,3057.96081886486,           1.00201844263972,                -0.000491105265139548
         495,3057.95990008108,           1.00198662708686,                -0.000818215439398055
         496, 3057.9589812973,           1.00179452742748,                -0.000490754993841025
         497,3057.95806251351,           1.00192797957879,                 0.000163526681831041
         498,3057.95714372973,           1.00173603732317,                 0.000980812046987436
         499,3057.95622494594,           1.00186941544817,                    0.001470693971462
         500,3057.95530616216,           1.00151427782669,                   0.0021235827127299
         501,3057.95438737838,           1.00181420632964,                  0.00212283368904406
         502,3057.95346859459,           1.00162257633781,                  0.00244855584176453
         503,3057.95254981081,           1.00175907522902,                  0.00244769280476223
         504,3057.95163102703,           1.00156760010375,                  0.00244682638461827
         505,3057.95071224324,           1.00170402198107,                  0.00211983595730976
         506,3057.94979345946,           1.00135295939492,                  0.00179307871615564
         507,3057.94887467568,             1.001815260573,                  0.00146654803922527
         508,3057.94795589189,           1.00146440549861,                  0.00146603442574617
         509,3057.94703710811,           1.00160067218462,                  0.00162835420612033
         510,3057.94611832432,           1.00141291679418,                  0.00227889805512329
         511,3057.94519954054,             1.001389643737,                  0.00211538273782597
         512,3057.94428075676,           1.00169008769262,                  0.00260263744772359
         513,3057.94336197297,            1.0016667344201,                  0.00292694824992886
         514,3057.94244318919,           1.00147921780263,                   0.0030884767307661
         515, 3057.9415244054,           1.00161844901886,                  0.00341239250963595
         516,3057.94060562162,           1.00143433335986,                  0.00292389586382442
         517,3057.93968683784,           1.00141110142231,                  0.00243573318004453
         518,3057.93876805405,           1.00187648934167,                  0.00178558674380401
         519,3057.93784927027,           1.00152858056204,                 0.000486809096190232
         520,3057.93693048648,           1.00134475101019,                -0.000162213632109215
         521, 3057.9360117027,           1.00132482977478,                -0.000648631468680019
         522,3057.93509291892,           1.00162750285299,                -0.000972611266728914
         523,3057.93417413513,           1.00160749820129,                -0.000810230948229483
         524,3057.93325535135,           1.00142389453785,                -0.000971941664061323
         525,3057.93233656757,           1.00140397355283,                -0.000971607995038322
         526,3057.93141778378,           1.00154756662954,                 -0.00194255225465565
         527,     3057.930499,           1.00185126449132,                 -0.00258918110674546
         528,3057.92958021621,           1.00150930088471,                 -0.00258829733712735
         529,3057.92866143243,           1.00148937787344,                 -0.00258740998643227
         530,3057.92774264865,           1.00147108747312,                 -0.00274818538935321
         531,3057.92682386486,            1.0014528095462,                 -0.00307045399086298
         532,3057.92590508108,           1.00143616187758,                 -0.00290786431905087
         533, 3057.9249862973,           1.00141790827845,                 -0.00306836643400913
         534,3057.92406751351,           1.00156272197755,                 -0.00371307907889809
         535,3057.92314872973,           1.00154605401183,                 -0.00419597122209276
         536,3057.92222994595,           1.00152939734001,                 -0.00435587850002904
         537,3057.92131116216,           1.00151436713485,                 -0.00499950811291147
         538,3057.92039237838,           1.00133651258885,                 -0.00499781547097962
         539,3057.91947359459,           1.00148272305312,                 -0.00499613202681795
         540,3057.91855481081,           1.00146772377149,                 -0.00386667074815246
         541,3057.91763602702,           1.00145273458765,                 -0.00273796984367803
         542,3057.91671724324,            1.0014377554914,                 -0.00144902569122551
         543,3057.91579845946,           1.00126344929706,                -0.000482846865116728
         544,3057.91487967567,           1.00125015486153,                 0.000482685274720324
         545,3057.91396089189,           1.00155855184959,                 0.000965047584887998
         546,3057.91304210811,           1.00122359266745,                   0.0012862997818114
         547,3057.91212332432,           1.00121032489106,                  0.00128586973818085
         548,3057.91120454054,           1.00152003522111,                  0.00112476179152058
         549,3057.91028575676,           1.00134605067447,                 0.000481879716397724
         550,3057.90936697297,           1.00133436314267,                                    0
         551,3057.90844818919,           1.00132268337785,                -0.000321039654818163
         552, 3057.9075294054,            1.0009916846122,                 -0.00080233382864075
         553,3057.90661062162,           1.00130095333732,                -0.000962480890743982
         554,3057.90569183784,            1.0011305414572,                 -0.00112252343267666
         555,3057.90477305405,           1.00128085719645,                -0.000641230135892697
         556,3057.90385427027,           1.00111056446482,                -0.000160254612528385
         557,3057.90293548649,           1.00142098930974,                 0.000640806904053584
         558, 3057.9020167027,           1.00109061383462,                  0.00128119099514909
         559,3057.90109791892,           1.00092215476831,                  0.00160096313942468
         560,3057.90017913513,           1.00107389381735,                  0.00160043787980391
         561,3057.89926035135,           1.00106554203451,                  0.00223987815062861
         562,3057.89834156757,           1.00137707340713,                    0.001759327233266
         563,3057.89742278378,           1.00104885489348,                 0.000799432083447919
         564,     3057.896504,           1.00104211953047,                -0.000639337135258164
         565,3057.89558521621,           1.00103538855832,                  -0.0015978218492551
         566,3057.89466643243,           1.00086893185274,                 -0.00303487227979606
         567,3057.89374764865,           1.00102193976942,                 -0.00415163031328841
         568,3057.89282886486,           1.00101522194412,                 -0.00558691321448639
         569,3057.89191008108,           1.00101010584569,                 -0.00510638026256369
         570, 3057.8909912973,           1.00116451576882,                 -0.00462615853366727
         571,3057.89007251351,           1.00115775809554,                 -0.00334888705320265
         572,3057.88915372973,           1.00099477741855,                 -0.00255071132962205
         573,3057.88823494595,           1.00098967455485,                 -0.00159367883227965
         574,3057.88731616216,            1.0009845749918,                 -0.00063726536685774
         575,3057.88639737838,            1.0012996031114,                 0.000159265087181709
         576,3057.88547859459,           1.00097757313489,                 0.000636855462468515
         577,3057.88455981081,           1.00097407558317,                  0.00127330141591117
         578,3057.88364102703,           1.00097058027972,                  0.00127289217012204
         579,3057.88272224324,           1.00112614762077,                   0.0011134227889014
         580,3057.88180345946,           1.00096518803676,                 0.000318019122489835
         581,3057.88088467567,           1.00064537255164,                -0.000476876269683068
         582,3057.87996589189,           1.00096139330521,                 -0.00127126387465338
         583,3057.87904710811,           1.00111835500146,                 -0.00158857244525779
         584,3057.87812832432,            1.0011164099559,                 -0.00142925883401064
         585,3057.87720954054,           1.00111605548209,                  -0.0014288050268536
         586,3057.87629075676,           1.00079670146549,                -0.000952232827274488
         587,3057.87537197297,           1.00079644866397,                 -0.00063462044937474
         588,3057.87445318919,           1.00095480080825,                -0.000793023927117929
         589,3057.87353440541,           1.00095608509316,                -0.000634218967269545
         590,3057.87261562162,           1.00095578200562,                -0.000634017914176165
         591,3057.87169683784,           1.00079861067096,                -0.000792272491031475
         592,3057.87077805405,           1.00095676196269,                -0.000950425790754258
         593,3057.86985927027,           1.00079968962541,                 -0.00110848066888891
         594,3057.86894048649,           1.00064271625186,                 -0.00174134945084171
         595, 3057.8680217027,           1.00064567995797,                 -0.00205731359156312
         596,3057.86710291892,           1.00064705873047,                 -0.00221487096003582
         597,3057.86618413513,            1.0006500192159,                 -0.00221417737774973
         598,3057.86526535135,           1.00081108386417,                 -0.00221348422971539
         599,3057.86434656757,           1.00033982155417,                 -0.00189667844187866
         600,3057.86342778378,           1.00050088246959,                 -0.00126405670558381
         601,     3057.862509,           1.00066184263941,                -0.000631830682013834
         602,3057.86159021621,            1.0003505569434,                -0.000631634132245238
         603,3057.86067143243,           1.00035360455645,                -0.000789295884926974
         604,3057.85975264865,            1.0003582289288,                -0.000473430302379934
         605,3057.85883386486,           1.00036285042674,                -0.000315522110211873
         606,3057.85791508108,           1.00036904675539,                -0.000157712288626105
         607, 3057.8569962973,           1.00021599872608,                 0.000315326607416797
         608,3057.85607751351,           1.00022223658266,                 0.000945687585801447
         609,3057.85515872973,           1.00022689456966,                  0.00157565673372662
         610,3057.85423994595,           1.00007560817324,                  0.00189020433108819
         611,3057.85332116216,           1.00023935198599,                  0.00141721570652927
         612,3057.85240237838,          0.999932309368226,                  0.00110194051725088
         613,3057.85148359459,           1.00009599662595,                 0.000629486071833803
         614,3057.85056481081,          0.999946510098579,                 0.000471969718422866
         615,3057.84964602703,          0.999954390252725,                 0.000157274990602819
         616,3057.84872724324,          0.999805038803567,                 0.000314453542633611
         617,3057.84780845946,          0.999970136069498,                 0.000157178581589044
         618,3057.84688967567,            1.0001351321624,                 0.000942782528354184
         619,3057.84597089189,          0.999828780303137,                  0.00172790519769592
         620,3057.84505210811,          0.999995288966918,                  0.00219848210514084
         621,3057.84413332432,           1.00000470959832,                  0.00219781254856773
         622,3057.84321454054,          0.999700246864755,                  0.00251102102823172
         623,3057.84229575676,          0.999866642610039,                  0.00203958361116123
         624,3057.84137697297,           1.00018978040368,                  0.00172527639712098
         625,3057.84045818919,          0.999887106991213,                  0.00109757091876094
         626,3057.83953940541,          0.999896546210927,                 0.000783740826313628
         627,3057.83862062162,           1.00006424731141,                 0.000313401519057163
         628,3057.83770183784,          0.999918540241121,                -0.000156653382459834
         629,3057.83678305405,          0.999929527284686,                -0.000469818102091474
         630,3057.83586427027,           0.99978551422573,                                    0
         631,3057.83494548649,          0.999796534831672,                 0.000313023335889691
         632, 3057.8340267027,           1.00012204242695,                 0.000782323249708193
         633,3057.83310791892,          0.999820119972158,                  0.00125133932412035
         634,3057.83218913513,          0.999832683614096,                  0.00172007499526979
         635,3057.83127035135,           1.00000312647531,                  0.00187588518332088
         636,3057.83035156757,          0.999703073965838,                  0.00156276860085327
         637,3057.82943278378,          0.999871891413913,                  0.00140606984730081
         638,     3057.828514,           1.00004216951207,                  0.00109328364619467
         639,3057.82759521621,          0.999743935646656,                  0.00078068400409703
         640,3057.82667643243,          0.999912589595664,                 0.000312180015484129
         641,3057.82575764865,          0.999770616075288,                 0.000624173944794935
         642,3057.82483886486,          0.999630286551322,                 0.000467991707186949
         643,3057.82392008108,          0.999956333784551,                  0.00046785230838329
         644, 3057.8230012973,           1.00012784175062,                  0.00031180914785678
         645,3057.82208251351,          0.999830114602507,                 0.000623432651349965
         646,3057.82116372973,          0.999845746098077,                 0.000623248088576018
         647,3057.82024494594,           1.00001713424996,                 0.000311531817523353
         648,3057.81932616216,           1.00003270116276,                  0.00077859911333133
         649,3057.81840737838,          0.999894141675799,                 0.000778370030885723
         650,3057.81748859459,          0.999909735774825,                 0.000622511897758646
         651,3057.81656981081,           1.00008245857235,                 0.000933493271847243
         652,3057.81565102703,          0.999942451593235,                  0.00062214493799548
         653,3057.81473224324,           1.00011506298921,                -0.000155490525962253
         654,3057.81381345946,          0.999978237687972,                -0.000466335257743497
         655,3057.81289467567,             1.000150737448,                 -0.00108779601649099
         656,3057.81197589189,           1.00001242830422,                 -0.00155353802750384
         657,3057.81105710811,           1.00003106168851,                 -0.00139777598310244
         658,3057.81013832432,          0.999892868621219,                 -0.00124210294238661
         659,3057.80921954054,          0.999911525990404,                -0.000776087803469733
         660,3057.80830075676,          0.999930172473989,                -0.000620689120095586
         661,3057.80738197297,           1.00010393510726,                -0.000155127025765048
         662,3057.80646318919,           1.00012406563072,                 0.000310164076796625
         663, 3057.8055444054,           0.99998759705306,                 0.000155036836752412
         664,3057.80462562162,           1.00000774959508,                -0.000309983803346275
         665,3057.80370683784,           1.00049118120558,                 -0.00046484025764546
         666,3057.80278805405,           1.00020137243057,                -0.000774509348327834
         667,3057.80186927027,           1.00022144552827,                 -0.00170342714054977
         668,3057.80095048649,           1.00008824308027,                 -0.00247699874447126
         669, 3057.8000317027,            1.0001083373315,                 -0.00309535232847879
         670,3057.79911291892,           1.00028314279216,                 -0.00340390241940101
         671,3057.79819413513,           1.00015003797353,                  -0.0030935664645021
         672,3057.79727535135,           1.00017164355664,                 -0.00278340902659547
         673,3057.79635656757,           1.00019323671498,                 -0.00216425120772947
         674,3057.79543778378,          0.999905727589825,                 -0.00169999428183742
         675,     3057.794519,           1.00008188527718,                 -0.00123600418387416
         676,3057.79360021622,          0.999949029474865,                -0.000617824547095993
         677,3057.79268143243,          0.999972205837392,                -0.000617648057960094
         678,3057.79176264865,           1.00014819297195,                                    0
         679,3057.79084386486,            1.0003256228115,                -0.000308647214690373
         680,3057.78992508108,           1.00019439224653,                -0.000462838682205704
         681, 3057.7890062973,            1.0000632365711,                -0.000925413235568566
         682,3057.78808751351,           1.00039473034983,                -0.000925149257413529
         683,3057.78716872973,           1.00011098642266,                 -0.00061659123700534
         684,3057.78624994595,           1.00028817422366,                -0.000308207725843064
         685,3057.78533116216,           1.00015868198436,                 -0.00077030089493558
         686,3057.78441237838,           1.00018327965858,                -0.000770082599059575
         687,3057.78349359459,           1.00020632334872,                 -0.00123178118639005
         688,3057.78257481081,           1.00023089355807,                 -0.00153929038713153
         689,3057.78165602703,           1.00010310341272,                 -0.00153885690631285
         690,3057.78073724324,          0.999973846837852,                 -0.00215378982395845
         691,3057.77981845946,           1.00030605920323,                 -0.00246077751341508
         692,3057.77889967567,           1.00002460085119,                 -0.00276759575881325
         693,3057.77798089189,           1.00005072498298,                 -0.00307424139250838
         694,3057.77706210811,           1.00007683442182,                 -0.00399538993469074
         695,3057.77614332432,          0.999949303538152,                 -0.00460876925889454
         696,3057.77522454054,           1.00012900927024,                 -0.00537538625989839
         697,3057.77430575676,           1.00000153539311,                 -0.00583449383462895
         698,3057.77338697297,           1.00002762931286,                 -0.00567935875434778
         699,3057.77246818919,           1.00005524319281,                 -0.00506395934101009
         700,3057.77154940541,           1.00023471765614,                 -0.00414207628477235
         701,3057.77063062162,          0.999955523450644,                 -0.00306734823144369
         702,3057.76971183784,           0.99998313429243,                 -0.00199321998555682
         703,3057.76879305405,          0.999857447888006,                -0.000766409204267979
         704,3057.76787427027,          0.999885070681531,                 0.000919434547753132
         705,3057.76695548649,          0.999914209903854,                  0.00168516260287152
         706, 3057.7660367027,          0.999941801518674,                  0.00275677016807109
         707,3057.76511791892,          0.999664685914818,                  0.00352156345168338
         708,3057.76419913513,          0.999693861931731,                  0.00413286392162865
         709,3057.76328035135,           0.99972149194622,                  0.00443776569209251
         710,3057.76236156757,          0.999597652001108,                  0.00428355283991904
         711,3057.76144278378,          0.999626822300121,                  0.00382354200696191
         712,     3057.760524,          0.999657504923367,                  0.00351669051900236
         713,3057.75960521622,          0.999839499850964,                   0.0033628602655131
         714,3057.75868643243,          0.999562949085097,                  0.00305630010421983
         715,3057.75776764865,          0.999593623866806,                  0.00229159473605412
         716,3057.75684886486,          0.999777012765256,                  0.00198550277512196
         717,3057.75593008108,          0.999960300858418,                  0.00167957906694802
         718, 3057.7550112973,          0.999685547071771,                   0.0012211764203045
         719,3057.75409251351,           0.99956354935097,                  0.00076302561019158
         720,3057.75317372973,          0.999594181849249,                 0.000457689643703869
         721,3057.75225494595,          0.999472276197826,                 0.000152521330108016
         722,3057.75133616216,          0.999351961270156,                -0.000609918804559143
         723,3057.75041737838,          0.999535064519325,                 -0.00198169221271179
         724,3057.74949859459,          0.999567194567377,                 -0.00259073674457164
         725,3057.74857981081,          0.999599307090741,                 -0.00319944908533845
         726,3057.74766102703,          0.999479088923481,                 -0.00289395042510609
         727,3057.74674224324,           0.99951120795589,                 -0.00258861830214048
         728,3057.74582345946,           0.99939107931192,                 -0.00182676206424113
         729,3057.74490467568,          0.999424725831636,                -0.000760944667147584
         730,3057.74398589189,          0.999456833476098,                 0.000608589942746901
         731,3057.74306710811,          0.999186231338459,                  0.00136895662689087
         732,3057.74214832432,          0.999218386469874,                  0.00182477866955387
         733,3057.74122954054,          0.999252043199066,                  0.00243237984043588
         734,3057.74031075676,          0.999285681718011,                  0.00212775658464672
         735,3057.73939197297,          0.999167360532889,                  0.00212718112035591
         736,3057.73847318919,          0.999352904184249,                  0.00197470554102375
         737,3057.73755440541,          0.999236146228643,                  0.00151859596691283
         738,3057.73663562162,          0.999269752733114,                 0.000910911351625445
         739,3057.73571683784,           0.99960689616443,                   0.0010624427988386
         740,3057.73479805405,          0.999186690863625,                  0.00136563101256987
         741,3057.73387927027,          0.998918407252284,                  0.00197204848812144
         742,3057.73296048649,          0.999105233625017,                  0.00272979572028693
         743, 3057.7320417027,          0.999140345105198,                  0.00288067777799678
         744,3057.73112291892,           0.99917543774555,                  0.00287990493282243
         745,3057.73020413513,          0.999058978271642,                   0.0031821990814052
         746,3057.72928535135,          0.999094073910238,                   0.0037873164287727
         747,3057.72836656757,           0.99928211621236,                  0.00469502055207384
         748,3057.72744778378,          0.999165721605388,                   0.0056022324139111
         749,     3057.726529,          0.998899530294705,                  0.00620622529808803
         750,3057.72565691111,          0.998936142844388,                  0.00680989644417474
         751,3057.72478482222,          0.999122515053406,                  0.00711065387757572
         752,3057.72391273333,          0.999007798462088,                  0.00650376008082812
         753,3057.72304064444,          0.999045863569075,                  0.00604840843692493
         754,3057.72216855556,          0.999082398221032,                  0.00513977932206311
         755,3057.72129646667,          0.999270043208001,                  0.00438276334740352
         756,3057.72042437778,          0.999306498816213,                  0.00317288123301186
         757,3057.71955228889,          0.999193394901168,                  0.00211469501566385
         758,    3057.7186802,          0.999382370218466,                 0.000906058359218917
         759,3057.71780811111,          0.999267797428988,                                    0
         760,3057.71693602222,          0.999456652982371,                 -0.00135836754407148
         761,3057.71606393333,          0.999494518925362,                 -0.00181067847631406
         762,3057.71519184444,          0.999381514836101,                 -0.00165935043972787
         763,3057.71431975556,          0.999419380622394,                -0.000904861367697957
         764,3057.71344766667,          0.999609503979592,                -0.000150770664250315
         765,3057.71257557778,          0.999798020601899,                  0.00105511625873862
         766,3057.71170348889,          0.999535870574194,                  0.00180829646417765
         767,    3057.7108314,          0.999573655848372,                  0.00195847136790186
         768,3057.70995931111,          0.999612926740738,                  0.00225918244705606
         769,3057.70908722222,           0.99965217705543,                  0.00240916325243062
         770,3057.70821513333,          0.999691406808619,                  0.00225799896132048
         771,3057.70734304444,          0.999730616016458,                  0.00225740768331279
         772,3057.70647095556,          0.999769804695081,                  0.00180545337190985
         773,3057.70559886667,          0.999959387930995,                 0.000752075351933661
         774,3057.70472677778,          0.999848120529142,                -0.000300751427441462
         775,3057.70385468889,           1.00003908751695,                 -0.00165370264021143
         776,    3057.7029826,           1.00007815458978,                 -0.00315624304875043
         777,3057.70211051111,           1.00011870399281,                 -0.00345593903122516
         778,3057.70123842222,           1.00015772989132,                 -0.00420613043510917
         779,3057.70036633333,           1.00004805757297,                 -0.00510611712831973
         780,3057.69949424444,           1.00008858313527,                 -0.00555521356793351
         781,3057.69862215556,           1.00012908765051,                 -0.00570387292971928
         782,3057.69775006667,            1.0003196340865,                  -0.0057023921535084
         783,3057.69687797778,           1.00006000960154,                 -0.00555088814210274
         784,3057.69600588889,           1.00025197530642,                 -0.00554945615329698
         785,    3057.6951338,           1.00044234186278,                 -0.00539807018990711
         786,3057.69426171111,           1.00033429424189,                 -0.00539667834447897
         787,3057.69338962222,           1.00037467216186,                 -0.00539527913076058
         788,3057.69251753333,           1.00026669783136,                 -0.00539388872407562
         789,3057.69164544444,           1.00045836241788,                 -0.00494312411435693
         790,3057.69077335556,           1.00035042215387,                 -0.00389357948742524
         791,3057.68990126667,           1.00024253748102,                 -0.00254514640580413
         792,3057.68902917778,           1.00028438430797,                -0.000898055709389172
         793,3057.68815708889,           1.00032620959415,                 0.000149637428510719
         794,     3057.687285,           1.00021841443091,                  0.00119679140225057
         795,3057.68641291111,            1.0004097956107,                   0.0019442857441978
         796,3057.68554082222,           1.00030353006966,                  0.00239235522886616
         797,3057.68466873333,           1.00049479123846,                  0.00284019139900354
         798,3057.68379664444,           1.00038855844816,                  0.00254057446872104
         799,3057.68292455556,           1.00043178731561,                  0.00194229588337858
         800,3057.68205246667,           1.00047499409992,                  0.00044810764143024
         801,3057.68118037778,           1.00081684096092,                 -0.00134397964318834
         802,3057.68030828889,           1.00056134148672,                 -0.00358303076629085
         803,    3057.6794362,             1.000604482123,                 -0.00597019380741647
         804,3057.67856411111,           1.00079681750492,                 -0.00731162129979736
         805,3057.67769202222,           1.00083987606234,                 -0.00790647092432612
         806,3057.67681993333,            1.0007337720057,                 -0.00775531388141529
         807,3057.67594784444,           1.00077831686741,                 -0.00715693671180507
         808,3057.67507575556,           1.00067228243614,                 -0.00596259366861991
         809,3057.67420366667,           1.00071682023907,                 -0.00491789353207584
         810,3057.67333157778,           1.00061234614989,                 -0.00357574394097639
         811,3057.67245948889,           1.00080433746425,                 -0.00253217349857007
         812,    3057.6715874,           1.00084880794603,                 -0.00134022307268476
         813,3057.67071531111,           1.00074437993152,                -0.000744379931517046
         814,3057.66984322222,           1.00078884307976,                 -0.00074419158468156
         815,3057.66897113333,           1.00083328373311,                 -0.00119040533301589
         816,3057.66809904444,           1.00073042759023,                 -0.00208268559331993
         817,3057.66722695556,           1.00077486060689,                 -0.00237961030906676
         818,3057.66635486667,           1.00081927116091,                 -0.00297376101964318
         819,3057.66548277778,           1.00086514706014,                  -0.0037162674404431
         820,3057.66461068889,              1.00090951243,                 -0.00371532855393468
         821,    3057.6637386,           1.00065819091102,                 -0.00297151652831781
         822,3057.66286651111,           1.00085261115881,                 -0.00207953941172801
         823,3057.66199442222,           1.00060143006705,                 -0.00103950875786128
         824,3057.66112233333,           1.00064581740441,                -0.000296927542256501
         825,3057.66025024444,           1.00084009416179,                 0.000593706121406965
         826,3057.65937815555,           1.00073749486202,                 0.000445167924760685
         827,3057.65850606667,           1.00063643147384,                 0.000296704649806919
         828,3057.65763397778,           1.00083056478405,                 0.000444945420028477
         829,3057.65676188889,           1.00072804485112,                 0.000296555947503666
         830,    3057.6558898,           1.00092205793844,                -0.000148240826116476
         831,3057.65501771111,           1.00067284578197,                -0.000296407833466223
         832,3057.65414562222,           1.00071860901002,                -0.000296333612380818
         833,3057.65327353333,           1.00076583175698,                -0.000740649668263014
         834,3057.65240144444,           1.00066493792679,                 -0.00118474463569843
         835,3057.65152935556,           1.00056261289272,                  -0.0013325042195967
         836,3057.65065726667,           1.00060983913273,                 -0.00162821127669526
         837,3057.64978517778,           1.00065704189086,                 -0.00221973611777032
         838,3057.64891308889,           1.00070422118463,                 -0.00310685816748629
         839,     3057.648041,           1.00075137703153,                 -0.00399353934079977
         840,3057.64716891111,           1.00065063732884,                 -0.00458403572590424
         841,3057.64629682222,           1.00054994766627,                 -0.00546990958387293
         842,3057.64542473333,           1.00059858556448,                 -0.00546855947797427
         843,3057.64455264444,           1.00079348309526,                  -0.0053194397447851
         844,3057.64368055556,           1.00039738171246,                 -0.00531811957200955
         845,3057.64280846667,           1.00074139932477,                 -0.00575987523224112
         846,3057.64193637778,           1.00034550678758,                 -0.00590609893306323
         847,3057.64106428889,           1.00054175099235,                 -0.00590464296838211
         848,    3057.6401922,            1.0004427390791,                 -0.00546044864226682
         849,3057.63932011111,           1.00048984313216,                 -0.00486892269921271
         850,3057.63844802222,           1.00039089293221,                 -0.00501523007367963
         851,3057.63757593333,           1.00043946190986,                 -0.00486652450516294
         852,3057.63670384444,           1.00034057284057,                 -0.00486532629384507
         853,3057.63583175556,           1.00038913029379,                 -0.00471673083385905
         854,3057.63495966667,           1.00029030228278,                 -0.00383140068641017
         855,3057.63408757778,            1.0000441975927,                 -0.00324115679832638
         856,3057.63321548889,           1.00024155443223,                 -0.00279849647094866
         857,    3057.6323434,           1.00014283547562,                 -0.00206154294709345
         858,3057.63147131111,           1.00019138192471,                 -0.00117773492131259
         859,3057.63059922222,           1.00009419577414,                 0.000441542691291012
         860,3057.62972713333,          0.999848440928012,                  0.00132430257076558
         861,3057.62885504444,          0.999898494929895,                  0.00220663195879777
         862,3057.62798295556,          0.999799981174699,                  0.00235316265060241
         863,3057.62711086667,           0.99999705926464,                  0.00220555152021314
         864,3057.62623877778,          0.999753038508353,                  0.00191101154250972
         865,3057.62536668889,           0.99995003189141,                  0.00146965025263288
         866,    3057.6244946,           1.00014692918014,                 0.000734645900675874
         867,3057.62362251111,          0.999901581598403,                 0.000293786273423947
         868,3057.62275042222,          0.999657822428932,                -0.000587429306554389
         869,3057.62187833333,           0.99985464668132,                 -0.00102775073814526
         870,3057.62100624445,          0.999759271002137,                 -0.00102750182014608
         871,3057.62013415556,          0.999809224718606,                 -0.00117400173165255
         872,3057.61926206667,          0.999712439626993,                 -0.00102700133216744
         873,3057.61838997778,          0.999615701667151,                -0.000293357505991827
         874,3057.61751788889,          0.999667119794347,                 0.000586573049607949
         875,    3057.6166458,          0.999570439808061,                   0.0014660757404049
         876,3057.61577371111,          0.999620378771112,                  0.00307800996395797
         877,3057.61490162222,           0.99967175832034,                  0.00366341160334338
         878,3057.61402953333,          0.999576611987594,                  0.00366252605887291
         879,3057.61315744444,          0.999626513170903,                  0.00336870473303015
         880,3057.61228535556,          0.999531423885667,                  0.00263574064312072
         881,3057.61141326667,          0.999436380538293,                   0.0023423146460543
         882,3057.61054117778,          0.999632638664268,                  0.00175630917481277
         883,3057.60966908889,          0.999683940674494,                  0.00117059009446662
         884,     3057.608797,          0.999735217918579,                   0.0013165959849674
         885,3057.60792491111,           0.99949396413288,                  0.00131627826707579
         886,3057.60705282222,          0.999545262468362,                  0.00146217855832119
         887,3057.60618073333,          0.999450353469498,                  0.00160800846689549
         888,3057.60530864444,          0.999647784917887,                  0.00189991538069189
         889,3057.60443655556,          0.999699009067717,                  0.00189945733964927
         890,3057.60356446667,          0.999604131638647,                  0.00160684574719058
         891,3057.60269237778,          0.999656801536361,                  0.00131437709478849
         892,3057.60182028889,          0.999707986567382,                  0.00102204701416265
         893,    3057.6009482,          0.999613175392116,                 0.000875829300869261
         894,3057.60007611111,           0.99981174176808,                 0.000729683069455613
         895,3057.59920402222,          0.999425148162954,                 0.000875408888901858
         896,3057.59833193333,          0.999623664226805,                  0.00102106605130419
         897,3057.59745984444,           0.99967479579947,                  0.00145831480058274
         898,3057.59658775555,           0.99958156372697,                  0.00160376271893184
         899,3057.59571566667,          0.999486919358882,                  0.00160337700349245
         900,3057.59484357778,          0.999539503596535,                  0.00131154038961493
         901,3057.59397148889,          0.999737754596579,                  0.00160261079868295
         902,    3057.5930994,          0.999788797529659,                  0.00116525500877583
         903,3057.59222731111,          0.999695649831297,                  0.00131059881259748
         904,3057.59135522222,          0.999602546613421,                  0.00116469856873105
         905,3057.59048313333,          0.999946145549657,                   0.0013099731164406
         906,3057.58961104444,          0.999853026989192,                  0.00101862482737947
         907,3057.58873895555,          0.999905435976519,                 0.000290966226095306
         908,3057.58786686667,          0.999957819961049,                -0.000436345230528458
         909,3057.58699477778,          0.999864765236813,                  -0.0014541372385643
         910,3057.58612268889,          0.999917133939176,                 -0.00247144391930299
         911,    3057.5852506,          0.999824133275002,                  -0.0034882656197994
         912,3057.58437851111,           1.00002179646461,                 -0.00421398315859834
         913,3057.58350642222,          0.999638264891792,                 -0.00421297917190263
         914,3057.58263433333,          0.999982571109872,                 -0.00435722253206916
         915,3057.58176224444,             1.000180055643,                 -0.00479180340247083
         916,3057.58089015556,           1.00008710295569,                 -0.00493583415597236
         917,3057.58001806667,          0.999850508633489,                 -0.00522494096542395
         918,3057.57914597778,          0.999902781183661,                 -0.00522369759434215
         919,3057.57827388889,          0.999956479480075,                 -0.00536753079076785
         920,    3057.5774018,           1.00000870203367,                 -0.00522122019916054
         921,3057.57652971111,          0.999917350219022,                 -0.00463998770403258
         922,3057.57565762222,           1.00011452246307,                 -0.00449391943707136
         923,3057.57478553333,           1.00016811984046,                 -0.00405806511455338
         924,3057.57391344444,          0.999930449700644,                 -0.00376730788178767
         925,3057.57304135556,          0.999984065153243,                 -0.00304210710824541
         926,3057.57216926667,          0.999892827246211,                 -0.00347587309587327
         927,3057.57129717778,           1.00008977206583,                 -0.00347504770950918
         928,3057.57042508889,          0.999998552405106,                 -0.00347422774431421
         929,     3057.569553,           0.99990737578224,                 -0.00361813350623187
         930,3057.56868091111,           0.99996093337404,                  -0.0039066625960207
         931,3057.56780882222,          0.999868362238189,                 -0.00433970643332547
         932,3057.56693673333,          0.999921903698583,                  -0.0052064200944676
         933,3057.56606464444,           0.99997541992172,                 -0.00549437043913033
         934,3057.56519255555,          0.999739801671051,                 -0.00607129434213189
         935,3057.56432046667,          0.999937856152891,                 -0.00563630241219291
         936,3057.56344837778,           0.99970235773133,                 -0.00476805576024482
         937,3057.56257628889,          0.999755875245028,                 -0.00390021797884926
         938,    3057.5617042,          0.999809367562447,                 -0.00274395175266308
         939,3057.56083211111,          0.999574065651644,                 -0.00202138334813275
         940,3057.55996002222,          0.999483225022302,                 -0.00115480441943651
         941,3057.55908793333,          0.999681060322894,                -0.000288633191951175
         942,3057.55821584444,          0.999447396632149,                  0.00028856572733713
         943,3057.55734375555,           0.99950089867089,                 0.000144248939049053
         944,3057.55647166666,           0.99941016052575,                -0.000288430060757792
         945,3057.55559957778,            0.9996078273056,                 -0.00100926796352794
         946,3057.55472748889,          0.999228812154497,                 -0.00158561986925843
         947,    3057.5538554,          0.999283755370033,                 -0.00201759050694844
         948,3057.55298331111,           0.99933723309224,                 -0.00230527620090482
         949,3057.55211122222,          0.999246639768489,                 -0.00216068900050848
         950,3057.55123913333,          0.999157527884387,                 -0.00216018491182845
         951,3057.55036704445,          0.999067019126108,                 -0.00187172088898104
         952,3057.54949495555,          0.999264442336454,                 -0.00201522647546966
         953,3057.54862286667,          0.999175388884012,                 -0.00259040141148095
         954,3057.54775077778,          0.999228816924591,                 -0.00244591647051376
         955,3057.54687868889,          0.998995969493583,                 -0.00258919041769395
         956,    3057.5460066,          0.999193224814161,                 -0.00287620387108279
         957,3057.54513451111,          0.998960494476818,                   -0.003019310648246
         958,3057.54426242222,          0.999013922947997,                 -0.00359357526240287
         959,3057.54339033333,           0.99921247168922,                  -0.0040238672813603
         960,3057.54251824445,          0.998978464420821,                 -0.00474130437593659
         961,3057.54164615556,            0.9988896438098,                 -0.00488384352739908
         962,3057.54077406667,           0.99894303899267,                 -0.00502630913811723
         963,3057.53990197778,          0.998710692636591,                 -0.00516871548805596
         964,3057.53902988889,          0.998765538426205,                 -0.00531105560818764
         965,    3057.5381578,          0.998531908389936,                 -0.00444876245474102
         966,3057.53728571111,          0.998730245270702,                  -0.0034434026557243
         967,3057.53641362222,          0.998498164662546,                 -0.00258195186954832
         968,3057.53554153333,          0.998408168533364,                 -0.00157749064261232
         969,3057.53466944445,           0.99817627087539,                 -0.00100362451826023
         970,3057.53379735556,          0.998231164192112,                -0.000716708187961023
         971,3057.53292526667,          0.998284601395535,                -0.000429924462271979
         972,3057.53205317778,          0.998052894224446,                -0.000573099566020354
         973,3057.53118108889,           0.99796453623369,                -0.000859449866140683
         974,     3057.530309,          0.998019427653258,                -0.000859250475809951
         975,3057.52943691111,          0.997929689625254,                 -0.00157492490471704
         976,3057.52856482222,          0.997984563589309,                 -0.00171770148638435
         977,3057.52769273333,           0.99789630350473,                 -0.00228973768192681
         978,3057.52682064444,          0.997665008899292,                 -0.00228920696147837
         979,3057.52594855555,           0.99771990604983,                 -0.00271780332830778
         980,3057.52507646667,           0.99763176862265,                 -0.00286018282288604
         981,3057.52420437778,          0.997256294152718,                 -0.00314546788119854
         982,3057.52333228889,          0.997454190436847,                 -0.00300179678979275
         983,    3057.5224602,          0.997509085478526,                 -0.00242946338870128
         984,3057.52158811111,          0.997278202041706,                 -0.00114301226595038
         985,3057.52071602222,          0.997333112402099,                                    0
         986,3057.51984393333,          0.997245186931704,                 0.000714052117235933
         987,3057.51897184444,          0.997014524744036,                  0.00142777391485613
         988,3057.51809975555,           0.99692529055576,                  0.00228390673666841
         989,3057.51722766667,          0.997122942818489,                   0.0022833787154853
         990,3057.51635557778,          0.996749790976461,                  0.00299624185664267
         991,3057.51548348889,          0.996804747232683,                  0.00313819468218647
         992,    3057.5146114,          0.996717065838375,                  0.00399314320267198
         993,3057.51373931111,          0.996914583582847,                  0.00456253813996726
         994,3057.51286722222,          0.996684370928519,                  0.00441893814341878
         995,3057.51199513333,          0.996454264573429,                  0.00441791793503665
         996,3057.51112304445,           0.99679418679205,                  0.00427441761060056
         997,3057.51025095555,          0.996564161296388,                  0.00327629727127172
         998,3057.50937886667,          0.996476656783077,                  0.00256346717480283
         999,3057.50850677778,          0.996531574630946,                  0.00227811190085657
        1000,3057.50763468889,          0.996586467150084,                  0.00170818991655492
        1001,    3057.5067626,          0.996356701676486,                   0.0018501124299092
        1002,3057.50589051111,          0.996411609198346,                  0.00142283536941075
        1003,3057.50501842222,          0.996324240665506,                  0.00142250748238936
        1004,3057.50414633333,          0.996379130365529,                 0.000711089873226897
        1005,3057.50327424444,          0.996149624346659,                 0.000568740864599862
        1006,3057.50240215556,          0.996204528977782,                  0.00042645741822679
        1007,3057.50153006667,           0.99625940832708,                                    0
        1008,3057.50065797778,          0.996172175380864,                -0.000284174062296638
        1009,3057.49978588889,          0.996225621735419,                                    0
        1010,    3057.4989138,           0.99613843682673,                 0.000426064344237267
        1011,3057.49804171111,          0.995909303246857,                 0.000709943900233004
        1012,3057.49716962222,           0.99596418730827,                 0.000283912254078754
        1013,3057.49629753333,          0.995877122643183,                 0.000567693956188219
        1014,3057.49542544444,           0.99593198887008,                 0.000141890866059279
        1015,3057.49455335555,          0.995986829879321,                -0.000567433032262824
        1016,3057.49368126667,                          1,                                    0
        1017,3057.49280917778,                          1,                                    0
        1018,3057.49193708889,                          1,                                    0
        1019,     3057.491065,                          1,                                    0
        1020,3057.49019291111,                          1,                                    0
        1021,3057.48932082222,                          1,                                    0
        1022,3057.48844873333,                          1,                                    0
        1023,3057.48757664445,                          1,                                    0
