"SCAN INDEX",      WAVENUMBER,"SCIENCE DIRECT ABSORPTION","SCIENCE HARMONIC ABSORPTION SPECTRA"
           0,3058.39122071052,                          1,                                    0
           1,3058.39032610526,                          1,                                    0
           2,3058.38943149999,                          1,                                    0
           3,3058.38853689474,                          1,                                    0
           4,3058.38764228947,                          1,                                    0
           5,3058.38674768421,                          1,                                    0
           6,3058.38585307894,                          1,                                    0
           7,3058.38495847368,                          1,                                    0
           8,3058.38406386842,                          1,                                    0
           9,3058.38316926315,                          1,                                    0
          10,3058.38227465789,                          1,                                    0
          11,3058.38138005263,                          1,                                    0
          12,3058.38048544736,                          1,                                    0
          13, 3058.3795908421,                          1,                                    0
          14,3058.37869623684,                          1,                                    0
          15,3058.37780163157,                          1,                                    0
          16,3058.37690702632,                          1,                                    0
          17,3058.37601242105,                          1,                                    0
          18,3058.37511781578,                          1,                                    0
          19,3058.37422321052,                          1,                                    0
          20,3058.37332860526,                          1,                                    0
          21,     3058.372434,                          1,                                    0
          22,3058.37153939473,                          1,                                    0
          23,3058.37064478947,                          1,                                    0
          24, 3058.3697501842,                          1,                                    0
          25,3058.36885557895,                          1,                                    0
          26,3058.36796097368,                          1,                                    0
          27,3058.36706636842,                          1,                                    0
          28,3058.36617176315,                          1,                                    0
          29,3058.36527715789,                          1,                                    0
          30,3058.36438255263,                          1,                                    0
          31,3058.36348794736,                          1,                                    0
          32,3058.36259334211,                          1,                                    0
          33,3058.36169873684,                          1,                                    0
          34,3058.36080413157,                          1,                                    0
          35,3058.35990952631,                          1,                                    0
          36,3058.35901492105,                          1,                                    0
          37,3058.35812031579,                          1,                                    0
          38,3058.35722571053,                          1,                                    0
          39,3058.35633110526,                          1,                                    0
          40,3058.35543649999,                          1,                                    0
          41,3058.35454189473,                          1,                                    0
          42,3058.35364728947,                          1,                                    0
          43,3058.35275268421,                          1,                                    0
          44,3058.35185807894,                          1,                                    0
          45,3058.35096347368,                          1,                                    0
          46,3058.35006886841,                          1,                                    0
          47,3058.34917426315,                          1,                                    0
          48,3058.34827965789,                          1,                                    0
          49,3058.34738505263,                          1,                                    0
          50,3058.34649044737,                          1,                                    0
          51, 3058.3455958421,                          1,                                    0
          52,3058.34470123683,                          1,                                    0
          53,3058.34380663157,                          1,                                    0
          54,3058.34291202632,                          1,                                    0
          55,3058.34201742105,                          1,                                    0
          56,3058.34112281579,                          1,                                    0
          57,3058.34022821052,                          1,                                    0
          58,3058.33933360526,                          1,                                    0
          59,     3058.338439,                          1,                                    0
          60,3058.33754439473,                          1,                                    0
          61,3058.33664978947,                          1,                                    0
          62,3058.33575518421,                          1,                                    0
          63,3058.33486057894,                          1,                                    0
          64,3058.33396597368,                          1,                                    0
          65,3058.33307136841,                          1,                                    0
          66,3058.33217676316,                          1,                                    0
          67,3058.33128215789,                          1,                                    0
          68,3058.33038755263,                          1,                                    0
          69,3058.32949294736,                          1,                                    0
          70, 3058.3285983421,                          1,                                    0
          71,3058.32770373684,                          1,                                    0
          72,3058.32680913158,                          1,                                    0
          73,3058.32591452631,                          1,                                    0
          74,3058.32501992105,                          1,                                    0
          75,3058.32412531578,                          1,                                    0
          76,3058.32323071052,                          1,                                    0
          77,3058.32233610526,                          1,                                    0
          78,3058.32144149999,                          1,                                    0
          79,3058.32054689473,                          1,                                    0
          80,3058.31965228947,                          1,                                    0
          81,3058.31875768421,                          1,                                    0
          82,3058.31786307894,                          1,                                    0
          83,3058.31696847369,          0.995242228622124,                   0.0017245244623795
          84,3058.31607386842,          0.994335048012287,                                    0
          85,3058.31517926315,           0.99400305876543,                 -0.00114847262711199
          86,3058.31428465789,          0.993862730243272,                 -0.00153049121115422
          87,3058.31339005263,          0.993913760103101,                 -0.00172089723757751
          88,3058.31249544737,          0.994346956950491,                -0.000764441250778775
          89, 3058.3116008421,          0.994208567957642,                -0.000382020583269027
          90,3058.31070623684,          0.994259335976801,                 0.000381820021496467
          91,3058.30981163157,          0.994882480222561,                  0.00114485901061284
          92,3058.30891702631,           0.99474213179189,                  0.00228851717436785
          93,3058.30802242105,          0.994792540294911,                   0.0028591469830281
          94,3058.30712781578,           0.99503340591762,                  0.00323866894516552
          95,3058.30623321052,          0.995083609110746,                  0.00399861381387786
          96,3058.30533860526,          0.995133759755794,                  0.00399652112351724
          97,3058.30444399999,          0.994993646953201,                  0.00513569651457397
          98,3058.30354939473,          0.995233903731319,                  0.00513301153786927
          99,3058.30265478946,          0.995093885027419,                  0.00475030496957905
         100,3058.30176018421,          0.994764099613147,                  0.00455791110933859
         101,3058.30086557895,          0.995193913809336,                  0.00379627661189905
         102,3058.29997097368,          0.995433564722153,                  0.00227657762086256
         103,3058.29907636841,          0.995483349829915,                 0.000948079380790395
         104,3058.29818176314,          0.995343565990786,                -0.000758068214768306
         105,3058.29728715789,          0.995203927778578,                 -0.00189418334179402
         106,3058.29639255263,          0.995632394118215,                 -0.00340775491426657
         107,3058.29549794736,           0.99568197213907,                 -0.00473053008427912
         108, 3058.2946033421,           0.99573149859009,                 -0.00643017491967009
         109,3058.29370873684,          0.995780973551694,                 -0.00756097929803868
         110,3058.29281413159,          0.995830397104138,                 -0.00831275611318195
         111,3058.29191952631,          0.995690941157366,                 -0.00793078314595285
         112,3058.29102492105,          0.995553508877884,                 -0.00660556830535089
         113,3058.29013031578,          0.995602973604637,                 -0.00452718290384829
         114,3058.28923571053,          0.995840921859858,                 -0.00226241784595197
         115,3058.28834110526,          0.995890186383157,                -0.000376874242718319
         116,    3058.2874465,          0.995751060351517,                  0.00056501857027701
         117,3058.28655189474,          0.995800320387929,                  0.00169417823884525
         118,3058.28565728946,          0.995661384819739,                  0.00225773556648467
         119,3058.28476268421,          0.996086734952922,                  0.00225656802330283
         120,3058.28386807894,           0.99613761735159,                  0.00206745543223915
         121,3058.28297347368,            0.9963744293953,                  0.00131497379445081
         122,3058.28207886841,          0.996423240487791,                  0.00037551280968072
         123,3058.28118426315,          0.996284341690437,                -0.000375319021167993
         124,3058.28028965789,          0.996333148896662,                -0.000562688148849772
         125,3058.27939505263,          0.996194439757794,                -0.000749864087134207
         126,3058.27850044736,          0.996245109648794,                -0.000936848890021435
         127, 3058.2776058421,          0.996293861743627,                 -0.00131091297597846
         128,3058.27671123685,            0.9963425636495,                   -0.001310238201305
         129,3058.27581663158,          0.996391215443877,                 -0.00149664470964157
         130,3058.27492202631,          0.996254695654288,                 -0.00224381688210425
         131,3058.27402742104,          0.996490231330759,                 -0.00261644096748511
         132,3058.27313281578,          0.996351939748166,                 -0.00298868223396525
         133,3058.27223821053,          0.996400486905091,                 -0.00298714779660511
         134,3058.27134360526,          0.996450843624394,                 -0.00298562050524163
         135,     3058.270449,          0.996685795921869,                 -0.00261107805817855
         136,3058.26955439473,          0.996920507333368,                 -0.00242332958027932
         137,3058.26865978947,          0.996597891661667,                 -0.00204946285441734
         138, 3058.2677651842,          0.996832408133318,                 -0.00186219392515098
         139,3058.26687057895,          0.996882415895026,                 -0.00130287096924294
         140,3058.26597597368,           0.99693051809134,                -0.000558087619756302
         141,3058.26508136842,          0.996606702923813,                -0.000743736345465532
         142,3058.26418676315,          0.996842588445621,                -0.000371678817466674
         143,3058.26329215789,          0.996890637363617,                 0.000185744482460149
         144,3058.26239755263,           0.99656918804117,                   0.0003712999955444
         145,3058.26150294736,          0.996988438051447,                 0.000371110529704615
         146, 3058.2606083421,          0.996667266323811,                 0.000370921945040495
         147,3058.25971373684,          0.996529940386155,                 0.000741465729453985
         148,3058.25881913157,          0.996765145086763,                 0.000741089327202054
         149,3058.25792452631,          0.996627908914653,                  0.00129624588673403
         150,3058.25702992105,          0.996677740863787,                  0.00203592481884896
         151,3058.25613531579,          0.996727522295951,                  0.00277485390394196
         152,3058.25524071052,          0.996775410284666,                  0.00351302778620083
         153,3058.25434610526,          0.996825091754479,                  0.00369605150817382
         154,    3058.2534515,          0.997059431982741,                  0.00406359901882555
         155,3058.25255689473,          0.996737848161324,                  0.00350769014911375
         156,3058.25166228948,          0.996787473175124,                  0.00258330703895812
         157,3058.25076768421,          0.996652619348414,                  0.00129100080226478
         158,3058.24987307894,          0.996702237280387,                 0.000553006604742216
         159,3058.24897847368,          0.996936047593517,                -0.000552727433520708
         160,3058.24808386841,          0.996983636504259,                -0.000368298351128282
         161,3058.24718926316,          0.997033012339135,                -0.000552168919515858
         162,3058.24629465789,          0.997082338397236,                 0.000551890593208802
         163,3058.24540005263,          0.996947743904681,                  0.00110322509469349
         164,3058.24450544736,          0.996997063223397,                   0.0020215608655221
         165, 3058.2436108421,          0.997230018662474,                  0.00257160071123128
         166,3058.24271623684,          0.997095553001568,                  0.00238671371552576
         167,3058.24182163157,          0.997144723610713,                  0.00183501053296046
         168,3058.24092702632,          0.997010435962805,                   0.0011004530198265
         169,3058.24003242105,          0.997426233354842,                 0.000549950137854168
         170,3058.23913781578,          0.996927316468081,                -0.000549675050432686
         171,3058.23824321052,          0.997159605970871,                 -0.00128193154119304
         172,3058.23734860526,          0.997025580011898,                 -0.00164737107033359
         173,     3058.236454,          0.997440536846939,                 -0.00146359579874826
         174,3058.23555939473,          0.997125469945435,                -0.000548574437894059
         175,3058.23466478947,          0.997357195337259,                  0.00109659944512068
         176, 3058.2337701842,          0.997407835679799,                  0.00200942970558201
         177,3058.23287557894,          0.997274020299693,                  0.00328651269963282
         178,3058.23198097368,           0.99768963767825,                  0.00328487533898089
         179,3058.23108636842,           0.99737341310375,                   0.0034656354881074
         180,3058.23019176316,          0.997423944373242,                  0.00273466627044391
         181,3058.22929715789,          0.997654827829376,                  0.00291552095804019
         182,3058.22840255262,           0.99734090991877,                  0.00254981240665865
         183,3058.22750794737,          0.997573420857658,                  0.00273058418117972
         184, 3058.2266133421,           0.99743998893755,                  0.00272922288107684
         185,3058.22571873684,          0.997490361533425,                  0.00436458863752091
         186,3058.22482413158,          0.997540684136958,                  0.00490772566904116
         187,3058.22392952631,          0.997227601893806,                  0.00672206618146672
         188,3058.22303492105,           0.99745959226365,                  0.00762667083107106
         189,3058.22214031578,          0.997509855310252,                  0.00834888161285873
         190,3058.22124571053,          0.997741476113162,                  0.00816333935001678
         191,3058.22035110526,          0.997791549867819,                  0.00725270979369667
         192,    3058.2194565,          0.997843382446221,                  0.00616176443937005
         193,3058.21856189473,           0.99753107888049,                  0.00525302365853173
         194,3058.21766728947,          0.998305379334318,                  0.00434518119405579
         195,3058.21677268421,          0.997812196326878,                  0.00343823571458301
         196,3058.21587807895,          0.998044787214609,                  0.00271306121932206
         197,3058.21498347368,          0.998094563177705,                  0.00307328519725068
         198,3058.21408886842,           0.99814609360601,                  0.00343315998886933
         199,3058.21319426315,          0.998376374167192,                  0.00343146727734744
         200,3058.21229965789,          0.998427715530235,                  0.00415184188341989
         201,3058.21140505263,          0.998118153950524,                  0.00433023060282223
         202,3058.21051044737,          0.998530247152917,                  0.00522979540679693
         203, 3058.2096158421,          0.998399388595283,                  0.00540747096188093
         204,3058.20872123684,          0.998450617951212,                  0.00558498180376896
         205,3058.20782663157,          0.998681869584321,                  0.00504202891243436
         206,3058.20693202631,          0.998732910490205,                  0.00431962332884572
         207,3058.20603742105,          0.998963797681497,                  0.00359792471702322
         208,3058.20514281579,          0.998477021363057,                  0.00197789433369235
         209,3058.20424821052,          0.998887529002425,                  0.00107832406873238
         210,3058.20335360526,          0.998938369759885,                -0.000179632866347758
         211,3058.20245899999,          0.999170499962295,                 -0.00125681823894628
         212,3058.20156439474,          0.999400610874426,                 -0.00143566257622471
         213,3058.20066978947,          0.999452919704756,                 -0.00107622353162752
         214,3058.19977518421,          0.999144819524649,                 -0.00053784935556683
         215,3058.19888057894,          0.999555593784047,                 0.000358392109639314
         216,3058.19798597367,          0.999428642048721,                  0.00107465445381583
         217,3058.19709136842,          0.999658068246714,                  0.00107413116215621
         218,3058.19619676315,          0.999531190168593,                  0.00107361030093297
         219, 3058.1953021579,          0.999583283404843,                 0.000536544972305337
         220,3058.19440755263,          0.999635326168565,                                    0
         221,3058.19351294737,          0.999689104728824,                                    0
         222, 3058.1926183421,          0.999919634964148,                -0.000357177937118824
         223,3058.19172373684,           0.99979293701001,                -0.000714010310308881
         224,3058.19082913158,           1.00002319411512,                 -0.00124891389095554
         225,3058.18993452632,          0.999898351692444,                 -0.00160497327719493
         226,3058.18903992105,           1.00030658006374,                 -0.00178244223104729
         227,3058.18814531578,           1.00000356316965,                 -0.00142526786127868
         228,3058.18725071052,           1.00023505612855,                 -0.00160265542196137
         229,3058.18635610526,          0.999932364845383,                -0.000711948995973928
         230,    3058.1854615,           1.00051947312616,                                    0
         231,3058.18456689474,           1.00039475228405,                 0.000711265376668362
         232,3058.18367228947,           1.00044788215723,                  0.00106638608863801
         233,3058.18277768421,           1.00032331529637,                  0.00142116613787443
         234,3058.18188307895,           1.00019886787361,                  0.00124292421003288
         235,3058.18098847368,           1.00042949075175,                  0.00035495103450479
         236,3058.18009386842,           1.00048427696385,                -0.000709563316995638
         237,3058.17919926316,           1.00035993099254,                 -0.00159575316889983
         238,3058.17830465789,           1.00059191941389,                 -0.00265832072107836
         239,3058.17741005263,           1.00082368675104,                 -0.00336560177845483
         240,3058.17651544736,           1.00105523331988,                 -0.00336399883853514
         241,3058.17562084211,           1.00093085153449,                 -0.00353935944672733
         242,3058.17472623684,           1.00063147505143,                  -0.0030070240544236
         243,3058.17383163158,           1.00051095187328,                 -0.00194479951768972
         244,3058.17293702631,            1.0009189227398,                 -0.00106029546900403
         245,3058.17204242104,           1.00079661007968,                -0.000529895840141023
         246,3058.17114781579,           1.00085096165729,                -0.000882740308394154
         247,3058.17025321052,           1.00090702787787,                 -0.00123525197375619
         248,3058.16935860526,           1.00078665994067,                 -0.00141104922092445
         249,3058.16846399999,           1.00084093910155,                 -0.00176297505566594
         250,3058.16756939474,           1.00072071627568,                 -0.00264321372497537
         251,3058.16667478947,           1.00130513122645,                 -0.00246583497575556
         252,3058.16578018421,           1.00118480283508,                 -0.00211257563460892
         253,3058.16488557895,            1.0008886229863,                 -0.00263947421673603
         254,3058.16399097368,           1.00094624684731,                 -0.00334176395889982
         255,3058.16309636841,           1.00100205685354,                  -0.0042191867517536
         256,3058.16220176315,           1.00088209763521,                 -0.00527149981198317
         257,3058.16130715789,           1.00129091180526,                 -0.00632283333186971
         258,3058.16041255263,            1.0011726869277,                 -0.00667097354081231
         259,3058.15951794737,           1.00087910313933,                 -0.00666784816256916
         260, 3058.1586233421,           1.00111020104636,                 -0.00648932681126758
         261,3058.15772873684,           1.00099398176473,                 -0.00596038447986004
         262,3058.15683413158,           1.00087611704924,                 -0.00490625547573156
         263,3058.15593952632,           1.00128378697893,                 -0.00402825382202474
         264,3058.15504492105,           1.00134095659572,                 -0.00332613254813264
         265,3058.15415031579,           1.00139982502187,                 -0.00244969378827647
         266,3058.15325571052,           1.00145688715858,                 -0.00227365342875682
         267,3058.15236110525,           1.00116601664589,                 -0.00209778107207102
         268,    3058.1514665,           1.00122488419515,                 -0.00192207220351599
         269,3058.15057189473,            1.0012836970475,                 -0.00174652659523373
         270,3058.14967728948,           1.00099331216362,                 -0.00157114401978943
         271,3058.14878268421,           1.00122666843484,                 -0.00139592425017056
         272,3058.14788807894,           1.00128714494508,                 -0.00069763953662782
         273,3058.14699347368,           1.00134581993905,                -0.000174329007649557
         274,3058.14609886842,           1.00105768845412,                  0.00017424850973962
         275,3058.14520426316,           1.00094399102686,                 0.000348336172273137
         276,3058.14430965789,           1.00117857397771,                 0.000696350946950244
         277,3058.14341505263,           1.00106318373938,                 0.000522021475963521
         278,3058.14252044736,           1.00129923663326,                 0.000347854520282527
         279, 3058.1416258421,           1.00153333171076,                 -0.00017384713273924
         280,3058.14073123684,           1.00124590995737,                 -0.00034753415826358
         281,3058.13983663157,           1.00113417872781,                -0.000868437004448134
         282,3058.13894202631,           1.00136802705499,                 -0.00138885995430651
         283,3058.13804742105,           1.00108281448473,                 -0.00173527962295844
         284,3058.13715281578,           1.00131820862386,                 -0.00208138203767301
         285,3058.13625821052,            1.0015533872858,                 -0.00225379851734731
         286,3058.13536360526,           1.00161506096335,                 -0.00225276743815287
         287,     3058.134469,           1.00133199152652,                 -0.00225174120218731
         288,3058.13357439473,           1.00104744674036,                 -0.00173131692621993
         289,3058.13267978947,           1.00145710537883,                 -0.00155747605813193
         290,3058.13178518421,           1.00151871058358,                 -0.00103784322340267
         291,3058.13089057894,            1.0012362008005,                -0.000518685650561477
         292,3058.12999597369,           1.00129958109248,                                    0
         293,3058.12910136842,           1.00136290379696,                 0.000172738123822142
         294,3058.12820676315,           1.00125523807222,                 0.000172659982423214
         295,3058.12731215789,           1.00131852352978,                -0.000172581613845187
         296,3058.12641755262,           1.00121097536993,                 -0.00120752529765499
         297,3058.12552294737,           1.00127422361159,                 -0.00206910464669176
         298, 3058.1246283421,           1.00133914029606,                 -0.00275756045520429
         299,3058.12373373684,           1.00123172864071,                 -0.00344539479917655
         300,3058.12283913157,           1.00129660592306,                 -0.00344384043309737
         301,3058.12194452632,           1.00119103351417,                 -0.00309806405419547
         302,3058.12104992105,           1.00142790785693,                 -0.00172037091196862
         303,3058.12015531578,           1.00149433134261,                                    0
         304,3058.11926071053,           1.00138881249656,                  0.00206259281667675
         305,3058.11836610526,           1.00145347338907,                  0.00377971803303474
         306,    3058.1174715,           1.00134806762663,                  0.00463666572216069
         307,3058.11657689473,           1.00141612667897,                  0.00514955155988499
         308,3058.11568228947,           1.00148240671475,                  0.00497567068609352
         309,3058.11478768421,           1.00172184340143,                  0.00497345205592218
         310,3058.11389307894,           1.00161650584462,                  0.00411411879860874
         311,3058.11299847368,           1.00151297854586,                  0.00376959547100239
         312,3058.11210386842,           1.00140954344836,                  0.00359664792413471
         313,3058.11120926315,           1.00147739314579,                  0.00291027618520998
         314,3058.11031465789,           1.00154518247014,                  0.00256674828926226
         315,3058.10942005263,           1.00144358391943,                  0.00273665197996771
         316,3058.10852544737,           1.00168229284205,                  0.00205157663664526
         317, 3058.1076308421,           1.00175161276541,                  0.00222155765369334
         318,3058.10673623684,           1.00182087135356,                   0.0018789479258123
         319,3058.10584163158,           1.00137785495131,                  0.00187811703400928
         320,3058.10494702631,           1.00144721751952,                  0.00221861176342089
         321,3058.10405242105,           1.00151822725644,                  0.00272939731495539
         322,3058.10315781579,           1.00141695468985,                  0.00323972793105859
         323,3058.10226321053,           1.00165835218083,                  0.00409048842136121
         324,3058.10136860526,           1.00189953746689,                  0.00408869051168258
         325,     3058.100474,           1.00162964905499,                  0.00408689418179527
         326,3058.09957939473,           1.00153021016134,                  0.00357446200091574
         327,3058.09868478947,           1.00177113408727,                  0.00306247968980484
         328,3058.09779018421,           1.00167342385241,                  0.00221082419525999
         329,3058.09689557895,           1.00157409642446,                  0.00101993288841594
         330,3058.09600097368,           1.00164647231837,                -0.000679658335754616
         331,3058.09510636842,           1.00171878502959,                 -0.00186824459737631
         332,3058.09421176315,           1.00162296874257,                 -0.00220696586333109
         333,3058.09331715789,           1.00169522875407,                  -0.0013575405437968
         334,3058.09242255263,           1.00193704436205,                -0.000169618595625876
         335,3058.09152794737,           1.00184125843062,                  0.00135635980156456
         336, 3058.0906333421,           1.00208449844934,                  0.00254207127967868
         337,3058.08973873684,           1.00215812957586,                   0.0037267543696195
         338,3058.08884413158,           1.00206237237166,                  0.00423311242130644
         339,3058.08794952631,           1.00196839399022,                  0.00423128544759384
         340,3058.08705492105,           1.00187280174186,                  0.00389109666330002
         341,3058.08616031579,           1.00211719664225,                  0.00287478777302029
         342,3058.08526571052,           1.00202331631178,                  0.00219741955331531
         343,3058.08437110526,           1.00226743577007,                  0.00152063501718318
         344,    3058.0834765,           1.00251134496287,                  0.00135109345682328
         345,3058.08258189473,           1.00225029415886,                  0.00185695692028759
         346,3058.08168728947,            1.0021565179828,                   0.0021936411405584
         347,3058.08079268421,           1.00240185131461,                   0.0020240320066928
         348,3058.07989807895,           1.00230978031797,                   0.0021917623455229
         349,3058.07900347368,           1.00221778814393,                  0.00235934908929125
         350,3058.07810886842,           1.00263292213929,                  0.00269524979069701
         351,3058.07721426315,           1.00254087029438,                  0.00303085919806833
         352,3058.07631965789,           1.00245058437012,                  0.00218802175903485
         353,3058.07542505263,           1.00252861303136,                  0.00117766408646073
         354,3058.07453044737,           1.00260657529639,                 -0.00050449844446313
         355, 3058.0736358421,           1.00251637661938,                 -0.00218523019719181
         356,3058.07274123684,           1.00225823145528,                 -0.00302441712761024
         357,3058.07184663158,           1.00250584473168,                 -0.00369494531480934
         358,3058.07095202631,           1.00258536749152,                 -0.00335762011885975
         359,3058.07005742105,           1.00249701298178,                  -0.0021815301588154
         360,3058.06916281579,            1.0027442113244,                 -0.00100643447105159
         361,3058.06826821053,           1.00265586436313,                                    0
         362,3058.06737360526,           1.00290446765114,                 0.000670390686932577
         363,     3058.066479,           1.00298533466908,                  0.00100516318824361
         364,3058.06558439474,           1.00289867692395,                   0.0006698271343623
         365,3058.06468978947,           1.00264470556727,                 0.000167386428308393
         366,3058.06379518421,           1.00289289592435,                -0.000334632264239021
         367,3058.06290057895,           1.00264081709791,                 -0.00083623087330935
         368,3058.06200597368,           1.00272162521816,                 -0.00117023197341233
         369,3058.06111136842,           1.00280404129527,                 -0.00150395540270912
         370,3058.06021676316,           1.00271935216613,                 -0.00150332736456691
         371,3058.05932215789,           1.00280337473557,                -0.000500900786581202
         372,3058.05842755263,           1.00271875641511,                                    0
         373,3058.05753294737,           1.00296953721931,                  0.00166827933669214
         374, 3058.0566383421,           1.00288659243683,                   0.0026681385897887
         375,3058.05574373684,           1.00297040595548,                  0.00333378895115666
         376,3058.05484913157,            1.0027209093469,                  0.00299916523234366
         377,3058.05395452632,           1.00280639224536,                  0.00299792643421633
         378,3058.05305992105,           1.00289013491736,                  0.00266371881784159
         379,3058.05216531578,           1.00280906355673,                  0.00266261948504939
         380,3058.05127071052,           1.00289440415197,                  0.00282786612549072
         381,3058.05037610526,           1.00281339789294,                  0.00349180589549856
         382,    3058.0494815,           1.00290033324746,                  0.00365658059851576
         383,3058.04858689474,           1.00298553089119,                  0.00398735344399347
         384,3058.04769228947,           1.00290625259487,                   0.0044839325749398
         385,3058.04679768421,           1.00282703931128,                   0.0041500870688267
         386,3058.04590307895,           1.00308142631707,                  0.00414839299552139
         387,3058.04500847368,           1.00316807377797,                  0.00364909021546219
         388,3058.04411386842,           1.00309051358234,                  0.00331600169779287
         389,3058.04321926316,            1.0030130166296,                  0.00298318478178003
         390,3058.04232465789,           1.00276991789645,                   0.0029819690272817
         391,3058.04143005263,           1.00269261468452,                  0.00314635172237917
         392,3058.04053544737,           1.00278090445607,                  0.00347613057008541
         393, 3058.0396408421,           1.00287078172958,                  0.00347472140180189
         394,3058.03874623684,           1.00312598203801,                  0.00314252162551066
         395,3058.03785163158,           1.00321564672525,                  0.00297591984855875
         396,3058.03695702631,           1.00297471492315,                  0.00231366716245249
         397,3058.03606242105,           1.00290082994132,                   0.0018171485965005
         398,3058.03516781579,           1.00282700449811,                  0.00181641644154111
         399,3058.03427321052,           1.00308170733519,                  0.00132049591223984
         400,3058.03337860526,            1.0030095235581,                 0.000329991618212897
         401,     3058.032484,           1.00310067291199,                -0.000164929410212429
         402,3058.03158939473,           1.00335661199807,                -0.000494589194215285
         403,3058.03069478947,           1.00295481100251,                -0.000823985221001076
         404,3058.02980018421,           1.00288279383906,                -0.000494193229552755
         405,3058.02890557895,           1.00281083430897,                -0.000493995484881268
         406,3058.02801097368,           1.00290518241747,                -0.000329199140790242
         407,3058.02711636842,           1.00299780511963,                -0.000164533760682354
         408,3058.02622176315,           1.00309200355251,                -0.000657873096279728
         409,3058.02532715789,           1.00302172419122,                  0.00032880567913169
         410,3058.02443255263,           1.00295150072966,                 0.000821687285539619
         411,3058.02353794737,           1.00304725295485,                  0.00180699636136642
         412,3058.02264334211,           1.00297707504429,                   0.0019704854126607
         413,3058.02174873684,           1.00307274123973,                  0.00147727944217928
         414,3058.02085413158,           1.00316833177733,                 0.000820386270671683
         415,3058.01995952631,           1.00326384674681,                 -0.00016401239933739
         416,3058.01906492105,           1.00303303549471,                 -0.00114763505205345
         417,3058.01817031579,           1.00296628918861,                 -0.00180271718645012
         418,3058.01727571052,            1.0030634143145,                 -0.00212964631489278
         419,3058.01638110526,           1.00316046309791,                 -0.00180130021124339
         420,    3058.0154865,           1.00309374539621,                 -0.00163690232603821
         421,3058.01459189473,             1.003192347529,                 -0.00147263596929718
         422,3058.01369728947,           1.00312566958189,                -0.000327123975079696
         423,3058.01280268421,           1.00306068394514,                                    0
         424,3058.01190807895,           1.00299738831705,                 0.000326868954967264
         425,3058.01101347368,           1.00309587407389,                   0.0006534826541198
         426,3058.01011886842,           1.00319592124022,                  0.00032661433216351
         427,3058.00922426315,           1.00313100939956,                                    0
         428,3058.00832965789,           1.00306778499396,                -0.000489540158611011
         429,3058.00743505263,           1.00300624574876,                 0.000163116969547693
         430,3058.00654044737,           1.00294311872753,                 0.000652214676460757
         431,3058.00564584211,           1.00271868459999,                  0.00179289751797787
         432,3058.00475123684,           1.00330906253004,                  0.00260684394291664
         433,3058.00385663157,           1.00292179555249,                  0.00276870258596821
         434,3058.00296202632,           1.00286043145791,                  0.00293043632568869
         435,3058.00206742105,           1.00296348614029,                  0.00244109237256277
         436,3058.00117281579,           1.00274110766778,                  0.00195212415509626
         437,3058.00027821052,           1.00300674362673,                  0.00048784374690016
         438,3057.99938360526,            1.0029470713783,                -0.000812760997875443
         439,     3057.998489,           1.00288744489562,                  -0.0016248986469469
         440,3057.99759439474,            1.0031543486806,                 -0.00227398978004022
         441,3057.99669978947,           1.00293395118957,                 -0.00211075625149174
         442,3057.99580518421,           1.00287602576088,                  -0.0021099511789758
         443,3057.99491057895,           1.00281814450251,                 -0.00243363083118227
         444,3057.99401597368,            1.0029224875851,                 -0.00259488353838319
         445,3057.99312136842,           1.00286625855987,                 -0.00259389914920108
         446,3057.99222676316,           1.00297212939945,                 -0.00210674384911825
         447,3057.99133215789,           1.00275392839786,                  -0.0017819536692046
         448,3057.99043755263,           1.00286138554539,                -0.000647738663358881
         449,3057.98954294737,           1.00264339144046,                 0.000485619982938551
         450, 3057.9886483421,           1.00275080906149,                  0.00177993527508091
         451,3057.98775373684,           1.00269639440146,                  0.00291152364885084
         452,3057.98685913158,           1.00248033036578,                  0.00323380751730895
         453,3057.98596452632,            1.0027493175195,                  0.00420236657890186
         454,3057.98506992105,           1.00269658491819,                  0.00436236026309879
         455,3057.98417531579,           1.00248238347576,                  0.00419921733049294
         456,3057.98328071052,           1.00242979035995,                  0.00403619661120933
         457,3057.98238610526,           1.00253862404317,                  0.00371191055263893
         458,    3057.9814915,           1.00281032107354,                  0.00435583633670938
         459,3057.98059689473,           1.00275928132897,                  0.00483801518814235
         460,3057.97970228947,            1.0027066631631,                  0.00531982634797145
         461,3057.97880768421,           1.00233502161788,                  0.00596244305464015
         462,3057.97791307895,           1.00228421571502,                  0.00628239865202277
         463,3057.97701847368,           1.00255711644864,                  0.00644109936683993
         464,3057.97612386842,           1.00234529805567,                  0.00611676912254947
         465,3057.97522926316,           1.00245706571323,                  0.00547087323182182
         466,3057.97433465789,           1.00224866575948,                  0.00466461423640265
         467,3057.97344005263,           1.00236038666607,                  0.00401973206073976
         468,3057.97254544737,           1.00231290614487,                  0.00321460200816187
         469, 3057.9716508421,           1.00226546056331,                  0.00305274827680393
         470,3057.97075623684,            1.0023786617498,                  0.00289101360543125
         471,3057.96986163158,           1.00249177969585,                  0.00305050349362926
         472,3057.96896702631,           1.00260481449323,                   0.0025679009175431
         473,3057.96807242105,           1.00223806964488,                  0.00112304569993823
         474,3057.96717781579,           1.00235272230981,                -0.000320752871139138
         475,3057.96628321052,           1.00230697334396,                 -0.00160317814034542
         476,3057.96538860526,           1.00242312352161,                  -0.0022436328903761
         477,     3057.964494,           1.00205698027606,                 -0.00240301434118959
         478,3057.96359939473,           1.00217313669943,                 -0.00208185534948746
         479,3057.96270478947,           1.00228920870219,                 -0.00176092977091905
         480,3057.96181018421,           1.00208514363167,                  -0.0012802109787693
         481,3057.96091557895,           1.00236273501375,                 -0.00111977962736933
         482,3057.96002097369,           1.00199888062685,                -0.000959462700887503
         483,3057.95912636842,           1.00211644948016,                -0.000799263398851618
         484,3057.95823176316,           1.00223393341664,                 -0.00111856465783107
         485, 3057.9573371579,            1.0021931961401,                 -0.00159737519308273
         486,3057.95644255263,           1.00215088789994,                 -0.00143711886410125
         487,3057.95554794737,           1.00211020977592,                 -0.00159622524653699
         488,3057.95465334211,           1.00222912607726,                 -0.00159565216697543
         489,3057.95375873684,           1.00202894112243,                 -0.00111655564913355
         490,3057.95286413158,           1.00198835053009,                -0.000797253620727319
         491,3057.95196952632,           1.00210877988833,                -0.000159393793524468
         492,3057.95107492105,           1.00222912328056,                 0.000318673807084437
         493,3057.95018031579,           1.00171226058217,                                    0
         494,3057.94928571052,           1.00167343630831,                                    0
         495,3057.94839110526,           1.00179380619571,                -0.000159166476993282
         496,    3057.9474965,           1.00207479442988,                -0.000477330006873552
         497,3057.94660189474,           1.00171936906631,                -0.000795267838255246
         498,3057.94570728947,           1.00184118726369,                  -0.0017489689033329
         499,3057.94481268421,           1.00228080074384,                 -0.00270199391256666
         500,3057.94391807894,           1.00192727209173,                  -0.0036543493907564
         501,3057.94302347368,           1.00189165021466,                   -0.004129547068101
         502,3057.94212886842,           1.00185605344926,                 -0.00444563700421224
         503,3057.94123426316,           1.00166176496263,                 -0.00476150419091727
         504,3057.94033965789,           1.00178493514736,                 -0.00507714886359129
         505,3057.93944505263,           1.00175100238542,                 -0.00475815865604223
         506,3057.93855044736,           1.00187405464883,                 -0.00332953871619329
         507, 3057.9376558421,           1.00168162056871,                 -0.00174343320035693
         508,3057.93676123684,           1.00149090799624,                -0.000158438681853542
         509,3057.93586663158,            1.0012987424372,                  0.00126706579239127
         510,3057.93497202632,           1.00158328055731,                  0.00284990500316656
         511,3057.93407742105,           1.00139280174733,                  0.00364027729416606
         512,3057.93318281579,           1.00151889120942,                   0.0039554458578571
         513,3057.93228821052,           1.00117040458039,                   0.0036377439660899
         514,3057.93139360526,           1.00113837591702,                  0.00332026309132305
         515,     3057.930499,           1.00142405788535,                   0.0025288486310236
         516,3057.92960439474,           1.00123554710089,                  0.00157998350497221
         517,3057.92870978947,           1.00136305412573,                  0.00126354959511133
         518,3057.92781518421,           1.00164836205862,                 0.000789445430374071
         519,3057.92692057895,           1.00130371511457,                 0.000315669519266889
         520,3057.92602597368,            1.0011170857316,                -0.000157780470564475
         521,3057.92513136842,           1.00140376334758,                -0.000315452437658712
         522,3057.92423676316,           1.00121722787389,                -0.000630688017558354
         523,3057.92334215789,           1.00103082058993,                -0.000157617827206728
         524,3057.92244755263,           1.00131881014018,                  0.00031512787101186
         525,3057.92155294737,           1.00113249569604,                  0.00157509832551297
         526, 3057.9206583421,           1.00110534122293,                  0.00314912029324608
         527,3057.91976373684,           1.00107978102167,                  0.00440726947619602
         528,3057.91886913158,           1.00121001178542,                  0.00534985704867268
         529,3057.91797452631,           1.00149902398281,                  0.00534803939302899
         530,3057.91707992105,           1.00131453981672,                  0.00424552333150933
         531,3057.91618531579,           1.00113175516363,                  0.00298657612625358
         532,3057.91529071053,           1.00142207276927,                 0.000942810675759552
         533,3057.91439610526,           1.00123937537994,                -0.000628327188817033
         534,    3057.9135015,           1.00105837387293,                 -0.00219840270340721
         535,3057.91260689474,           1.00119144607647,                  -0.0032964911206657
         536,3057.91171228947,           1.00132442848714,                 -0.00360922455025924
         537,3057.91081768421,           1.00161419107693,                 -0.00376487714735259
         538,3057.90992307895,           1.00127649031028,                 -0.00344997381156243
         539,3057.90902847368,           1.00109735068192,                 -0.00344881642890735
         540,3057.90813386842,           1.00107504301739,                 -0.00329094801242411
         541,3057.90723926316,           1.00105275031019,                 -0.00313318544698024
         542,3057.90634465789,           1.00103047254527,                 -0.00328874216574634
         543,3057.90545005263,           1.00116633137901,                 -0.00360075459291904
         544,3057.90455544737,           1.00083102623132,                 -0.00422555710840432
         545, 3057.9036608421,           1.00096686076892,                 -0.00453704891564531
         546,3057.90276623684,           1.00094620696127,                 -0.00484833318996864
         547,3057.90187163158,           1.00077078581066,                 -0.00437768817414444
         548,3057.90097702631,           1.00121909286987,                 -0.00359476102653871
         549,3057.90008242105,           1.00088745562722,                 -0.00328108594570271
         550,3057.89918781579,           1.00102460936768,                 -0.00249904723824042
         551,3057.89829321052,           1.00100553355734,                 -0.00187366501367775
         552,3057.89739860526,           1.00098647037155,                 -0.00171695792516561
         553,     3057.896504,           1.00096898166425,                 -0.00171639264198078
         554,3057.89560939474,           1.00079552012978,                 -0.00171582773089582
         555,3057.89471478947,           1.00077810575689,                 -0.00218306224378256
         556,3057.89382018421,           1.00091658456896,                  -0.0026499894000424
         557,3057.89292557894,           1.00105497231672,                 -0.00264911807742593
         558,3057.89203097368,           1.00088171058084,                   -0.002804026582172
         559,3057.89113636842,            1.0008658494045,                 -0.00295883789305826
         560,3057.89024176316,            1.0008499985989,                 -0.00295787058226461
         561,3057.88934715789,            1.0008341581539,                  -0.0031125304249849
         562,3057.88845255263,           1.00081988509163,                 -0.00295594245557919
         563,3057.88755794737,           1.00064853969701,                 -0.00248840171513088
         564, 3057.8866633421,           1.00094528538912,                 -0.00186569484695083
         565,3057.88576873684,            1.0009309901601,                 -0.00186508880154056
         566,3057.88487413158,           1.00076133061947,                 -0.00155373595811128
         567,3057.88397952631,           1.00090242754563,                 -0.00170855473355089
         568,3057.88308492105,            1.0007344412579,                 -0.00155272993213017
         569,3057.88219031579,           1.00087545557839,                 -0.00124178096225607
         570,3057.88129571052,           1.00070758669489,                -0.000775862604043175
         571,3057.88040110526,           1.00085007104608,                -0.000620489814659692
         572,    3057.8795065,           1.00083894308678,                -0.000465217977883537
         573,3057.87861189474,           1.00082627075947,                -0.000310045313122513
         574,3057.87771728948,           1.00081515759197,                 0.000154972926229788
         575,3057.87682268421,           1.00080405155225,                 0.000464769683383399
         576,3057.87592807894,           1.00094782619469,                  0.00123898848979693
         577,3057.87503347368,           1.00078186082877,                 0.000928943558937598
         578,3057.87413886842,           1.00092709963303,                                    0
         579,3057.87324426316,           1.00091597195145,                -0.000464174975398726
         580, 3057.8723496579,           1.00090639955206,                 -0.00123740553182143
         581,3057.87145505263,           1.00120608609599,                 -0.00154626422563088
         582,3057.87056044737,           1.00088727304205,                 -0.00154577185025799
         583, 3057.8696658421,           1.00087926555829,                 -0.00169981039387697
         584,3057.86877123684,           1.00087126314619,                  -0.0020082306561044
         585,3057.86787663158,           1.00086172016641,                  -0.0021620219229023
         586,3057.86698202631,            1.0011624909108,                 -0.00247010020887785
         587,3057.86608742105,           1.00084728629171,                 -0.00246932252593174
         588,3057.86519281579,           1.00099358796339,                 -0.00262282536920124
         589,3057.86429821052,           1.00083287062743,                 -0.00277623542476402
         590,3057.86340360526,           1.00097908459445,                 -0.00262117135522268
         591,     3057.862509,           1.00081847313913,                 -0.00246620908212322
         592,3057.86161439474,           1.00081359442318,                 -0.00246543764600014
         593,3057.86071978947,           1.00111525996032,                 -0.00215658003376588
         594,3057.85982518421,           1.00095629824802,                 -0.00169392604318895
         595,3057.85893057895,           1.00110378504364,                 -0.00153944915430361
         596,3057.85803597368,           1.00094492648349,                 -0.00246234914264081
         597,3057.85714136842,           1.00124771342284,                 -0.00323082390625072
         598,3057.85624676316,           1.00093664784656,                 -0.00384502400063981
         599,3057.85535215789,           1.00108549586866,                 -0.00399757685341501
         600,3057.85445755263,           1.00108208473461,                 -0.00399633566760324
         601,3057.85356294737,           1.00092501820842,                 -0.00368778023288332
         602, 3057.8526683421,           1.00122887864823,                 -0.00337941628264209
         603,3057.85177373684,           1.00122542621184,                 -0.00307124363868661
         604,3057.85087913158,           1.00076143222946,                 -0.00276326212304499
         605,3057.84998452631,           1.00106659709487,                 -0.00245547532630965
         606,3057.84908992105,           1.00106473398527,                 -0.00322181753466522
         607,3057.84819531579,           1.00121624461087,                  -0.0038343146622659
         608,3057.84730071053,           1.00106101121115,                 -0.00475308490542894
         609,3057.84640610526,           1.00090740763449,                 -0.00490490613235889
         610,    3057.8455115,           1.00136528917009,                 -0.00475016434036307
         611,3057.84461689474,           1.00105850256354,                 -0.00413597239008653
         612,3057.84372228947,           1.00075190387881,                 -0.00367529390865976
         613,3057.84282768421,           1.00090476401887,                 -0.00306180717044621
         614,3057.84193307895,           1.00105753058192,                 -0.00306086999107756
         615,3057.84103847368,           1.00090574166779,                  -0.0032129349701962
         616,3057.84014386842,           1.00105841470279,                 -0.00397670264053055
         617,3057.83924926316,           1.00090671812381,                  -0.0039754926170515
         618,3057.83835465789,           1.00090797088379,                 -0.00412714038085863
         619,3057.83746005263,           1.00075641231348,                 -0.00382026420947273
         620,3057.83656544737,           1.00075923880581,                 -0.00336081563940281
         621, 3057.8356708421,           1.00076053524577,                 -0.00305435841674277
         622,3057.83477623684,           1.00076335877863,                 -0.00259541984732824
         623,3057.83388163158,           1.00076618060495,                 -0.00228938427772979
         624,3057.83298702631,            1.0006164212171,                 -0.00213611312855129
         625,3057.83209242105,           1.00046827833732,                 -0.00183040392438601
         626,3057.83119781579,            1.0004711867043,                 -0.00152487606569776
         627,3057.83030321053,           1.00047561845644,                 -0.00152441812959993
         628,3057.82940860526,           1.00048004754757,                 -0.00121916837477236
         629,     3057.828514,           1.00048447398009,                 -0.00167585339025141
         630,3057.82761939474,           1.00064120235341,                 -0.00121843677607721
         631,3057.82672478947,           1.00049331887889,                -0.000761294566183904
         632,3057.82583018421,           1.00019483326534,                -0.000761067442752507
         633,3057.82493557895,           1.00035302997103,                -0.000304336181919996
         634,3057.82404097368,           1.00035748784922,                 0.000304244978056331
         635,3057.82314636842,           1.00021290832776,                                    0
         636,3057.82225176316,           1.00021892616715,                 0.000456096181562768
         637,3057.82135715789,           1.00037692719226,                  0.00106390739750012
         638,3057.82046255263,           1.00008052912191,                  0.00151941739459422
         639,3057.81956794737,           1.00008810010602,                  0.00212655428333602
         640,3057.81867334211,           1.00024751836267,                  0.00288518336858825
         641,3057.81777873684,           1.00010322862712,                  0.00379517011470522
         642,3057.81688413158,            1.0002625480516,                  0.00364228510897262
         643,3057.81598952632,          0.999968139385636,                  0.00379293028138991
         644,3057.81509492105,          0.999975732425726,                   0.0025784297666066
         645,3057.81420031579,          0.999984837227639,                  0.00136464951251687
         646,3057.81330571053,           1.00014551980888,                 -0.00015158313425415
         647,3057.81241110526,           1.00015608496477,                 -0.00181846560902686
         648,    3057.8115165,           1.00001363448373,                 -0.00333287380073354
         649,3057.81062189474,           1.00002271746291,                 -0.00363479406619869
         650,3057.80972728947,           1.00003330920939,                 -0.00393654292800063
         651,3057.80883268421,           1.00004389476759,                 -0.00363267042143518
         652,3057.80793807895,          0.999903157079218,                  -0.0028750242107302
         653,3057.80704347368,          0.999913774455153,                 -0.00211782039975373
         654,3057.80614886842,          0.999925897808541,                 -0.00105860273512701
         655,3057.80525426316,           0.99978531753351,                                    0
         656,3057.80435965789,           1.00009975303567,                 0.000755704815653367
         657,3057.80346505263,          0.999809617633638,                  0.00181316539392529
         658,3057.80257044737,          0.999821757112344,                  0.00256790600859795
         659, 3057.8016758421,           0.99998489905015,                   0.0027181709729542
         660,3057.80078123684,          0.999847524384776,                  0.00271738720201207
         661,3057.79988663158,          0.999710228919154,                   0.0024147590070511
         662,3057.79899202632,          0.999722383159521,                  0.00181054461181924
         663,3057.79809742105,          0.999736038312154,                 0.000905011501187828
         664,3057.79720281579,          0.999598893791298,                 0.000301583615565334
         665,3057.79630821053,          0.999614083538854,                -0.000301497235270353
         666,3057.79541360526,          0.999627758094001,                -0.000904231350605157
         667,     3057.794519,          0.999793592944193,                -0.000451986253591407
         668,3057.79362439474,          0.999808713909812,                 0.000301237937303348
         669,3057.79272978947,          0.999673250345948,                  0.00150575877443282
         670,3057.79183518421,           0.99968839708147,                  0.00301065621768249
         671,3057.79094057895,          0.999703535155162,                  0.00436420329963867
         672,3057.79004597368,          0.999568217822825,                  0.00511518955538471
         673,3057.78915136842,          0.999735288986217,                  0.00586575541905558
         674,3057.78825676316,          0.999451181463466,                  0.00661589468698548
         675,3057.78736215789,          0.999467872421661,                  0.00736560772276454
         676,3057.78646755263,          0.999634829729969,                  0.00751379156441649
         677,3057.78557294737,          0.999651459064468,                   0.0075116580933609
         678, 3057.7846783421,          0.999669580367066,                  0.00690877414316182
         679,3057.78378373684,          0.999536042305735,                  0.00645636920822391
         680,3057.78288913158,          0.999704291673484,                   0.0058541242305204
         681,3057.78199452632,          0.999722382706694,                  0.00405171184825589
         682,3057.78109992105,          0.999440421379204,                  0.00285040048126762
         683,3057.78020531579,          0.999758534167415,                  0.00194972411403786
         684,3057.77931071053,          0.999628156917781,                  0.00074968363350666
         685,3057.77841610526,          0.999946037989256,                                    0
         686,    3057.7775215,          0.999515976521115,                -0.000449557410729137
         687,3057.77662689474,          0.999985018951027,                -0.000749052448652455
         688,3057.77573228947,           1.00000449305598,                 -0.00134791679459396
         689,3057.77483768421,          0.999874229656647,                 -0.00149726599229806
         690,3057.77394307895,           1.00019459038723,                 -0.00254464352537908
         691,3057.77304847368,           1.00021398952798,                 -0.00284321750464268
         692,3057.77215386842,          0.999935671403545,                 -0.00299202774208122
         693,3057.77125926316,          0.999956627666464,                 -0.00224339656221911
         694,3057.77036465789,          0.999977572273349,                  -0.0011961454213796
         695,3057.76947005263,           1.00014798184158,                 0.000149476607658285
         696,3057.76857544737,            1.0000194265579,                  0.00134491554677542
         697, 3057.7676808421,           1.00004183025283,                  0.00268908768218569
         698,3057.76678623684,           1.00006422156739,                  0.00403251702244917
         699,3057.76589163158,          0.999935796268121,                  0.00492726314422099
         700,3057.76499702632,           1.00010747423604,                  0.00567225134641335
         701,3057.76410242105,            1.0002790574127,                  0.00626759964364219
         702,3057.76320781579,           1.00000447562797,                  0.00686262955078122
         703,3057.76231321053,           1.00047428566315,                  0.00700988244277997
         704,3057.76141860526,           1.00019980139145,                  0.00715706476845404
         705,     3057.760524,           1.00022359692927,                  0.00655884325855258
         706,3057.75962939474,           1.00024737941744,                  0.00655704479951835
         707,3057.75873478947,            1.0001221659729,                  0.00581033285758129
         708,3057.75784018421,           1.00029490528774,                  0.00521297225805106
         709,3057.75694557895,           1.00016974743369,                  0.00446703772860066
         710,3057.75605097368,           1.00019500751002,                  0.00327493528281299
         711,3057.75515636842,           1.00066522509759,                  0.00208347905285042
         712,3057.75426176316,           1.00054155706583,                  0.00133901472321078
         713,3057.75336715789,           1.00056669527412,                 0.000594955668365761
         714,3057.75247255263,           1.00059181980128,                 0.000594793770130052
         715,3057.75157794737,            1.0007670763687,                 0.000891949265925754
         716,3057.75068334211,           1.00079213276918,                 0.000891706682004022
         717,3057.74978873684,           1.00067008494181,                  0.00133719833177079
         718,3057.74889413158,            1.0009937153815,                 0.000891224557395604
         719,3057.74799952632,           1.00087167904392,                   0.0010394809723008
         720,3057.74710492105,            1.0008981658118,                 0.000593828635901395
         721,3057.74621031579,           1.00107305532839,                 0.000148417057869295
         722,3057.74531571053,           1.00095109643168,                -0.000296753956843072
         723,3057.74442110526,           1.00097902512831,                 -0.00103835998457294
         724,    3057.7435265,           1.00115375147185,                 -0.00133467393915666
         725,3057.74263189474,           1.00103335344691,                   -0.001334315785104
         726,3057.74173728947,           1.00135767262896,                 -0.00133395782321798
         727,3057.74084268421,           1.00108910671023,                 -0.00192631118816356
         728,3057.73994807895,           1.00111844395559,                 -0.00177765926715997
         729,3057.73905347368,           1.00099818431162,                 -0.00236957700088563
         730,3057.73815886842,           1.00102753010782,                 -0.00251700458687071
         731,3057.73726426316,           1.00090735908181,                 -0.00236831081711164
         732,3057.73636965789,           1.00108469339284,                 -0.00310757997948997
         733,3057.73547505263,           1.00155781444403,                 -0.00340263363843615
         734,3057.73458044737,           1.00129117754505,                 -0.00428913502936578
         735, 3057.7336858421,           1.00132188683821,                 -0.00414013774829737
         736,3057.73279123684,           1.00135109965321,                 -0.00458250429424999
         737,3057.73189663158,           1.00123399318718,                 -0.00472907568737854
         738,3057.73100202632,           1.00111546956837,                 -0.00443232941072181
         739,3057.73010742105,           1.00129389800066,                 -0.00398804178286146
         740,3057.72921281579,           1.00132456589826,                 -0.00295332418787276
         741,3057.72831821053,            1.0010599632113,                 -0.00132864469383597
         742,3057.72742360526,           1.00109215420037,                 0.000295176810909735
         743,     3057.726529,           1.00112285112706,                  0.00191814252979392
         744,3057.72565691111,           1.00130251933496,                  0.00309772435268624
         745,3057.72478482222,           1.00118714929324,                  0.00383427100922437
         746,3057.72391273333,            1.0013652299808,                  0.00368582608208482
         747,3057.72304064444,           1.00124990419366,                  0.00280049288674807
         748,3057.72216855556,           1.00143082597413,                  0.00147355919066235
         749,3057.72129646667,           1.00131554329876,                 0.000294634557392602
         750,3057.72042437778,           1.00134759972606,                -0.000883671951515865
         751,3057.71955228889,           1.00123387350882,                 -0.00191412358170805
         752,    3057.7186802,           1.00126740846617,                 -0.00294403824894493
         753,3057.71780811111,           1.00144661575796,                 -0.00426773723100379
         754,3057.71693602222,           1.00118582774013,                 -0.00514937604274865
         755,3057.71606393333,           1.00122082162766,                 -0.00558930383749835
         756,3057.71519184444,           1.00125432506871,                  -0.0049996544356493
         757,3057.71431975556,             1.001287811074,                 -0.00441031189725737
         758,3057.71344766667,           1.00146972369195,                 -0.00352733686067019
         759,3057.71257557778,           1.00135620216375,                  -0.0029386829117058
         760,3057.71170348889,           1.00109731429755,                 -0.00205654620692087
         761,    3057.7108314,           1.00127913482904,                 -0.00146858189326641
         762,3057.70995931111,           1.00131404115371,                -0.000880921443830246
         763,3057.70908722222,           1.00105683419446,                 -0.00102747768905589
         764,3057.70821513333,           1.00109177995351,                  -0.0013207015566669
         765,3057.70734304444,           1.00098000093892,                 -0.00117365381906953
         766,3057.70647095556,           1.00130975481331,                 -0.00117335257631559
         767,3057.70559886667,           1.00090618227461,                -0.000879788616121833
         768,3057.70472677778,           1.00108919207748,                                    0
         769,3057.70385468889,           1.00127210800607,                                    0
         770,    3057.7029826,           1.00101537420129,                 0.000586074575059303
         771,3057.70211051111,           1.00105173418956,                 0.000585924339590029
         772,3057.70123842222,           1.00094309781272,                  0.00073221879869255
         773,3057.70036633333,           1.00083305150132,                 0.000439218717744875
         774,3057.69949424444,            1.0008708952657,                 0.000439106856653567
         775,3057.69862215556,            1.0010550514429,                                    0
         776,3057.69775006667,           1.00080023056003,                -0.000146294435105983
         777,3057.69687797778,           1.00069179657963,                -0.000438771614986683
         778,3057.69600588889,           1.00058341777538,                -0.000146219993829516
         779,    3057.6951338,           1.00062127690677,                  0.00102327961115375
         780,3057.69426171111,            1.0006605792052,                  0.00219218762787761
         781,3057.69338962222,           1.00055229083811,                  0.00350660849592795
         782,3057.69251753333,           1.00059159064849,                  0.00467429648186154
         783,3057.69164544444,           1.00063087060143,                  0.00598742931912706
         784,3057.69077335556,           1.00052413273552,                  0.00744589679987035
         785,3057.68990126667,           1.00056340988507,                  0.00861170549718733
         786,3057.68902917778,           1.00031081867889,                  0.00919322853052809
         787,3057.68815708889,           1.00035012983982,                  0.00977445802818545
         788,     3057.687285,           1.00024502940353,                  0.00991785680948381
         789,3057.68641291111,           1.00043015142788,                  0.00947791281778348
         790,3057.68554082222,           1.00032508378561,                  0.00830931649311857
         791,3057.68466873333,           1.00036580975852,                  0.00655834228425604
         792,3057.68379664444,           1.00040651531863,                  0.00437113245842689
         793,3057.68292455556,           1.00030153257207,                  0.00174801491056719
         794,3057.68205246667,           1.00034223384037,                 0.000145631421435489
         795,3057.68118037778,           1.00038291472358,                -0.000727974759659133
         796,3057.68030828889,           1.00042503144068,                 -0.00101891098793609
         797,    3057.6794362,           1.00061119357374,                -0.000727611397304927
         798,3057.67856411111,           1.00036226032988,                -0.000581944305020288
         799,3057.67769202222,           1.00040289561222,                -0.000290899359003262
         800,3057.67681993333,           1.00029955183555,                                    0
         801,3057.67594784444,           1.00063239153031,                 0.000145377363290762
         802,3057.67507575556,           1.00052904208501,                  0.00014534123214483
         803,3057.67420366667,           1.00042719767046,                 0.000290610660180237
         804,3057.67333157778,           1.00032395039346,                 0.000145269234736198
         805,3057.67245948889,           1.00036598755642,                 0.000580932629242987
         806,    3057.6715874,           1.00026425910169,                  0.00145197308622687
         807,3057.67071531111,            1.0004529038102,                  0.00203226068678798
         808,3057.66984322222,           1.00005950143602,                  0.00290250907396899
         809,3057.66897113333,           1.00024810331544,                  0.00377233111201067
         810,3057.66809904444,           1.00029155829933,                  0.00449667028817854
         811,3057.66722695556,           1.00019142419602,                  0.00464058657014247
         812,3057.66635486667,            1.0002348717919,                  0.00420449504014568
         813,3057.66548277778,           1.00013335111348,                  0.00405851214944601
         814,3057.66461068889,           1.00046806370883,                  0.00333296139416326
         815,    3057.6637386,            1.0003665354576,                  0.00275263782385146
         816,3057.66286651111,           1.00070102662742,                  0.00202776297188941
         817,3057.66199442222,           1.00045613501596,                  0.00144804766972929
         818,3057.66112233333,           1.00049945349654,                 0.000723845647154201
         819,3057.66025024444,           1.00039946506417,                 0.000434201156711881
         820,3057.65937815555,           1.00044567148802,                -0.000144698535072031
         821,3057.65850606667,           1.00063507126831,                 -0.00101264211347089
         822,3057.65763397778,           1.00039049506096,                 -0.00159090580391363
         823,3057.65676188889,           1.00072440821921,                 -0.00231347934279836
         824,    3057.6558898,           1.00048137595462,                 -0.00245747484340826
         825,3057.65501771111,            1.0003829839508,                 -0.00245687817497308
         826,3057.65414562222,           1.00042768138892,                  -0.0023117912914822
         827,3057.65327353333,           1.00032935031317,                 -0.00245568215961356
         828,3057.65240144444,           1.00051990064121,                  -0.0017330021373693
         829,3057.65152935556,           1.00042159489928,                 -0.00129943633339494
         830,3057.65065726667,           1.00061203043985,                -0.000433040405556774
         831,3057.64978517778,           1.00065806183472,                 0.000288623611720428
         832,3057.64891308889,           1.00070551470111,                 0.000865662209949056
         833,     3057.648041,           1.00060725912656,                  0.00129817865534655
         834,3057.64716891111,           1.00079890863888,                  0.00100945134877121
         835,3057.64629682222,           1.00084485030579,                  0.00100920684991941
         836,3057.64542473333,           1.00060393697723,                   0.0008648262203779
         837,3057.64455264444,            1.0005072426176,                 0.000720515081821693
         838,3057.64368055556,           1.00055466313219,                 0.000864410076140121
         839,3057.64280846667,           1.00060206083407,                  0.00100823584652922
         840,3057.64193637778,            1.0006494357397,                 0.000719995276830984
         841,3057.64106428889,           1.00069678786553,                 0.000575857740103885
         842,    3057.6401922,           1.00060018739664,                 0.000287859662657261
         843,3057.63932011111,           1.00064896848546,                -0.000143895451320888
         844,3057.63844802222,           1.00084014754372,                -0.000575443523095426
         845,3057.63757593333,           1.00088884797823,                 -0.00129443880324818
         846,3057.63670384444,           1.00093608589559,                 -0.00186929595124876
         847,3057.63583175556,           1.00098474012205,                 -0.00258763827692042
         848,3057.63495966667,           1.00103337113258,                 -0.00316191445296724
         849,3057.63408757778,           1.00093828984104,                 -0.00301747115800485
         850,3057.63321548889,           1.00113056357229,                  -0.0028730967529697
         851,    3057.6323434,           1.00117912503465,                 -0.00272879118858963
         852,3057.63147131111,             1.001084076991,                  -0.0022973817027906
         853,3057.63059922222,            1.0009890742466,                 -0.00143552140290636
         854,3057.62972713333,           1.00118258952662,                 -0.00114814517147548
         855,3057.62885504444,             1.001087608438,                 -0.00157832359077226
         856,3057.62798295556,           1.00113755850967,                 -0.00200830001707055
         857,3057.62711086667,           1.00104263322974,                 -0.00258148530059245
         858,3057.62623877778,           1.00094918831495,                 -0.00301102033442399
         859,3057.62536668889,           1.00114248361891,                 -0.00358370018477558
         860,    3057.6244946,           1.00119237339632,                 -0.00401279508375277
         861,3057.62362251111,            1.0010989593557,                 -0.00429840686713481
         862,3057.62275042222,           1.00129208220049,                 -0.00401089818334962
         863,3057.62187833333,           1.00105547623173,                 -0.00329388783309441
         864,3057.62100624445,           1.00124851810065,                 -0.00257721626280733
         865,3057.62013415556,           1.00115517905275,                 -0.00186088323244006
         866,3057.61926206667,           1.00091877302299,                 -0.00114488850217099
         867,3057.61838997778,           1.00125622029354,                -0.000572309928718798
         868,3057.61751788889,           1.00101990167175,                -0.000286087425456345
         869,    3057.6166458,           1.00107114612636,                -0.000286020327464673
         870,3057.61577371111,           1.00112093518021,                -0.000571905704187494
         871,3057.61490162222,           1.00117213185054,                -0.000714714543011521
         872,3057.61402953333,           1.00108039511593,                -0.000857456441212786
         873,3057.61315744444,           1.00113157729302,                 -0.00100013144584717
         874,3057.61228535556,           1.00103989303957,                -0.000999897153435647
         875,3057.61141326667,            1.0010910607281,                 -0.00142808995824265
         876,3057.61054117778,           1.00099942889777,                 -0.00171330668189606
         877,3057.60966908889,           1.00090783996894,                 -0.00199838986873433
         878,     3057.608797,           1.00095900263726,                 -0.00285417451564659
         879,3057.60792491111,           1.00086889402204,                  -0.0031388618201689
         880,3057.60705282222,           1.00106268409754,                 -0.00328076969709937
         881,3057.60618073333,           1.00082855712695,                 -0.00299478479619063
         882,3057.60530864444,           1.00102369322281,                 -0.00299408881322874
         883,3057.60443655556,           1.00078968449681,                 -0.00270830423094138
         884,3057.60356446667,           1.00098473868797,                 -0.00270767511888831
         885,3057.60269237778,            1.0010372261609,                  -0.0028495224200424
         886,3057.60182028889,           1.00080337760457,                 -0.00341862810454165
         887,    3057.6009482,            1.0008558827341,                 -0.00384506386366258
         888,3057.60007611111,           1.00076598677035,                 -0.00469843186277162
         889,3057.59920402222,           1.00081847621081,                 -0.00540906017579446
         890,3057.59833193333,           1.00101325196958,                  -0.0058347374652762
         891,3057.59745984444,           1.00063882672145,                 -0.00597566198241163
         892,3057.59658775555,           1.00069130913467,                 -0.00554754243869966
         893,3057.59571566667,            1.0007437672165,                 -0.00497740967068035
         894,3057.59484357778,            1.0007976239054,                   -0.004407547427343
         895,3057.59397148889,           1.00070788711333,                 -0.00398008818738255
         896,    3057.5930994,           1.00061819189529,                 -0.00270014850816795
         897,3057.59222731111,           1.00038787940787,                 -0.00170496443017958
         898,3057.59135522222,           1.00058239463629,                 -0.00127842725038708
         899,3057.59048313333,           1.00063622626933,                -0.000994103545825333
         900,3057.58961104444,           1.00054663041395,                -0.000993873479906008
         901,3057.58873895555,           1.00074239471267,                 -0.00156144203430346
         902,3057.58786686667,           1.00037040243302,                  -0.0018449163330443
         903,3057.58699477778,           1.00042281378316,                 -0.00283767639705903
         904,3057.58612268889,           1.00033476886763,                 -0.00368813159253522
         905,    3057.5852506,           1.00038858303339,                 -0.00425455875971103
         906,3057.58437851111,            1.0003005864271,                 -0.00411179546511496
         907,3057.58350642222,            1.0003543837267,                 -0.00396909773903182
         908,3057.58263433333,           1.00026643537808,                 -0.00340130269893369
         909,3057.58176224444,           1.00017852740396,                 -0.00311714514844695
         910,3057.58089015556,           1.00009065977652,                 -0.00283311801636409
         911,3057.58001806667,           1.00014445586873,                 -0.00198272761004846
         912,3057.57914597778,           1.00019822728174,                 -0.00127431823974174
         913,3057.57827388889,          0.999970272684419,                -0.000141558645623502
         914,    3057.5774018,           1.00002405945232,                 0.000707630950645572
         915,3057.57652971111,          0.999653340313692,                  0.00127344374562254
         916,3057.57565762222,          0.999567127736927,                  0.00127315371492108
         917,3057.57478553333,          0.999903828203228,                  0.00127286201610029
         918,3057.57391344444,          0.999816184268201,                  0.00113117373414589
         919,3057.57304135556,          0.999588629202238,                 0.000706822676567839
         920,3057.57216926667,          0.999925093950559,                 0.000565328675025051
         921,3057.57129717778,          0.999556317947645,                                    0
         922,3057.57042508889,          0.999752781211372,                                    0
         923,     3057.569553,          0.999382800616352,                                    0
         924,3057.56868091111,          0.999438010273963,                 0.000141203448753032
         925,3057.56780882222,          0.999493194834822,                 0.000282342710405317
         926,3057.56693673333,          0.999546943562717,                  0.00112911261628096
         927,3057.56606464444,          0.999460971211347,                  0.00112885610189055
         928,3057.56519255555,          0.999516112876899,                  0.00126967466702782
         929,3057.56432046667,          0.999289143643759,                   0.0011283434226041
         930,3057.56344837778,          0.999344299281549,                 0.000705054535968357
         931,3057.56257628889,          0.999399429881324,                 0.000704894505488309
         932,    3057.5617042,          0.999313588550601,                 0.000563787638110353
         933,3057.56083211111,          0.999227786170045,                 0.000845489594841386
         934,3057.55996002222,          0.999142022713152,                 0.000986180789479987
         935,3057.55908793333,          0.999056298153443,                  0.00112680817499331
         936,3057.55821584444,          0.999252250641079,                  0.00154900997139964
         937,3057.55734375555,          0.999166539958214,                  0.00154865886142601
         938,3057.55647166666,           0.99908086812217,                  0.00197057370438298
         939,3057.55559957778,          0.998995235106542,                   0.0014072337443394
         940,3057.55472748889,          0.999051737964529,                  0.00112553357325957
         941,    3057.5538554,          0.998825490375351,                 0.000421979505861999
         942,3057.55298331111,          0.998739973224431,                -0.000421883965034257
         943,3057.55211122222,          0.998655898860607,                 -0.00112477082794381
         944,3057.55123913333,          0.998570458676135,                 -0.00182733895872604
         945,3057.55036704445,          0.998485057154662,                 -0.00224852370365582
         946,3057.54949495555,          0.998682099311825,                 -0.00252902051035634
         947,3057.54862286667,          0.998737180414638,                 -0.00224750982934377
         948,3057.54775077778,          0.998511361402129,                 -0.00182568884644552
         949,3057.54687868889,          0.998708264300357,                 -0.00126365448878156
         950,    3057.5460066,          0.998342179255202,                -0.000842245933004951
         951,3057.54513451111,          0.998398688636864,                 -0.00028068560265304
         952,3057.54426242222,          0.998453771702619,                -0.000140311097765967
         953,3057.54339033333,          0.998369950986306,                 0.000140279605309303
         954,3057.54251824445,          0.998565263673121,                                    0
         955,3057.54164615556,          0.998761888603626,                -0.000280432932360979
         956,3057.54077406667,          0.998396285663018,                -0.000981293737663736
         957,3057.53990197778,          0.998592860026012,                  -0.0015416872224963
         958,3057.53902988889,          0.998509102322662,                 -0.00126109765940274
         959,    3057.5381578,          0.998564073827619,                -0.000980632507967639
         960,3057.53728571111,          0.998340301266833,                -0.000140058964824191
         961,3057.53641362222,          0.998396684146777,                 0.000560110341737322
         962,3057.53554153333,          0.998311647949198,                 0.000839976144677491
         963,3057.53466944445,          0.998368011913793,                  0.00111971738333245
         964,3057.53379735556,          0.998564283975114,                  0.00153926669334729
         965,3057.53292526667,          0.998339365433339,                  0.00167882180285875
         966,3057.53205317778,          0.998115944258805,                  0.00153857558672181
         967,3057.53118108889,          0.998172301487749,                  0.00167807055447646
         968,     3057.530309,           0.99808882557143,                  0.00139807931863206
         969,3057.52943691111,          0.998283544954908,                  0.00153754116417026
         970,3057.52856482222,          0.998060336394685,                 0.000838471299127431
         971,3057.52769273333,          0.998256369560236,                                    0
         972,3057.52682064444,          0.998172949596876,                -0.000698413762662242
         973,3057.52594855555,          0.998088173067121,                 -0.00041895403934537
         974,3057.52507646667,           0.99828406836361,                -0.000418860448264452
         975,3057.52420437778,           0.99806110925768,                 0.000139588966329745
         976,3057.52333228889,          0.998117365316259,                 0.000139557797163906
         977,    3057.5224602,          0.998313122899252,                 0.000279053283829281
         978,3057.52158811111,          0.998090306597161,                 0.000557982002290516
         979,3057.52071602222,          0.998145126424278,                  0.00055785671450288
         980,3057.51984393333,          0.998061880394317,                 0.000697165325785357
         981,3057.51897184444,          0.997978671499268,                 0.000836411793406287
         982,3057.51809975555,          0.998034870594138,                  0.00125433791863528
         983,3057.51722766667,          0.998091044630541,                  0.00153273788788719
         984,3057.51635557778,          0.998147193625232,                  0.00139308749982586
         985,3057.51548348889,          0.998064039889135,                 0.000835666234905779
         986,    3057.5146114,          0.997980923205459,                 0.000696233377428114
         987,3057.51373931111,          0.997897843549442,                 0.000556862635909287
         988,3057.51286722222,          0.997952596555741,                 0.000556737850240302
         989,3057.51199513333,          0.997869560316769,                 0.000556613895030969
         990,3057.51112304445,          0.998064806042368,                 0.000278244997502751
         991,3057.51025095555,          0.997981781790414,                  0.00055636615012706
         992,3057.50937886667,          0.998037855073834,                  0.00069530295044854
         993,3057.50850677778,          0.998093903410536,                  0.00055611862566404
         994,3057.50763468889,          0.997871929344162,                 0.000833992419008911
         995,    3057.5067626,          0.998066957480013,                 0.000833806982021732
         996,3057.50589051111,          0.997984025030879,                    0.001111495503306
         997,3057.50501842222,          0.998040035504389,                  0.00138906059221209
         998,3057.50414633333,          0.998234896281061,                  0.00111100155401342
         999,3057.50327424444,          0.998013137451734,                 0.000971910400968578
        1000,3057.50240215556,           0.99806910413928,                 0.000277627010887143
        1001,3057.50153006667,          0.997986263290176,                -0.000693913407933651
        1002,3057.50065797778,          0.998319714837154,                 -0.00180377432840625
        1003,3057.49978588889,          0.997959412987899,                 -0.00277442149843731
        1004,    3057.4989138,           0.99829133797113,                 -0.00332856239390207
        1005,3057.49804171111,          0.998069862117162,                 -0.00374380192791933
        1006,3057.49716962222,          0.998125741662877,                 -0.00304982865508101
        1007,3057.49629753333,          0.997904400758407,                 -0.00235616316845735
        1008,3057.49542544444,          0.997960292210312,                 -0.00138567105277744
        1009,3057.49455335555,          0.998016158884616,                -0.000831218344434716
        1010,3057.49368126667,          0.998210506487606,                  0.00055402275925495
        1011,3057.49280917778,          0.998127817966301,                  0.00124627502243295
        1012,3057.49193708889,          0.998045166077817,                  0.00207666493149775
        1013,     3057.491065,           0.99782413712919,                  0.00235303236665227
        1014,3057.49019291111,          0.997879972101983,                  0.00207574533095684
        1015,3057.48932082222,           0.99793578235509,                  0.00166022866882865
        1016,3057.48844873333,          0.997991567904923,                  0.00152153946596731
        1017,3057.48757664445,          0.998323911095377,                  0.00110632930998241
        1018,3057.48670455555,          0.997964804388944,                 0.000829563428419737
        1019,3057.48583246667,          0.997882316513508,                 0.000967609948136107
        1020,3057.48496037778,          0.997661665690057,                 0.000967395991111013
        1021,3057.48408828889,           0.99785561905183,                 0.000552675502105694
        1022,    3057.4832162,          0.997911348340682,                 0.000414415011769386
        1023,3057.48234411111,                          1,                                    0
