"SCAN INDEX",      WAVENUMBER,"SCIENCE DIRECT ABSORPTION","SCIENCE HARMONIC ABSORPTION SPECTRA"
           0,3058.41469805405,                          1,                                    0
           1,3058.41377927027,                          1,                                    0
           2,3058.41286048648,                          1,                                    0
           3, 3058.4119417027,                          1,                                    0
           4,3058.41102291891,                          1,                                    0
           5,3058.41010413513,                          1,                                    0
           6,3058.40918535135,                          1,                                    0
           7,3058.40826656757,                          1,                                    0
           8,3058.40734778377,                          1,                                    0
           9,     3058.406429,                          1,                                    0
          10,3058.40551021621,                          1,                                    0
          11,3058.40459143243,                          1,                                    0
          12,3058.40367264864,                          1,                                    0
          13,3058.40275386486,                          1,                                    0
          14,3058.40183508107,                          1,                                    0
          15,3058.40091629729,                          1,                                    0
          16,3058.39999751351,                          1,                                    0
          17,3058.39907872973,                          1,                                    0
          18,3058.39815994594,                          1,                                    0
          19,3058.39724116216,                          1,                                    0
          20,3058.39632237837,                          1,                                    0
          21,3058.39540359459,                          1,                                    0
          22,3058.39448481081,                          1,                                    0
          23,3058.39356602702,                          1,                                    0
          24,3058.39264724324,                          1,                                    0
          25,3058.39172845946,                          1,                                    0
          26,3058.39080967567,                          1,                                    0
          27,3058.38989089189,                          1,                                    0
          28,3058.38897210811,                          1,                                    0
          29,3058.38805332432,                          1,                                    0
          30,3058.38713454054,                          1,                                    0
          31,3058.38621575675,                          1,                                    0
          32,3058.38529697297,                          1,                                    0
          33,3058.38437818918,                          1,                                    0
          34, 3058.3834594054,                          1,                                    0
          35,3058.38254062161,                          1,                                    0
          36,3058.38162183783,                          1,                                    0
          37,3058.38070305405,                          1,                                    0
          38,3058.37978427027,                          1,                                    0
          39,3058.37886548648,                          1,                                    0
          40, 3058.3779467027,                          1,                                    0
          41,3058.37702791892,                          1,                                    0
          42,3058.37610913513,                          1,                                    0
          43,3058.37519035135,                          1,                                    0
          44,3058.37427156757,                          1,                                    0
          45,3058.37335278378,                          1,                                    0
          46,     3058.372434,                          1,                                    0
          47,3058.37151521621,                          1,                                    0
          48,3058.37059643243,                          1,                                    0
          49,3058.36967764864,                          1,                                    0
          50,3058.36875886486,                          1,                                    0
          51,3058.36784008107,                          1,                                    0
          52,3058.36692129729,                          1,                                    0
          53, 3058.3660025135,                          1,                                    0
          54,3058.36508372972,                          1,                                    0
          55,3058.36416494595,                          1,                                    0
          56,3058.36324616216,                          1,                                    0
          57,3058.36232737837,                          1,                                    0
          58,3058.36140859459,                          1,                                    0
          59,3058.36048981081,                          1,                                    0
          60,3058.35957102702,                          1,                                    0
          61,3058.35865224324,                          1,                                    0
          62,3058.35773345945,                          1,                                    0
          63,3058.35681467567,                          1,                                    0
          64,3058.35589589189,                          1,                                    0
          65, 3058.3549771081,                          1,                                    0
          66,3058.35405832432,                          1,                                    0
          67,3058.35313954054,                          1,                                    0
          68,3058.35222075675,                          1,                                    0
          69,3058.35130197297,                          1,                                    0
          70,3058.35038318919,                          1,                                    0
          71,3058.34946440541,                          1,                                    0
          72,3058.34854562161,                          1,                                    0
          73,3058.34762683784,                          1,                                    0
          74,3058.34670805405,                          1,                                    0
          75,3058.34578927026,                          1,                                    0
          76,3058.34487048648,                          1,                                    0
          77, 3058.3439517027,                          1,                                    0
          78,3058.34303291892,          0.995987221443042,                 -0.00116877045348294
          79,3058.34211413513,          0.996635697430825,                 0.000389386871432243
          80,3058.34119535134,          0.996503190328023,                   0.0011675491392244
          81,3058.34027656756,          0.995789289430436,                  0.00194490095591882
          82,3058.33935778379,          0.994685421259093,                   0.0023326607494839
          83,     3058.338439,          0.993776993722593,                  0.00233144162750169
          84,3058.33752021621,          0.993065628938329,                  0.00213604261210825
          85,3058.33660143243,          0.992158993866936,                  0.00155267448179489
          86,3058.33568264865,          0.992031161495069,                 0.000969917052693654
          87,3058.33476386486,          0.991707656603532,                 0.000387764479610374
          88,3058.33384508108,          0.991580191649953,                 0.000193781550058619
          89,3058.33292629729,          0.991644619359537,                                    0
          90,3058.33200751351,           0.99190255970483,                -0.000193579734524752
          91,3058.33108872973,          0.992162151180901,                 0.000386958717309244
          92,3058.33016994594,          0.992226175742574,                  0.00116027227722772
          93,3058.32925116215,          0.992098773067794,                  0.00251262108900864
          94,3058.32833237837,            0.9923559422552,                  0.00309084973254491
          95,3058.32741359459,          0.992228604527683,                  0.00289617222570836
          96,3058.32649481081,          0.992485439815976,                  0.00347360255039618
          97,3058.32557602703,          0.992549130796219,                  0.00347180030204663
          98,3058.32465724323,          0.992229112969921,                  0.00327722846716313
          99,3058.32373845945,          0.992485549132948,                  0.00289017341040462
         100,3058.32281967568,          0.992358473851653,                  0.00211836662378579
         101,3058.32190089189,          0.992229619834583,                 0.000769916290851277
         102, 3058.3209821081,           0.99248756745318,                -0.000577139504237166
         103,3058.32006332432,          0.992358779712118,                 -0.00269192461072847
         104,3058.31914454054,          0.992808575898159,                 -0.00365144462680314
         105,3058.31822575675,          0.992295591141947,                 -0.00441788590713604
         106,3058.31730697297,          0.992360989788415,                  -0.0046075960059822
         107,3058.31638818918,          0.992616300935627,                 -0.00364579735506996
         108, 3058.3154694054,          0.992873252834589,                 -0.00210963990364699
         109,3058.31455062162,          0.992744663925549,                -0.000383373108293319
         110,3058.31363183784,          0.992618109293366,                  0.00172429318348587
         111,3058.31271305405,           0.99287276292458,                  0.00306383109099195
         112,3058.31179427027,          0.993129055101533,                  0.00459338934716454
         113,3058.31087548648,           0.99261801327189,                  0.00535619664128212
         114, 3058.3099567027,          0.993065367562286,                  0.00573584155311294
         115,3058.30903791892,          0.993128172200819,                  0.00573289304714731
         116,3058.30811913513,          0.993192809284061,                  0.00592095713227036
         117,3058.30720035134,          0.993255484095122,                    0.005727016052826
         118,3058.30628156757,          0.993319989849285,                  0.00629649628602121
         119,3058.30536278378,          0.993384429666895,                  0.00667468900716862
         120,3058.30444399999,          0.993637517678857,                  0.00743369713974207
         121,3058.30352521621,          0.993511219151619,                  0.00723939143389483
         122,3058.30260643244,          0.993763983434093,                  0.00685485790450802
         123,3058.30168764865,          0.993828065080323,                  0.00609009921152247
         124,3058.30076886486,          0.993701862810556,                  0.00532612024477327
         125,3058.29985008107,          0.994144264040458,                  0.00494315373208107
         126,3058.29893129729,           0.99382800504705,                  0.00532068530426719
         127,3058.29801251351,          0.994271779015263,                  0.00550790479301674
         128,3058.29709372972,          0.994525270319524,                  0.00569493378690317
         129,3058.29617494595,          0.994397147914916,                  0.00550229293828135
         130,3058.29525616216,          0.994650317358876,                   0.0049305830793767
         131,3058.29433737837,          0.994903229597281,                  0.00341174664369424
         132,3058.29341859459,          0.994966439774409,                  0.00227334296978159
         133,3058.29249981081,          0.994838352968799,                 0.000757395015583402
         134,3058.29158102702,          0.995280037244935,                                    0
         135,3058.29066224323,          0.995342960152233,                 -0.00056747033075954
         136,3058.28974345946,          0.995405819295559,                 0.000567182803017412
         137,3058.28882467568,           0.99565757996062,                  0.00113379113299748
         138,3058.28790589188,           0.99572021621785,                  0.00188869540253765
         139,3058.28698710811,           0.99559401510947,                  0.00264283583836416
         140,3058.28606832432,          0.995843419754228,                  0.00301885083669338
         141,3058.28514954054,          0.995717284181107,                  0.00282874228460542
         142,3058.28423075676,          0.996156738712894,                  0.00207336312693318
         143,3058.28331197297,          0.996407357099662,                 0.000188392391208104
         144,3058.28239318918,          0.996281127900956,                -0.000564891964411806
         145, 3058.2814744054,          0.996719633080703,                 -0.00150561878108868
         146,3058.28055562162,          0.996407140572976,                 -0.00188107823404375
         147,3058.27963683783,          0.996281102057239,                 -0.00206814344642944
         148,3058.27871805405,          0.996343108846069,                  -0.0028187752985083
         149,3058.27779927028,          0.996780700732888,                 -0.00244170889570898
         150,3058.27688048648,           0.99703012303776,                 -0.00262820970109747
         151, 3058.2759617027,          0.997091659630359,                  -0.0035650623885918
         152,3058.27504291892,          0.997153134365306,                 -0.00318818944596769
         153,3058.27412413513,          0.997403863276381,                  -0.0031865938123846
         154,3058.27320535135,          0.997277767057047,                 -0.00262293607717427
         155,3058.27228656756,          0.997339055954728,                 -0.00205984408852835
         156,3058.27136778378,          0.997214985176534,                 -0.00187164974695295
         157,     3058.270449,          0.997650386488974,                -0.000561213418238688
         158,3058.26953021622,          0.997524419248201,                -0.000560932194516327
         159,3058.26861143243,          0.997774210367956,                -0.000186884100087649
         160,3058.26769264865,          0.997648307023885,                -0.000186790546156878
         161,3058.26677386486,          0.997711089454209,                -0.000746789737615426
         162,3058.26585508108,          0.997958551504589,                 -0.00130622847055574
         163, 3058.2649362973,          0.998207627932655,                 -0.00111906684745813
         164,3058.26401751351,          0.998081759189007,                 -0.00167776164226766
         165,3058.26309872972,           0.99833052603336,                -0.000931626097455543
         166,3058.26217994594,          0.998579045483581,                 -0.00148986056767412
         167,3058.26126116216,            0.9984531793586,                  -0.0011168380082311
         168,3058.26034237837,          0.998515343312905,                 -0.00148837763117258
         169,3058.25942359459,          0.998391490706907,                 -0.00223145797885694
         170,3058.25850481081,          0.998639486127219,                 -0.00260207571296875
         171,3058.25758602702,          0.998885379899684,                 -0.00315809028422813
         172,3058.25666724324,          0.998761528277819,                 -0.00389923630671764
         173,3058.25574845945,          0.998823385309761,                  -0.0038973041790236
         174,3058.25482967567,          0.998699687071625,                 -0.00370987996683367
         175,3058.25391089189,          0.998946915649427,                 -0.00296643479034722
         176,3058.25299210811,          0.998823278697638,                 -0.00240903573711861
         177,3058.25207332431,          0.998884982830217,                  -0.0018521879896722
         178,3058.25115454054,          0.999316880457783,                  -0.0012958907304936
         179,3058.25023575675,          0.999195092841877,                 -0.00166532515473646
         180,3058.24931697297,          0.998886632562853,                 -0.00203439232701192
         181,3058.24839818919,          0.999317890673957,                 -0.00240309518660034
         182, 3058.2474794054,          0.999009674153234,                 -0.00221714741813183
         183,3058.24656062161,          0.999442291995228,                 -0.00203138677234802
         184,3058.24564183784,          0.999134317393576,                 -0.00129206359167837
         185,3058.24472305406,          0.999195625382816,                -0.000368979182194541
         186,3058.24380427027,          0.999258715623398,                 0.000737596394628823
         187,3058.24288548648,          0.999137435307648,                  0.00110585216968196
         188, 3058.2419667027,          0.999198651523944,                  0.00165796236425433
         189,3058.24104791892,          0.999261647465204,                  0.00128889469914436
         190,3058.24012913513,          0.999138705260523,                 0.000552112012485093
         191,3058.23921035135,          0.999569563345928,                -0.000367894576130264
         192,3058.23829156756,          0.999264570693142,                 -0.00147085861371576
         193,3058.23737278378,          0.999327411120871,                  -0.0025727443463943
         194,     3058.236454,          0.999390190143122,                 -0.00367355335468892
         195,3058.23553521621,          0.999452907849855,                 -0.00422252330649277
         196,3058.23461643243,          0.999515564330855,                 -0.00422046226906731
         197,3058.23369764865,          0.999394750839095,                 -0.00385158556939273
         198,3058.23277886486,          0.999274055171807,                 -0.00384970742223591
         199,3058.23186008108,           0.99970316731469,                 -0.00348137100054603
         200,3058.23094129729,          0.999582438995802,                 -0.00366281582629462
         201,3058.23002251351,          0.999463657780715,                 -0.00384409099146429
         202,3058.22910372973,          0.999526126182169,                 -0.00420814587263223
         203,3058.22818494595,          0.999771407671559,                 -0.00438897270607598
         204,3058.22726616215,          0.999469922681826,                 -0.00475241733535616
         205,3058.22634737838,          0.999349600625553,                 -0.00493280424440401
         206,3058.22542859459,          0.999413828176786,                 -0.00456520111536994
         207,3058.22450981081,          0.999295473875952,                 -0.00474551275265292
         208,3058.22359102702,          0.999540273500781,                 -0.00474320991257899
         209,3058.22267224324,          0.999239629697839,                 -0.00510560394736122
         210,3058.22175345945,          0.999486041094842,                 -0.00583215778902898
         211,3058.22083467567,          0.999550047636657,                  -0.0063758432052639
         212,3058.21991589189,          0.999249834308063,                 -0.00655484585187505
         213, 3058.2189971081,          0.999313893029189,                 -0.00655168460190326
         214,3058.21807832432,          0.999377889992033,                 -0.00545710533304714
         215,3058.21715954054,          0.999260009418062,                 -0.00381813322375897
         216,3058.21624075675,          0.999325786748711,                 -0.00145382911329145
         217,3058.21532197297,          0.999026403359635,                 0.000726564656988826
         218,3058.21440318918,          0.999271969368247,                  0.00308641414957489
         219, 3058.2134844054,          0.999337646194188,                  0.00471813669893751
         220,3058.21256562162,          0.998857308689895,                  0.00580414633703952
         221,3058.21164683784,          0.999104413753594,                  0.00562007563534049
         222,3058.21072805405,          0.999170076360223,                    0.005073768976802
         223,3058.20980927027,          0.998871628242258,                  0.00434685749371064
         224,3058.20889048649,          0.998756306719745,                   0.0028965200122378
         225, 3058.2079717027,          0.998822041396831,                  0.00217135226390615
         226,3058.20705291892,          0.998887713301321,                  0.00144687700641147
         227,3058.20613413513,          0.998953322523089,                  0.00108463987244635
         228,3058.20521535135,          0.998657494990451,                  0.00162618372623739
         229,3058.20429656756,          0.998905556378295,                   0.0021672150924859
         230,3058.20337778379,          0.998971063414986,                  0.00288824304565229
         231,3058.20245899999,          0.998856078840345,                  0.00360858409985674
         232,3058.20154021621,          0.998923348548324,                  0.00450859066866006
         233,3058.20062143243,          0.998628238106139,                  0.00522747633665669
         234,3058.19970264865,          0.998695551904062,                  0.00648620600190262
         235,3058.19878386486,          0.998762801938457,                  0.00756365627144162
         236,3058.19786508108,          0.999008191867173,                  0.00900007380060516
         237,3058.19694629729,          0.998715397597038,                    0.010075312964409
         238,3058.19602751351,          0.998602711494991,                   0.0109697038359795
         239,3058.19510872973,          0.998669878132078,                   0.0115037566955459
         240,3058.19418994594,           0.99891843723163,                   0.0111390185446693
         241,3058.19327116216,          0.998805814694764,                   0.0102358740448762
         242,3058.19235237838,          0.998872790453899,                  0.00915409026291983
         243,3058.19143359459,          0.998760295734951,                  0.00753510551838835
         244,3058.19051481081,          0.999187666882452,                  0.00627630444021641
         245,3058.18959602702,          0.998897681546472,                  0.00573564073380354
         246,3058.18867724324,          0.998606179390804,                  0.00555378391839162
         247,3058.18775845946,          0.998853950290094,                  0.00573024854953084
         248,3058.18683967568,          0.999280475101217,                  0.00626452026303826
         249,3058.18592089189,          0.998812088077229,                  0.00733499831831746
         250, 3058.1850021081,          0.999059414261855,                  0.00804683616283935
         251,3058.18408332433,          0.998770304278197,                  0.00875800732097918
         252,3058.18316454054,          0.999017418490397,                  0.00875390799464046
         253,3058.18224575675,          0.999087517923755,                  0.00803555644442699
         254,3058.18132697297,          0.998798799870777,                  0.00678240786188162
         255,3058.18040818918,          0.999045554693284,                  0.00553043074919496
         256, 3058.1794894054,          0.999115542906868,                  0.00427963109579954
         257,3058.17857062162,          0.999007230994355,                  0.00392117021978159
         258,3058.17765183783,          0.998899019806954,                  0.00338489056114359
         259,3058.17673305405,          0.999147047877503,                   0.0037394560694043
         260,3058.17581427027,          0.999216858892211,                  0.00391570553894347
         261,3058.17489548649,          0.999464509047306,                  0.00462550324585795
         262, 3058.1739767027,          0.999356286520071,                  0.00551246350215697
         263,3058.17305791892,          0.999425903313587,                  0.00675407866368776
         264,3058.17213913513,          0.999674888031793,                  0.00799455659524271
         265,3058.17122035135,          0.999211569332178,                    0.009589021635674
         266,3058.17030156756,          0.999637915243768,                   0.0104720591263108
         267,3058.16938278378,           0.99970904652417,                   0.0101124073916376
         268,3058.16846399999,          0.999601010772709,                  0.00957574145498072
         269,3058.16754521622,          0.999849340198694,                  0.00815335395304732
         270,3058.16662643243,          0.999565945309109,                  0.00637794647839914
         271,3058.16570764864,          0.999638748795829,                  0.00460418201394005
         272,3058.16478886486,           1.00006372087425,                   0.0028320388555731
         273,3058.16387008108,          0.999957538958006,                  0.00194613109139032
         274,3058.16295129729,          0.999853222820138,                 0.000884199878687777
         275,3058.16203251352,          0.999923993756882,                 0.000530276114772962
         276,3058.16111372972,           1.00017314426451,                 0.000530033462779283
         277,3058.16019494594,           1.00006887283426,                  0.00105958206551396
         278,3058.15927616216,           1.00014121301984,                  0.00141213019840429
         279,3058.15835737837,           1.00021348709109,                  0.00176435612469763
         280,3058.15743859459,           1.00063840518625,                  0.00229261530973233
         281,3058.15651981081,           1.00088842509025,                  0.00211529783393502
         282,3058.15560102702,           1.00043167622521,                  0.00158574939873669
         283,3058.15468224324,           1.00050544809647,                 0.000880571596634808
         284,3058.15376345946,           1.00057739159825,                 0.000176034023856131
         285,3058.15284467567,           1.00082698432249,                -0.000351908222335615
         286,3058.15192589189,           1.00072460199652,                 -0.00052762281300344
         287,3058.15100710811,           1.00079810704479,                 -0.00105476701954483
         288,3058.15008832433,           1.00104726025472,                 -0.00140571846270629
         289,3058.14916954053,           1.00129618766268,                  -0.0017563518464527
         290,3058.14825075676,           1.00101998002173,                 -0.00140444753422902
         291,3058.14733197297,           1.00109321836115,                 -0.00122833523725295
         292,3058.14641318919,           1.00116814643575,                -0.000701589450901016
         293, 3058.1454944054,           1.00141832532421,                -0.000525955002796327
         294,3058.14457562162,           1.00114080634506,                -0.000175239069901113
         295,3058.14365683783,           1.00139077186087,                -0.000350320367976514
         296,3058.14273805406,           1.00146718444154,                -0.000175081675601668
         297,3058.14181927027,           1.00154177582475,                 0.000175002931299099
         298,3058.14090048648,           1.00144137588424,                 0.000874621288981871
         299, 3058.1399817027,           1.00116797101753,                  0.00104907576425169
         300,3058.13906291892,           1.00159213127131,                  0.00122337199771404
         301,3058.13814413513,           1.00166828254243,                  0.00122282490020875
         302,3058.13722535135,            1.0017443657336,                 0.000523833553634445
         303,3058.13630656756,           1.00164584776868,                -0.000174533167410469
         304,3058.13538778378,           1.00172187302102,                 -0.00122118653973305
         305,     3058.134469,             1.001623453055,                 -0.00174377342105676
         306,3058.13355021621,           1.00187546625207,                 -0.00244019772573572
         307,3058.13263143243,           1.00177706540298,                 -0.00261333147496428
         308,3058.13171264865,           1.00185464139246,                 -0.00296046043867058
         309,3058.13079386486,           1.00175808108061,                 -0.00278507893958119
         310,3058.12987508108,           1.00183559665591,                 -0.00278384326962392
         311, 3058.1289562973,           1.00173913043478,                 -0.00243478260869565
         312,3058.12803751351,           1.00181658568809,                 -0.00243370331418241
         313,3058.12711872972,           1.00189571318607,                 -0.00173759228787039
         314,3058.12619994595,           1.00197303061671,                  -0.0013894581807824
         315,3058.12528116215,           1.00205201920773,                 -0.00121523980153398
         316,3058.12436237837,           1.00213093816809,                 -0.00121470416747647
         317,3058.12344359459,           1.00203633487475,                 -0.00138762172044279
         318,3058.12252481081,           1.00194181490343,                 -0.00260064495995007
         319,3058.12160602703,           1.00202067815761,                 -0.00415920032441763
         320,3058.12068724324,           1.00209947201397,                 -0.00519671290586328
         321,3058.11976845946,           1.00235307969478,                 -0.00623332369476799
         322,3058.11884967567,            1.0022585865229,                 -0.00674979880407411
         323,3058.11793089189,            1.0023389061116,                 -0.00743882860938884
         324,3058.11701210811,           1.00224623509211,                 -0.00708973354706286
         325,3058.11609332432,             1.002326489835,                 -0.00622240966271083
         326,3058.11517454054,           1.00223390525685,                 -0.00518307484187303
         327,3058.11425575675,           1.00214313221969,                 -0.00397196140635065
         328,3058.11333697297,           1.00205070842655,                 -0.00293451542519402
         329,3058.11241818918,           1.00213263763795,                  -0.0024156089750226
         330, 3058.1114994054,            1.0018678307121,                 -0.00189715030776952
         331,3058.11058062162,           1.00229455461333,                 -0.00241350597946106
         332,3058.10966183784,              1.00220395264,                  -0.0024124579327648
         333,3058.10874305405,           1.00211515539847,                 -0.00275590279930827
         334,3058.10782427026,           1.00185254052863,                 -0.00241036871754611
         335,3058.10690548649,           1.00193606677279,                 -0.00206513789097793
         336, 3058.1059867027,           1.00201779721224,                 -0.00120414155888166
         337,3058.10506791892,           1.00192923391187,                -0.000171945981450468
         338,3058.10414913513,           1.00184074702361,                 0.000859359021293198
         339,3058.10323035135,           1.00209593183068,                  0.00171797691039032
         340,3058.10231156757,           1.00200744937158,                  0.00188896005879817
         341,3058.10139278378,            1.0019207629497,                  0.00137319960657831
         342,     3058.100474,           1.00200400801603,                 0.000514728086309606
         343,3058.09955521621,           1.00174589508851,                  -0.0012005172514329
         344,3058.09863643243,           1.00217371925422,                 -0.00222857652246062
         345,3058.09771764865,           1.00191575476968,                 -0.00359846602534006
         346,3058.09679886487,           1.00217185765768,                 -0.00513846448978473
         347,3058.09588008108,           1.00174462103715,                 -0.00616352868865791
         348,3058.09496129729,           1.00165830667892,                 -0.00633202756656758
         349,3058.09404251351,            1.0015737794656,                 -0.00513188956173663
         350,3058.09312372973,           1.00200229468785,                 -0.00341980305354215
         351,3058.09220494595,           1.00174677564359,                 -0.00136733905564728
         352,3058.09128616216,           1.00149147399659,                 0.000341689346297027
         353,3058.09036737838,           1.00140716149569,                   0.0018784922879353
         354,3058.08944859459,           1.00183672912001,                  0.00307259518217075
         355,3058.08852981081,           1.00141108701476,                  0.00392442579678641
         356,3058.08761102703,           1.00132862374024,                   0.0042638759314437
         357,3058.08669224324,           1.00141671312326,                   0.0044325561016692
         358,3058.08577345945,            1.0015047280498,                  0.00426027194167858
         359,3058.08485467567,           1.00125199083577,                  0.00374745556284227
         360,3058.08393589189,           1.00117143869017,                  0.00238374152069088
         361, 3058.0830171081,           1.00125944584383,                  0.00136156307440942
         362,3058.08209832432,           1.00151920613399,                                    0
         363,3058.08117954054,           1.00160869580005,                 -0.00102031446091685
         364,3058.08026075675,           1.00118816728171,                 -0.00135984810496668
         365,3058.07934197297,           1.00127772076364,                 -0.00101945805609738
         366,3058.07842318918,           1.00119906113174,                 -0.00050951606164465
         367,3058.07750440541,           1.00145830256298,                  0.00084883734748515
         368,3058.07658562162,           1.00104024015463,                  0.00186666259394828
         369,3058.07566683784,           1.00096177822107,                  0.00305326419386192
         370,3058.07474805405,           1.00105293677801,                  0.00389976584449429
         371,3058.07382927027,            1.0013135036651,                  0.00389813990932588
         372,3058.07291048648,           1.00140443965568,                  0.00389651532939955
         373, 3058.0719917027,           1.00115830900433,                  0.00321752501202338
         374,3058.07107291892,           1.00108165569494,                  0.00270837106714898
         375,3058.07015413513,           1.00134347197829,                    0.002368842279097
         376,3058.06923535135,           1.00092853965575,                  0.00236786068860771
         377,3058.06831656757,           1.00102113961886,                  0.00304313131449748
         378,3058.06739778378,            1.0011136629032,                  0.00371784277242915
         379,     3058.066479,           1.00103887767427,                  0.00405415677762105
         380,3058.06556021622,           1.00130186127326,                  0.00472790086267305
         381,3058.06464143243,           1.00122706013607,                  0.00506352188200981
         382,3058.06372264865,           1.00098360600421,                  0.00556758115593108
         383,3058.06280386486,           1.00124628769852,                  0.00522799981786323
         384,3058.06188508108,           1.00100302593538,                  0.00556300098616836
         385,3058.06096629729,           1.00126717083889,                  0.00556072309621062
         386,3058.06004751351,           1.00102578614128,                  0.00589532265100869
         387,3058.05912872973,           1.00078459896217,                  0.00639801728811619
         388,3058.05820994594,           1.00088020909594,                  0.00706860077047748
         389,3058.05729116216,            1.0011439722755,                  0.00773863598129269
         390,3058.05637237837,           1.00157736663853,                  0.00790364946810121
         391,3058.05545359459,           1.00133634782024,                  0.00756423294475589
         392,3058.05453481081,           1.00143325934601,                  0.00604892572759335
         393,3058.05361602702,           1.00136213467162,                  0.00453485032474567
         394,3058.05269724324,           1.00162684615139,                  0.00318989441449488
         395,3058.05177845946,           1.00155738145105,                  0.00251731915579185
         396,3058.05085967567,            1.0013185397424,                  0.00218079092254166
         397,3058.04994089189,           1.00141694125144,                  0.00184453890719454
         398,3058.04902210811,           1.00168288087751,                  0.00117332332097433
         399,3058.04810332432,           1.00127840599695,                  0.00117284953848371
         400,3058.04718454054,           1.00154418685666,                 0.000167482305494425
         401,3058.04626575676,           1.00164401541557,                 -0.00117190508238493
         402,3058.04534697297,           1.00174208739221,                 -0.00234286488865535
         403,3058.04442818919,           1.00200903648216,                 -0.00301104551864423
         404, 3058.0435094054,           1.00194134496245,                 -0.00384590302639126
         405,3058.04259062162,           1.00187370775173,                 -0.00384436023995494
         406,3058.04167183784,           1.00180779859587,                 -0.00451114252202941
         407,3058.04075305405,           1.00190728140584,                 -0.00384128479285454
         408,3058.03983427027,           1.00217530304826,                  -0.0036728063746563
         409,3058.03891548649,           1.00210935257561,                 -0.00317070402979794
         410, 3058.0379967027,           1.00221026731724,                 -0.00250218941573877
         411,3058.03707791892,           1.00181086317811,                 -0.00216769993696996
         412,3058.03615913513,           1.00258020641651,                 -0.00183348001173427
         413,3058.03524035135,           1.00234758601845,                 -0.00116629539596562
         414,3058.03432156756,           1.00211681980717,                -0.000499642755429868
         415,3058.03340278378,           1.00238568125101,                  0.00083240797313653
         416,     3058.032484,           1.00248791406296,                  0.00149774090746457
         417,3058.03156521622,           1.00242538368638,                  0.00199620056492476
         418,3058.03064643243,           1.00252752003725,                  0.00216169476869866
         419,3058.02972764865,           1.00213258601403,                  0.00199462448700751
         420,3058.02880886486,           1.00273488254627,                  0.00132922602491634
         421,3058.02789008108,           1.00250626566416,                  0.00132870280406118
         422, 3058.0269712973,           1.00244385119071,                 0.000664089997476458
         423,3058.02605251351,           1.00221719186676,                -0.000497872425169775
         424,3058.02513372973,           1.00248838752488,                  -0.0013271400132714
         425,3058.02421494594,           1.00226022615528,                 -0.00182410034541827
         426,3058.02329616216,            1.0025328541686,                 -0.00232067790316806
         427,3058.02237737838,           1.00247221246446,                 -0.00198837463629314
         428,3058.02145859459,           1.00290851751736,                 -0.00182196427624954
         429,3058.02053981081,            1.0025182994773,                 -0.00115898069303734
         430,3058.01962102702,           1.00279040207609,                -0.000993025649852536
         431,3058.01870224324,           1.00273141323751,                -0.000165439929588766
         432,3058.01778345946,           1.00283784588314,                                    0
         433,3058.01686467567,           1.00278054215613,                 0.000661246648306051
         434,3058.01594589189,           1.00272162577067,                  0.00115673226440256
         435, 3058.0150271081,           1.00282959495331,                  0.00132146874643823
         436,3058.01410832433,             1.002772360932,                 0.000990718617749384
         437,3058.01318954054,            1.0027151711218,                  0.00165055995246387
         438,3058.01227075676,           1.00298966486715,                  0.00214490305038212
         439,3058.01135197297,            1.0027675063745,                  0.00263886185888026
         440,3058.01043318919,           1.00254717214432,                  0.00280271368631039
         441, 3058.0095144054,           1.00282141373923,                  0.00263683527030858
         442,3058.00859562162,           1.00276596691054,                   0.0019768673571425
         443,3058.00767683784,           1.00287523836813,                 0.000494027211018783
         444,3058.00675805406,            1.0029860770454,                 -0.00115228992931524
         445,3058.00583927027,             1.003096831096,                 -0.00246825007651575
         446,3058.00492048648,           1.00320750061683,                 -0.00361871864462538
         447, 3058.0040017027,           1.00298923677452,                 -0.00427503609117008
         448,3058.00308291892,           1.00293550115546,                 -0.00394468240375797
         449,3058.00216413514,           1.00337635238932,                 -0.00345028711317763
         450,3058.00124535135,           1.00299403656239,                 -0.00344897245256431
         451,3058.00032656757,           1.00310618149819,                 -0.00344766445359444
         452,3057.99940778378,           1.00321824140585,                 -0.00393869422439726
         453,     3057.998489,           1.00333186234864,                 -0.00442935910454764
         454,3057.99757021622,           1.00311577566415,                 -0.00508363397835356
         455,3057.99665143243,           1.00322934937626,                   -0.005901349113978
         456,3057.99573264865,           1.00350670206142,                 -0.00573526038082129
         457,3057.99481386486,           1.00312863437567,                 -0.00507788825369785
         458,3057.99389508108,             1.002914592612,                  -0.0042572701074142
         459,3057.99297629729,            1.0031933925745,                 -0.00392831480205385
         460,3057.99205751351,           1.00330672356216,                 -0.00343598193000741
         461,3057.99113872973,           1.00358516735142,                  -0.0031075811896475
         462,3057.99021994594,           1.00320941996642,                 -0.00326991336364543
         463,3057.98930116216,           1.00348933179705,                 -0.00326869489184706
         464,3057.98838237837,           1.00344064800505,                 -0.00392096638751564
         465,3057.98746359459,           1.00339363929436,                 -0.00391950640349359
         466,3057.98654481081,           1.00318341359889,                 -0.00391804750632601
         467,3057.98562602703,           1.00329972681787,                 -0.00375339845751643
         468,3057.98470724324,           1.00341595351432,                 -0.00358887188706146
         469,3057.98378845946,           1.00337066009168,                 -0.00326140308822258
         470,3057.98286967567,           1.00299774557796,                 -0.00309718140191471
         471,3057.98195089189,           1.00327853893184,                 -0.00277013726844911
         472,3057.98103210811,           1.00307045763664,                 -0.00325777998582866
         473,3057.98011332432,           1.00318818774811,                 -0.00309374704872814
         474,3057.97919454054,            1.0031446950362,                 -0.00309260899005157
         475,3057.97827575676,           1.00310123431078,                  -0.0034168898492338
         476,3057.97735697297,           1.00305780553658,                 -0.00357828307472106
         477,3057.97643818919,           1.00333958760808,                 -0.00341437876191374
         478,3057.97551940541,           1.00313357344394,                 -0.00308806511591621
         479,3057.97460062162,           1.00309018063422,                 -0.00308693123292033
         480,3057.97368183784,           1.00304844873425,                 -0.00308580319396872
         481,3057.97276305405,           1.00300674732283,                 -0.00292232461181788
         482,3057.97184427027,           1.00280278428299,                 -0.00275896542042576
         483,3057.97092548648,           1.00308566867511,                 -0.00275795833211659
         484, 3057.9700067027,           1.00304562600751,                 -0.00324347817625709
         485,3057.96908791892,           1.00332821591091,                 -0.00324229509100312
         486,3057.96816913513,           1.00312605842764,                 -0.00372728583906876
         487,3057.96725035135,            1.0027620505593,                 -0.00437392170680145
         488,3057.96633156756,           1.00256186864189,                 -0.00453428078209866
         489,3057.96541278378,            1.0026839683881,                 -0.00437075672368076
         490,     3057.964494,           1.00264578090992,                   -0.004369179484275
         491,3057.96357521621,           1.00293114715912,                 -0.00388231411803529
         492,3057.96265643243,           1.00256948857637,                  -0.0032340951244399
         493,3057.96173764865,           1.00285467659392,                 -0.00193975759495922
         494,3057.96081886486,           1.00249492612175,                 -0.00129270783510219
         495,3057.95990008108,           1.00245849472926,                 -0.00129224427293491
         496, 3057.9589812973,           1.00242208945584,                -0.000807363151945745
         497,3057.95806251351,            1.0023857102734,                -0.000807073840799842
         498,3057.95714372973,           1.00251071410131,                -0.000806784736923633
         499,3057.95622494594,           1.00263724565096,                -0.000483898284580581
         500,3057.95530616216,           1.00227834507979,                -0.000161241690006401
         501,3057.95438737838,           1.00240486905391,                 0.000322368505886449
         502,3057.95346859459,            1.0025313029201,                -0.000161126856785616
         503,3057.95254981081,           1.00233712223101,                -0.000483209282772462
         504,3057.95163102703,           1.00230247798155,                -0.000644049785048384
         505,3057.95071224324,           1.00210851615188,                -0.000482866294323102
         506,3057.94979345946,           1.00223648855207,                                    0
         507,3057.94887467568,           1.00220352886301,                 0.000482524568542615
         508,3057.94795589189,           1.00201141894271,                  0.00112549421254797
         509,3057.94703710811,           1.00213929012857,                  0.00128582426961163
         510,3057.94611832432,           1.00210800979453,                  0.00144604330417682
         511,3057.94519954054,           1.00207675146601,                  0.00144553466311815
         512,3057.94428075676,           1.00220607360643,                 0.000642233946559713
         513,3057.94336197297,           1.00201590898877,                -0.000321004616046379
         514,3057.94244318919,           1.00198471592249,                  -0.0016044591127662
         515, 3057.9415244054,           1.00195515180094,                 -0.00240584717096431
         516,3057.94060562162,           1.00192560834633,                 -0.00224467251029744
         517,3057.93968683784,           1.00189608553702,                 -0.00192333275099092
         518,3057.93876805405,           1.00202841056568,                  -0.0011215540252574
         519,3057.93784927027,           1.00183870637077,                 0.000160166060171185
         520,3057.93693048648,           1.00213106958559,                 0.000800552060701059
         521, 3057.9360117027,           1.00194306530556,                 0.000960328816586799
         522,3057.93509291892,           1.00191679386626,                 0.000639997952006554
         523,3057.93417413513,           1.00204888207172,                                    0
         524,3057.93325535135,           1.00186270355832,                 -0.00111922102216857
         525,3057.93233656757,           1.00199632063243,                 -0.00175816869149094
         526,3057.93141778378,           1.00197006712289,                 -0.00239667533197948
         527,     3057.930499,           1.00194383172838,                 -0.00255557170534897
         528,3057.92958021621,           1.00207728257589,                  -0.0027143584773407
         529,3057.92866143243,           1.00189301436201,                  -0.0030326536996779
         530,3057.92774264865,           1.00186843117201,                 -0.00303161334484283
         531,3057.92682386486,           1.00184386484279,                 -0.00334958146182115
         532,3057.92590508108,           1.00181931535703,                 -0.00350788237113714
         533, 3057.9249862973,           1.00211516912586,                 -0.00350668581529648
         534,3057.92406751351,            1.0016141188393,                 -0.00302746870155054
         535,3057.92314872973,           1.00206753084571,                 -0.00207071656350251
         536,3057.92222994595,           1.00188689760595,                 -0.00127385492384736
         537,3057.92131116216,           1.00186396998547,                -0.000159177624719648
         538,3057.92039237838,            1.0016819345589,                 0.000636493683595807
         539,3057.91947359459,            1.0016606856532,                  0.00127255605609427
         540,3057.91855481081,            1.0017984667713,                  0.00174917192610862
         541,3057.91763602702,            1.0017771927984,                   0.0019075414651826
         542,3057.91671724324,           1.00159702524253,                  0.00206580379631175
         543,3057.91579845946,           1.00205398827972,                  0.00190625362386757
         544,3057.91487967567,           1.00171663869123,                  0.00142920890111304
         545,3057.91396089189,           1.00153667379971,                  0.00158747293358648
         546,3057.91304210811,            1.0015187028976,                  0.00111085896375902
         547,3057.91212332432,           1.00165779600384,                 0.000634563063670471
         548,3057.91120454054,           1.00163820815235,                                    0
         549,3057.91028575676,           1.00162022137741,                -0.000634137525405135
         550,3057.90936697297,           1.00160224663187,                 -0.00126785094510364
         551,3057.90844818919,           1.00158428390368,                  -0.0020595690747782
         552, 3057.9075294054,           1.00156633318076,                 -0.00253400716807278
         553,3057.90661062162,           1.00139165733882,                 -0.00253316466678594
         554,3057.90569183784,           1.00137536778031,                 -0.00269059289588513
         555,3057.90477305405,            1.0018337417984,                 -0.00205682859181604
         556,3057.90385427027,           1.00150098615898,                 -0.00158165032558272
         557,3057.90293548649,           1.00148467652551,                 -0.00126490012822925
         558, 3057.9020167027,           1.00146837771923,                -0.000474180103086754
         559,3057.90109791892,           1.00145367210214,                -0.000790039185943623
         560,3057.90017913513,            1.0014389761945,                -0.000315911348957256
         561,3057.89926035135,            1.0014242899867,                                    0
         562,3057.89834156757,           1.00140961346915,                 0.000473554356936861
         563,3057.89742278378,           1.00139652682988,                 0.000788998208974066
         564,     3057.896504,           1.00138186911996,                  0.00141972854790164
         565,3057.89558521621,           1.00152649606076,                  0.00205004636258697
         566,3057.89466643243,           1.00135573982407,                   0.0025223066494309
         567,3057.89374764865,           1.00134426606697,                   0.0028366693089716
         568,3057.89282886486,           1.00133122228261,                  0.00330836306921568
         569,3057.89191008108,           1.00147725375692,                  0.00314979479086937
         570, 3057.8909912973,            1.0014657516346,                  0.00283389145251106
         571,3057.89007251351,           1.00113948276296,                  0.00267558107325426
         572,3057.88915372973,           1.00128543400311,                  0.00220270208611621
         573,3057.88823494595,           1.00127400556788,                  0.00157284638009406
         574,3057.88731616216,           1.00126415889408,                 0.000943402159762011
         575,3057.88639737838,           1.00141150137849,                 0.000157182781569376
         576,3057.88547859459,           1.00124448467021,                -0.000628527611217961
         577,3057.88455981081,           1.00123465710776,                 -0.00141372951270314
         578,3057.88364102703,           1.00138186614742,                 -0.00157030244024999
         579,3057.88272224324,           1.00121659275539,                 -0.00125583768297947
         580,3057.88180345946,           1.00120678372521,                -0.000470786888899002
         581,3057.88088467567,           1.00104167320327,                 0.000470635483405393
         582,3057.87996589189,           1.00119189511323,                  0.00141145473935136
         583,3057.87904710811,           1.00102689524885,                  0.00219489060821987
         584,3057.87812832432,           1.00133218399812,                  0.00266436799623854
         585,3057.87720954054,           1.00116881366979,                  0.00250683897006521
         586,3057.87629075676,           1.00131880248975,                  0.00234941061119134
         587,3057.87537197297,           1.00115554080249,                  0.00250523751217389
         588,3057.87445318919,            1.0009923833793,                  0.00203485550960608
         589,3057.87353440541,           1.00130032907245,                  0.00109534338232648
         590,3057.87261562162,           1.00129365701351,                 0.000469283076244421
         591,3057.87169683784,           1.00113217696989,                 -0.00015637803451576
         592,3057.87077805405,           1.00112712782505,                -0.000468985225402116
         593,3057.86985927027,           1.00112364642801,                 -0.00125023246509898
         594,3057.86894048649,           1.00111860318333,                 -0.00171852444366677
         595, 3057.8680217027,           1.00126974309958,                 -0.00187415955657385
         596,3057.86710291892,           1.00126622002876,                 -0.00218582988935017
         597,3057.86618413513,           1.00141878066026,                 -0.00218514073086714
         598,3057.86526535135,           1.00125918054964,                 -0.00234048429300991
         599,3057.86434656757,           1.00110124256349,                   -0.002183767123074
         600,3057.86342778378,           1.00094184276839,                 -0.00249494773084504
         601,     3057.862509,           1.00125175955616,                 -0.00265005136423085
         602,3057.86159021621,           1.00140564564639,                  -0.0023375481924519
         603,3057.86067143243,           1.00109207211726,                 -0.00218102847955831
         604,3057.85975264865,            1.0009344338888,                 -0.00218034574053886
         605,3057.85883386486,           1.00077689432213,                 -0.00217966342882854
         606,3057.85791508108,            1.0007766524877,                 -0.00186770137322743
         607, 3057.8569962973,           1.00062081745633,                 -0.00233390021176255
         608,3057.85607751351,           1.00093171421416,                 -0.00233317415900737
         609,3057.85515872973,           1.00077592788691,                 -0.00186595884627765
         610,3057.85423994595,           1.00093113488087,                  -0.0021762751806697
         611,3057.85332116216,            1.0009324009324,                 -0.00186480186480186
         612,3057.85240237838,           1.00062140748796,                 -0.00186422246388069
         613,3057.85148359459,           1.00062276847766,                -0.000931823158600961
         614,3057.85056481081,           1.00062412862639,                                    0
         615,3057.84964602703,           1.00062548793491,                 0.000310415848591566
         616,3057.84872724324,           1.00062839897905,                  0.00124128193391725
         617,3057.84780845946,           1.00031953143662,                  0.00217157287022991
         618,3057.84688967567,           1.00032253462595,                  0.00217090613622126
         619,3057.84597089189,           1.00048055310112,                  0.00232525694089197
         620,3057.84505210811,           1.00017356591165,                  0.00201460433170925
         621,3057.84413332432,           1.00048645516711,                  0.00216890838840811
         622,3057.84321454054,           1.00018120346981,                  0.00294262044997313
         623,3057.84229575676,           1.00018424446609,                  0.00356102749577709
         624,3057.84137697297,           1.00018883168905,                  0.00371472175186278
         625,3057.84045818919,           1.00019341611543,                  0.00371358941627016
         626,3057.83953940541,           1.00004331200733,                  0.00355777203034315
         627,3057.83862062162,           1.00035876214688,                  0.00293813827187985
         628,3057.83770183784,          0.999899515354827,                  0.00278265171249024
         629,3057.83678305405,           1.00021481745925,                  0.00293635375953735
         630,3057.83586427027,           1.00037543047043,                  0.00339895899155977
         631,3057.83494548649,           1.00022704350741,                  0.00370683277396197
         632, 3057.8340267027,          0.999924341734489,                  0.00339690171682501
         633,3057.83310791892,           1.00008489685033,                  0.00324151610338893
         634,3057.83218913513,           1.00009258687735,                  0.00385778655638541
         635,3057.83127035135,          0.999944464670274,                  0.00401088492462622
         636,3057.83035156757,          0.999952192291855,                  0.00431811557436335
         637,3057.82943278378,          0.999959915267041,                  0.00431681739554073
         638,     3057.828514,            1.0001217593142,                  0.00339076571196062
         639,3057.82759521621,            1.0001309676972,                  0.00231119465651795
         640,3057.82667643243,          0.999984596663637,                  0.00138630027263905
         641,3057.82575764865,          0.999993840506064,                                    0
         642,3057.82483886486,           1.00000307882721,                -0.000923648163941391
         643,3057.82392008108,            1.0001662070324,                 -0.00153895400374274
         644, 3057.8230012973,           1.00017538839298,                 -0.00169234414279692
         645,3057.82208251351,            1.0003383678366,                 -0.00153803562090498
         646,3057.82116372973,           1.00004151463852,                 -0.00123006336363902
         647,3057.82024494594,           1.00005226218401,                  -0.0010759861412985
         648,3057.81932616216,           1.00006146659291,                 -0.00107566537586822
         649,3057.81840737838,           1.00022582275525,                 -0.00107534645358421
         650,3057.81748859459,           1.00023804221794,                 -0.00138218062029195
         651,3057.81656981081,           1.00009518867316,                -0.000767650590016243
         652,3057.81565102703,           1.00026092428591,                -0.000613939496262643
         653,3057.81473224324,           1.00027158777579,                -0.000460318264047763
         654,3057.81381345946,           1.00028377932706,                                    0
         655,3057.81289467567,           1.00014261463226,                 0.000613396267790409
         656,3057.81197589189,           1.00015483696894,                 0.000919823577837771
         657,3057.81105710811,           1.00016858495916,                  0.00107281337645021
         658,3057.81013832432,           1.00018079248394,                  0.00122571175549502
         659,3057.80921954054,            1.0001945248157,                  0.00168486060841848
         660,3057.80830075676,           1.00035984166967,                  0.00199061349176575
         661,3057.80738197297,            1.0000673549114,                   0.0022961901612844
         662,3057.80646318919,           1.00023567364403,                  0.00321373150956621
         663, 3057.8055444054,           1.00024937388795,                  0.00413073311333355
         664,3057.80462562162,           1.00026306612748,                  0.00428247184274763
         665,3057.80370683784,            1.0002782798027,                  0.00382252476231541
         666,3057.80278805405,           1.00029348464097,                  0.00275141850909802
         667,3057.80186927027,              1.00030868065,                  0.00183374643565537
         668,3057.80095048649,           1.00032386783748,                 0.000305535695735333
         669, 3057.8000317027,           1.00033904621108,                -0.000610894074022035
         670,3057.79911291892,           1.00035421577848,                 -0.00152679214862405
         671,3057.79819413513,           1.00052353863272,                 -0.00213689237846806
         672,3057.79727535135,           1.00054017267215,                  -0.0019836849542074
         673,3057.79635656757,            1.0005552708013,                 -0.00183056308120378
         674,3057.79543778378,           1.00057188608029,                 -0.00167753250219223
         675,     3057.794519,           1.00059001727363,                 -0.00228688865748964
         676,3057.79360021622,           1.00045419767048,                 -0.00274347586198487
         677,3057.79268143243,           1.00077557059292,                 -0.00304742865588588
         678,3057.79176264865,           1.00033664443189,                  -0.0033512115391353
         679,3057.79084386486,           1.00050710634157,                 -0.00380710466644433
         680,3057.78992508108,           1.00067747067465,                 -0.00380601502614732
         681, 3057.7890062973,           1.00054334343414,                 -0.00395712304978517
         682,3057.78808751351,           1.00056144643208,                 -0.00365168411106597
         683,3057.78716872973,            1.0005795390763,                 -0.00304219987557403
         684,3057.78624994595,           1.00059914295186,                 -0.00182480086860521
         685,3057.78533116216,            1.0007707591902,                -0.000304047017830837
         686,3057.78441237838,           1.00048481643087,                 0.000455940217118731
         687,3057.78349359459,           1.00065636737125,                 0.000911621348956497
         688,3057.78257481081,           1.00037365915602,                  0.00151893965860312
         689,3057.78165602703,           1.00054514449366,                  0.00151850833888854
         690,3057.78073724324,           1.00056472474223,                  0.00136626953765439
         691,3057.77981845946,           1.00073757728626,                 0.000910589242298691
         692,3057.77889967567,           1.00060688818085,                 0.000151722045213169
         693,3057.77798089189,           1.00047475530384,                -0.000606716043240652
         694,3057.77706210811,            1.0003442142438,                 -0.00151636230747885
         695,3057.77614332432,           1.00036685676517,                 -0.00212231186463289
         696,3057.77522454054,           1.00023641951734,                 -0.00181861167184971
         697,3057.77430575676,           1.00071208884445,                 -0.00196960744208597
         698,3057.77338697297,           1.00058314336996,                 -0.00181758972455942
         699,3057.77246818919,           1.00030284675954,                 -0.00121138703815869
         700,3057.77154940541,           1.00047685006472,                 -0.00136242875632962
         701,3057.77063062162,            1.0003480787566,                 -0.00105937012878914
         702,3057.76971183784,            1.0000680833037,                -0.000907777382726509
         703,3057.76879305405,           1.00024200623166,                -0.000605015579151163
         704,3057.76787427027,           1.00011492097671,                 0.000604847245828066
         705,3057.76695548649,           1.00043990331197,                  0.00151169523014804
         706, 3057.7660367027,           1.00031283389729,                  0.00256916727243601
         707,3057.76511791892,           1.00033692060609,                  0.00347496589245434
         708,3057.76419913513,           1.00036099392654,                  0.00392713058162314
         709,3057.76328035135,           1.00038505386979,                  0.00453004552695755
         710,3057.76236156757,           1.00025814087246,                  0.00452878723606605
         711,3057.76144278378,           1.00028372561922,                  0.00377294706404351
         712,     3057.760524,           1.00030778701139,                   0.0028666437335168
         713,3057.75960521622,           1.00033334389174,                   0.0019608464219832
         714,3057.75868643243,           1.00020809394989,                 0.000753963586574623
         715,3057.75776764865,           1.00038441534948,                -0.000452253352327974
         716,3057.75684886486,           1.00025922040969,                 -0.00165780494568428
         717,3057.75593008108,             1.000134094508,                 -0.00286269174384634
         718, 3057.7550112973,            1.0004624239147,                 -0.00331378701085868
         719,3057.75409251351,           1.00018672561574,                 -0.00421638487161108
         720,3057.75317372973,            1.0003643162747,                 -0.00481740528529577
         721,3057.75225494595,           1.00024080428632,                 -0.00496658840527361
         722,3057.75133616216,           1.00026782140826,                  -0.0057175356819365
         723,3057.75041737838,           1.00029482373752,                 -0.00646807179258849
         724,3057.74949859459,            1.0000210530748,                 -0.00631592244047243
         725,3057.74857981081,           1.00019844610685,                 -0.00601351838933923
         726,3057.74766102703,           1.00022694856384,                 -0.00541069423715975
         727,3057.74674224324,          0.999953420652081,                 -0.00390665498676996
         728,3057.74582345946,          0.999981974187036,                 -0.00300430216069411
         729,3057.74490467568,          0.999860337922159,                 -0.00180209132698497
         730,3057.74398589189,           1.00003903470185,                -0.000750667343268165
         731,3057.74306710811,          0.999767356342542,                                    0
         732,3057.74214832432,           0.99979592939157,                 0.000450155753890846
         733,3057.74122954054,          0.999825986774995,                 0.000900068405198795
         734,3057.74031075676,          0.999554587078226,                 0.000749853403659584
         735,3057.73939197297,          0.999584693325257,                 0.000449790622465242
         736,3057.73847318919,           1.00006445259512,                   0.0002997795121688
         737,3057.73755440541,          0.999943057341257,                 0.000599396407817328
         738,3057.73663562162,          0.999823225740729,                 0.000449426082892147
         739,3057.73571683784,          0.999704955990517,                 0.000449305598197985
         740,3057.73479805405,          0.999435524804717,                  0.00044918450553021
         741,3057.73387927027,          0.999465614461042,                 0.000748439130193981
         742,3057.73296048649,          0.999497183629736,                 0.000897886375472139
         743, 3057.7320417027,          0.999528735890128,                  0.00104725357749302
         744,3057.73112291892,          0.999708343616091,                  0.00149567376363868
         745,3057.73020413513,          0.999590295077261,                  0.00224291016098114
         746,3057.72928535135,          0.999472309713836,                  0.00343820866338891
         747,3057.72836656757,          0.999653282162563,                  0.00463286765541029
         748,3057.72744778378,          0.999387428844631,                  0.00567748875707818
         749,     3057.726529,          0.999418959833545,                  0.00672154434202802
         750,3057.72565691111,          0.999451966425104,                  0.00701841362946061
         751,3057.72478482222,          0.999483463363221,                  0.00641938594841202
         752,3057.72391273333,          0.999367186847038,                  0.00507444509450408
         753,3057.72304064444,             0.999400180841,                  0.00328259241243685
         754,3057.72216855556,          0.999433157313762,                  0.00193919866344461
         755,3057.72129646667,          0.999615245810206,                 0.000745647654639867
         756,3057.72042437778,            0.9996481477064,                 0.000447269864745593
         757,3057.71955228889,          0.999533471552943,                 0.000298101244125542
         758,    3057.7186802,          0.999417366646252,                                    0
         759,3057.71780811111,          0.999749727381612,                 0.000148971796659456
         760,3057.71693602222,          0.999486182784889,                -0.000297865052238084
         761,3057.71606393333,          0.999667968488274,                -0.000893358327514096
         762,3057.71519184444,          0.999851146174457,                 -0.00104197677880322
         763,3057.71431975556,          0.999587783510447,                -0.000744073085834783
         764,3057.71344766667,          0.999772373254304,                 -0.00104142955547323
         765,3057.71257557778,          0.999657906087784,                 -0.00118989186857644
         766,3057.71170348889,          0.999692196512453,                 -0.00104088135885574
         767,    3057.7108314,          0.999876613501456,                -0.000297316863961182
         768,3057.70995931111,          0.999615075372403,                 0.000297239094669165
         769,3057.70908722222,          0.999649350109058,                  0.00104006323584474
         770,3057.70821513333,          0.999685091769012,                  0.00193104103907833
         771,3057.70734304444,          0.999423809156088,                  0.00222754192233898
         772,3057.70647095556,          0.999608055062325,                  0.00207849588160887
         773,3057.70559886667,          0.999793688653915,                  0.00207795600373438
         774,3057.70472677778,          0.999977742000104,                  0.00148386665974196
         775,3057.70385468889,            1.0000133513131,                  0.00133513131016435
         776,    3057.7029826,           1.00005042520311,                 0.000889856525466211
         777,3057.70211051111,          0.999939208915235,                 0.000296541876902502
         778,3057.70123842222,           1.00012303277267,                -0.000444696768685046
         779,3057.70036633333,            1.0001600493189,                 -0.00118555051037949
         780,3057.69949424444,          0.999900735887829,                 -0.00207417547820856
         781,3057.69862215556,           1.00023402484218,                 -0.00251798880828033
         782,3057.69775006667,           1.00012438621327,                 -0.00236926120512471
         783,3057.69687797778,           1.00030940456646,                 -0.00207256647386864
         784,3057.69600588889,           1.00019832283998,                  -0.0011840169551228
         785,    3057.6951338,           1.00023674242424,                 0.000147964015151515
         786,3057.69426171111,           1.00027514223078,                  0.00103548151369646
         787,3057.69338962222,           1.00016415528794,                   0.0017746517615637
         788,3057.69251753333,          0.999906854751073,                  0.00221774402207099
         789,3057.69164544444,           1.00024093286842,                  0.00236498521145185
         790,3057.69077335556,          0.999983744907353,                  0.00221660354272356
         791,3057.68990126667,            1.0003191093304,                  0.00192056541445802
         792,3057.68902917778,           1.00035742875795,                  0.00118158267090855
         793,3057.68815708889,           1.00024806860869,                 0.000442979658374087
         794,     3057.687285,           1.00058310759442,                 0.000885733054819495
         795,3057.68641291111,           1.00032616122991,                 0.000737921334634043
         796,3057.68554082222,           1.00051346215135,                  0.00103282616650338
         797,3057.68466873333,           1.00055315853524,                 0.000737544713648265
         798,3057.68379664444,           1.00059283466402,                 -0.00029494261891349
         799,3057.68292455556,           1.00063249055319,                  -0.0013269032584321
         800,3057.68205246667,           1.00067212621823,                 -0.00280052590928654
         801,3057.68118037778,           1.00071174167461,                 -0.00427339721816577
         802,3057.68030828889,           1.00090013244175,                 -0.00471427792730878
         803,    3057.6794362,           1.00079238602455,                 -0.00530221131668635
         804,3057.67856411111,           1.00083341431882,                 -0.00485912942070343
         805,3057.67769202222,           1.00072573961405,                 -0.00456347424654832
         806,3057.67681993333,           1.00091393553002,                 -0.00426797590506844
         807,3057.67594784444,            1.0011020361921,                 -0.00426689580387581
         808,3057.67507575556,           1.00084875033648,                 -0.00426581624922958
         809,3057.67420366667,           1.00103677232921,                 -0.00441179714556725
         810,3057.67333157778,            1.0010776765118,                 -0.00411663606143785
         811,3057.67245948889,           1.00097157446508,                 -0.00455655195424634
         812,    3057.6715874,           1.00101394542329,                 -0.00396761252589969
         813,3057.67071531111,           1.00090791294613,                  -0.0030851410790942
         814,3057.66984322222,           1.00109715312997,                 -0.00249686789953191
         815,3057.66897113333,           1.00099115304137,                 -0.00146837487610587
         816,3057.66809904444,           1.00118027704214,                -0.000587202508529116
         817,3057.66722695556,           1.00107577854519,                                    0
         818,3057.66635486667,           1.00082460552456,                 0.000293453923332228
         819,3057.66548277778,            1.0008669388258,                                    0
         820,3057.66461068889,           1.00105590426468,                 -0.00029330674018889
         821,    3057.6637386,           1.00109815834886,                 0.000146616601984309
         822,3057.66286651111,           1.00099381139864,                 0.000732899261530704
         823,3057.66199442222,           1.00089098348164,                  0.00102580335056683
         824,3057.66112233333,           1.00107975381027,                  0.00117205298265508
         825,3057.66025024444,           1.00112342599523,                 0.000585880571174969
         826,3057.65937815555,           1.00101917692677,                 0.000292866932980331
         827,3057.65850606667,           1.00091644536317,                -0.000439191068610429
         828,3057.65763397778,           1.00110648611623,                -0.000878163584312486
         829,3057.65676188889,           1.00085745975353,                 -0.00160956609024691
         830,    3057.6558898,           1.00133999625503,                 -0.00190174140998034
         831,3057.65501771111,           1.00109103566487,                 -0.00204752001450814
         832,3057.65414562222,           1.00098841391734,                 -0.00160836584181868
         833,3057.65327353333,           1.00103348521327,                 -0.00116943164160428
         834,3057.65240144444,           1.00107707124307,                 -0.00029228527627535
         835,3057.65152935556,           1.00082842294279,                -0.000146106339115735
         836,3057.65065726667,           1.00116564076646,                 0.000292140542972413
         837,3057.64978517778,           1.00077252103258,                                    0
         838,3057.64891308889,           1.00110812464139,                -0.000145997976468046
         839,     3057.648041,           1.00100713753996,                -0.000583847849250485
         840,3057.64716891111,           1.00076027428245,                 -0.00131333369328405
         841,3057.64629682222,           1.00095120271706,                 -0.00131300988550554
         842,3057.64542473333,           1.00099618300013,                 -0.00189610234285323
         843,3057.64455264444,            1.0008953230308,                 -0.00291636166384266
         844,3057.64368055556,           1.00108753648204,                 -0.00364455925616003
         845,3057.64280846667,           1.00098670355024,                 -0.00480963325817674
         846,3057.64193637778,           1.00103163085101,                 -0.00611984403140354
         847,3057.64106428889,           1.00107799434781,                  -0.0067010459458672
         848,    3057.6401922,            1.0009772380718,                 -0.00728195284498616
         849,3057.63932011111,           1.00102359212402,                 -0.00742577501066545
         850,3057.63844802222,            1.0012154913278,                 -0.00742395900810085
         851,3057.63757593333,           1.00111477528401,                 -0.00771319713476556
         852,3057.63670384444,           1.00101556521005,                 -0.00785680821531146
         853,3057.63583175556,           1.00120732541056,                 -0.00785488821330385
         854,3057.63495966667,           1.00081729049296,                 -0.00727126773098636
         855,3057.63408757778,           1.00071822577878,                 -0.00610637301797309
         856,3057.63321548889,           1.00076601843386,                  -0.0047966998704891
         857,    3057.6323434,           1.00081233351886,                 -0.00290638110503516
         858,3057.63147131111,           1.00071334240871,                -0.000871701517777626
         859,3057.63059922222,           1.00047060463981,                -0.000145248345621343
         860,3057.62972713333,           1.00066217087494,                 0.000580851644681432
         861,3057.62885504444,           1.00070991897632,                                    0
         862,3057.62798295556,           1.00061104910309,                -0.000870853828636286
         863,3057.62711086667,           1.00051367924939,                 -0.00130596419336396
         864,3057.62623877778,           1.00041635657531,                 -0.00174086372953941
         865,3057.62536668889,           1.00017404420723,                 -0.00159540523292916
         866,    3057.6244946,           1.00051185606549,                -0.000435005154811084
         867,3057.62362251111,           1.00026963790239,                 0.000869799685132514
         868,3057.62275042222,           1.00017246851725,                  0.00289863054200043
         869,3057.62187833333,           1.00022024261463,                  0.00420199725276318
         870,3057.62100624445,           1.00026799359713,                   0.0049252877309634
         871,3057.62013415556,          0.999881242378512,                  0.00564822833904432
         872,3057.61926206667,          0.999929052239271,                  0.00579165393709395
         873,3057.61838997778,          0.999978286516651,                   0.0049217228925255
         874,3057.61751788889,            1.0001707714528,                  0.00448636867530558
         875,    3057.6166458,          0.999930550330754,                  0.00332779665136845
         876,3057.61577371111,          0.999833650361991,                  0.00260373346448435
         877,3057.61490162222,            0.9997382429886,                  0.00202463986718362
         878,3057.61402953333,           1.00007662868486,                  0.00115665939417073
         879,3057.61315744444,          0.999981208794862,                  0.00115638185463413
         880,3057.61228535556,          0.999739876875054,                 0.000867077083152692
         881,3057.61141326667,          0.999789061845333,                  0.00101134731689557
         882,3057.61054117778,          0.999838223228833,                 0.000722217728423023
         883,3057.60966908889,           1.00003176996237,                 0.000433226759550484
         884,     3057.608797,          0.999649169918703,                 0.000577498076209534
         885,3057.60792491111,          0.999698329554033,                  0.00101037948410024
         886,3057.60705282222,          0.999891770987409,                  0.00144305350120856
         887,3057.60618073333,            1.0000851197664,                  0.00245260343855002
         888,3057.60530864444,          0.999701430967811,                  0.00302896119612235
         889,3057.60443655556,          0.999751972682387,                  0.00331664436343501
         890,3057.60356446667,          0.999801048962139,                  0.00288334837480069
         891,3057.60269237778,          0.999995676006013,                  0.00216199699338285
         892,3057.60182028889,          0.999900571927565,                  0.00158508521274005
         893,    3057.6009482,          0.999662889298032,                 0.000576257610202065
         894,3057.60007611111,          0.999713379970301,                 0.000288060331355799
         895,3057.59920402222,          0.999762407032752,                 0.000143995737726163
         896,3057.59833193333,             0.999668888473,                 0.000287923066956509
         897,3057.59745984444,          0.999863269021798,                  0.00100749141833203
         898,3057.59658775555,          0.999769770922067,                  0.00158282491078623
         899,3057.59571566667,          0.999676317209135,                  0.00201402625427081
         900,3057.59484357778,          0.999726732730228,                  0.00230119806124063
         901,3057.59397148889,          0.999777124328677,                   0.0017254890683078
         902,    3057.5930994,          0.999827492021506,                  0.00172507978494005
         903,3057.59222731111,          0.999590390709774,                  0.00129350302176678
         904,3057.59135522222,           0.99964077879158,                  0.00071844241684029
         905,3057.59048313333,          0.999691142986432,                  0.00043096327474627
         906,3057.58961104444,          0.999742919145917,                 0.000430861766619416
         907,3057.58873895555,          0.999649648787268,                 0.000717932812975631
         908,3057.58786686667,          0.999843527717845,                 0.000717762762180793
         909,3057.58699477778,           1.00003875006638,                -0.000287037528721693
         910,3057.58612268889,          0.999801990994895,                 -0.00100439350415675
         911,    3057.5852506,          0.999710228919154,                 -0.00143451030121847
         912,3057.58437851111,          0.999903910553633,                 -0.00229467334607833
         913,3057.58350642222,          0.999812167798678,                 -0.00229413375660101
         914,3057.58263433333,          0.999863817831263,                 -0.00243694407213354
         915,3057.58176224444,          0.999770694794772,                 -0.00229305205228159
         916,3057.58089015556,          0.999965612301626,                 -0.00186266699526023
         917,3057.58001806667,           1.00001718980988,                 -0.00171898098807027
         918,3057.57914597778,           0.99978231354869,                 -0.00157536247658438
         919,3057.57827388889,          0.999977091017388,                -0.000715905706627569
         920,    3057.5774018,           1.00002719799136,                -0.000715736614651701
         921,3057.57652971111,          0.999935598823605,                                    0
         922,3057.57565762222,          0.999844042643606,                 0.000572320573923071
         923,3057.57478553333,          0.999895575998501,                  0.00100132604177246
         924,3057.57391344444,           1.00009009820705,                  0.00100109118939644
         925,3057.57304135556,          0.999857020303117,                 0.000714898484415213
         926,3057.57216926667,          0.999765568268236,                 0.000142946177905095
         927,3057.57129717778,           1.00010289712574,                -0.000428738023917865
         928,3057.57042508889,           1.00001143033497,                 -0.00128591268367119
         929,     3057.569553,          0.999920006399488,                 -0.00242837715839876
         930,3057.56868091111,          0.999972865632038,                 -0.00357031157395044
         931,3057.56780882222,          0.999881493411462,                 -0.00428337067004767
         932,3057.56693673333,          0.999932909569237,                 -0.00471060471317413
         933,3057.56606464444,          0.999985728760828,                 -0.00442408414322616
         934,3057.56519255555,          0.999894417541527,                 -0.00328161695254782
         935,3057.56432046667,           1.00008844028426,                 -0.00185439305715239
         936,3057.56344837778,          0.999998573875394,                -0.000285224921242269
         937,3057.56257628889,          0.999764744462584,                 0.000570316454342603
         938,    3057.5617042,           1.00010263310944,                  0.00128291386801382
         939,3057.56083211111,          0.999870313286048,                 0.000855077234851238
         940,3057.55996002222,            1.0000641158074,                 0.000142479571991366
         941,3057.55908793333,          0.999831913141828,                -0.000854678939856243
         942,3057.55821584444,          0.999740807938683,                  -0.0019937850870572
         943,3057.55734375555,           0.99965116858524,                 -0.00284760338580043
         944,3057.55647166666,          0.999846265095913,                  -0.0031316369350954
         945,3057.55559957778,          0.999756642867003,                 -0.00341553870872713
         946,3057.55472748889,          0.999950201683183,                 -0.00341474172458685
         947,    3057.5538554,          0.999718349127594,                 -0.00298720622249281
         948,3057.55298331111,          0.999628819004467,                 -0.00255986893471054
         949,3057.55211122222,          0.999681512361302,                 -0.00199054774186577
         950,3057.55123913333,          0.999592032262146,                 -0.00184793748853923
         951,3057.55036704445,          0.999644709727848,                 -0.00170539330633127
         952,3057.54949495555,          0.999555279598416,                 -0.00142083195394231
         953,3057.54862286667,          0.999465890882644,                -0.000710251485846108
         954,3057.54775077778,          0.999517141477547,                 -0.00085210327491692
         955,3057.54687868889,          0.999569787435237,                 -0.00127785910325528
         956,    3057.5460066,           0.99948045753805,                 -0.00184536940036851
         957,3057.54513451111,          0.999392587294289,                 -0.00212878284711933
         958,3057.54426242222,          0.999445225605889,                 -0.00255394861739154
         959,3057.54339033333,          0.999355986348045,                 -0.00269521131875271
         960,3057.54251824445,          0.999124967913126,                 -0.00212730653210744
         961,3057.54164615556,          0.999177631578947,                  -0.0012760889292196
         962,3057.54077406667,          0.999088516010507,                -0.000283509794554627
         963,3057.53990197778,          0.999141163765614,                  0.00014172215088874
         964,3057.53902988889,          0.999052097782702,                 0.000708447098129841
         965,    3057.5381578,          0.998963072930537,                  0.00070828351739261
         966,3057.53728571111,          0.999017128031112,                 0.000283248406019595
         967,3057.53641362222,          0.998928152216544,                -0.000141591516969035
         968,3057.53554153333,          0.998697658616687,                -0.000566235384049149
         969,3057.53466944445,           0.99875032374116,                 -0.00155678809142026
         970,3057.53379735556,          0.998662884067096,                 -0.00169792499416338
         971,3057.53292526667,          0.998856994120876,                 -0.00212191685480996
         972,3057.53205317778,          0.998626729140355,                 -0.00226285620538814
         973,3057.53118108889,          0.998537966217687,                 -0.00254512650692699
         974,     3057.530309,          0.998733382716329,                 -0.00367545193922499
         975,3057.52943691111,           0.99864463599502,                 -0.00438126007866482
         976,3057.52856482222,          0.998414631733929,                 -0.00480414626081993
         977,3057.52769273333,          0.998468675658724,                 -0.00423798249430698
         978,3057.52682064444,          0.998380051041809,                 -0.00282467124357564
         979,3057.52594855555,          0.998432668276359,                  -0.0015532116180229
         980,3057.52507646667,          0.998204333316393,                -0.000564675057738025
         981,3057.52420437778,          0.998256966840029,                 -0.00028227257651351
         982,3057.52333228889,          0.998168472325306,                -0.000423311481053989
         983,    3057.5224602,          0.997940354936095,                -0.000423214739158649
         984,3057.52158811111,          0.997710934624124,                -0.000846234889418256
         985,3057.52071602222,          0.997906047082214,                -0.000564027721962534
         986,3057.51984393333,          0.997817714295381,                                    0
         987,3057.51897184444,          0.997730828318135,                 0.000281884680977012
         988,3057.51809975555,           0.99764257622877,                 0.000845459810363365
         989,3057.51722766667,          0.997554364670149,                  0.00112702088933218
         990,3057.51635557778,          0.997608443967448,                  0.00098591827019231
         991,3057.51548348889,           0.99766109375198,                 0.000140813139555678
         992,    3057.5146114,          0.997574342939761,                -0.000563124099881322
         993,3057.51373931111,           0.99748622773707,                 -0.00126673854234988
         994,3057.51286722222,          0.997258839819432,                 -0.00154788305884207
         995,3057.51199513333,          0.997452206001314,                  -0.0012661593588169
         996,3057.51112304445,          0.997224929779331,                -0.000562609269269016
         997,3057.51025095555,          0.997136975205868,                                    0
         998,3057.50937886667,          0.997330236651535,                 0.000984114978370559
         999,3057.50850677778,          0.997103144093633,                   0.0018272259477329
        1000,3057.50763468889,          0.997015277730937,                  0.00210785470979056
        1001,    3057.5067626,          0.997069343875828,                  0.00252884996333168
        1002,3057.50589051111,           0.99698152536207,                  0.00252827098570263
        1003,3057.50501842222,          0.997035574510154,                  0.00196598563987918
        1004,3057.50414633333,          0.996807408384976,                  0.00168474491558024
        1005,3057.50327424444,          0.996721108983825,                  0.00112290788225188
        1006,3057.50240215556,          0.996633450229372,                 0.000561325514068922
        1007,3057.50153006667,          0.996547229716553,                 0.000561197933108012
        1008,3057.50065797778,          0.996599918083835,                 0.000561069623129534
        1009,3057.49978588889,          0.996513744485237,                  0.00098164877728633
        1010,    3057.4989138,          0.996566416496904,                  0.00112162793077873
        1011,3057.49804171111,          0.996620461417051,                 0.000841029925246457
        1012,3057.49716962222,          0.996392805791691,                 0.000840837810794676
        1013,3057.49629753333,          0.996306757680711,                  0.00112086261586917
        1014,3057.49542544444,            0.9962193531578,                  0.00140075837058183
        1015,3057.49455335555,          0.996273427620329,                  0.00210066086790904
        1016,3057.49368126667,          0.996326082573534,                  0.00252021774681332
        1017,3057.49280917778,          0.996100147539286,                  0.00307956762870493
        1018,3057.49193708889,          0.996012869656245,                  0.00265901988527029
        1019,     3057.491065,          0.996206858436487,                  0.00167900032320756
        1020,3057.49019291111,          0.996119595900816,                 0.000279769581772452
        1021,3057.48932082222,                          1,                                    0
        1022,3057.48844873333,                          1,                                    0
        1023,3057.48757664445,                          1,                                    0
