"SCAN INDEX",      WAVENUMBER,"SCIENCE DIRECT ABSORPTION","SCIENCE HARMONIC ABSORPTION SPECTRA"
           0,3058.41469805405,                          1,                                    0
           1,3058.41377927027,                          1,                                    0
           2,3058.41286048648,                          1,                                    0
           3, 3058.4119417027,                          1,                                    0
           4,3058.41102291891,                          1,                                    0
           5,3058.41010413513,                          1,                                    0
           6,3058.40918535135,                          1,                                    0
           7,3058.40826656757,                          1,                                    0
           8,3058.40734778377,                          1,                                    0
           9,     3058.406429,                          1,                                    0
          10,3058.40551021621,                          1,                                    0
          11,3058.40459143243,                          1,                                    0
          12,3058.40367264864,                          1,                                    0
          13,3058.40275386486,                          1,                                    0
          14,3058.40183508107,                          1,                                    0
          15,3058.40091629729,                          1,                                    0
          16,3058.39999751351,                          1,                                    0
          17,3058.39907872973,                          1,                                    0
          18,3058.39815994594,                          1,                                    0
          19,3058.39724116216,                          1,                                    0
          20,3058.39632237837,                          1,                                    0
          21,3058.39540359459,                          1,                                    0
          22,3058.39448481081,                          1,                                    0
          23,3058.39356602702,                          1,                                    0
          24,3058.39264724324,                          1,                                    0
          25,3058.39172845946,                          1,                                    0
          26,3058.39080967567,                          1,                                    0
          27,3058.38989089189,                          1,                                    0
          28,3058.38897210811,                          1,                                    0
          29,3058.38805332432,                          1,                                    0
          30,3058.38713454054,                          1,                                    0
          31,3058.38621575675,                          1,                                    0
          32,3058.38529697297,                          1,                                    0
          33,3058.38437818918,                          1,                                    0
          34, 3058.3834594054,                          1,                                    0
          35,3058.38254062161,                          1,                                    0
          36,3058.38162183783,                          1,                                    0
          37,3058.38070305405,                          1,                                    0
          38,3058.37978427027,                          1,                                    0
          39,3058.37886548648,                          1,                                    0
          40, 3058.3779467027,                          1,                                    0
          41,3058.37702791892,                          1,                                    0
          42,3058.37610913513,                          1,                                    0
          43,3058.37519035135,                          1,                                    0
          44,3058.37427156757,                          1,                                    0
          45,3058.37335278378,                          1,                                    0
          46,     3058.372434,                          1,                                    0
          47,3058.37151521621,                          1,                                    0
          48,3058.37059643243,                          1,                                    0
          49,3058.36967764864,                          1,                                    0
          50,3058.36875886486,                          1,                                    0
          51,3058.36784008107,                          1,                                    0
          52,3058.36692129729,                          1,                                    0
          53, 3058.3660025135,                          1,                                    0
          54,3058.36508372972,                          1,                                    0
          55,3058.36416494595,                          1,                                    0
          56,3058.36324616216,                          1,                                    0
          57,3058.36232737837,                          1,                                    0
          58,3058.36140859459,                          1,                                    0
          59,3058.36048981081,                          1,                                    0
          60,3058.35957102702,                          1,                                    0
          61,3058.35865224324,                          1,                                    0
          62,3058.35773345945,                          1,                                    0
          63,3058.35681467567,                          1,                                    0
          64,3058.35589589189,                          1,                                    0
          65, 3058.3549771081,                          1,                                    0
          66,3058.35405832432,                          1,                                    0
          67,3058.35313954054,                          1,                                    0
          68,3058.35222075675,                          1,                                    0
          69,3058.35130197297,                          1,                                    0
          70,3058.35038318919,                          1,                                    0
          71,3058.34946440541,                          1,                                    0
          72,3058.34854562161,                          1,                                    0
          73,3058.34762683784,                          1,                                    0
          74,3058.34670805405,                          1,                                    0
          75,3058.34578927026,                          1,                                    0
          76,3058.34487048648,                          1,                                    0
          77, 3058.3439517027,                          1,                                    0
          78,3058.34303291892,                          1,                                    0
          79,3058.34211413513,                          1,                                    0
          80,3058.34119535134,                          1,                                    0
          81,3058.34027656756,                          1,                                    0
          82,3058.33935778379,                          1,                                    0
          83,     3058.338439,                          1,                                    0
          84,3058.33752021621,                          1,                                    0
          85,3058.33660143243,                          1,                                    0
          86,3058.33568264865,                          1,                                    0
          87,3058.33476386486,                          1,                                    0
          88,3058.33384508108,                          1,                                    0
          89,3058.33292629729,                          1,                                    0
          90,3058.33200751351,                          1,                                    0
          91,3058.33108872973,                          1,                                    0
          92,3058.33016994594,                          1,                                    0
          93,3058.32925116215,                          1,                                    0
          94,3058.32833237837,                          1,                                    0
          95,3058.32741359459,                          1,                                    0
          96,3058.32649481081,                          1,                                    0
          97,3058.32557602703,                          1,                                    0
          98,3058.32465724323,                          1,                                    0
          99,3058.32373845945,                          1,                                    0
         100,3058.32281967568,          0.989864563236818,                  0.00155272872664599
         101,3058.32190089189,          0.989751359404675,                  0.00174593536547277
         102, 3058.3209821081,          0.990026059440343,                  0.00232673574486567
         103,3058.32006332432,          0.989912888441003,                  0.00329454171955698
         104,3058.31914454054,           0.99018531108903,                  0.00348656799679236
         105,3058.31822575675,            0.9904593749032,                  0.00425920763250008
         106,3058.31730697297,          0.990539659319374,                  0.00406355398431468
         107,3058.31638818918,          0.990426457789382,                  0.00425490764916352
         108, 3058.3154694054,          0.990506677801168,                  0.00425276091171462
         109,3058.31455062162,          0.990778112459499,                  0.00483023650770036
         110,3058.31363183784,          0.990858074209109,                  0.00540713819486554
         111,3058.31271305405,          0.990937955394281,                  0.00598345863210415
         112,3058.31179427027,          0.991017756136709,                  0.00617336347992499
         113,3058.31087548648,          0.991097476557845,                  0.00617025666339515
         114, 3058.3099567027,          0.991367929710009,                  0.00520352529202377
         115,3058.30903791892,          0.991447393766614,                  0.00365989906383634
         116,3058.30811913513,          0.991719307432985,                   0.0023103536573861
         117,3058.30720035134,          0.991798515188719,                 0.000577298320831618
         118,3058.30628156757,          0.991877643420276,                -0.000769344691425461
         119,3058.30536278378,          0.991954785316762,                 -0.00230687159375991
         120,3058.30444399999,          0.992225898556238,                 -0.00365071496370421
         121,3058.30352521621,          0.992112646843618,                 -0.00480116457047822
         122,3058.30260643244,          0.992191458976367,                 -0.00460680886350025
         123,3058.30168764865,          0.992462046432566,                 -0.00422079354755779
         124,3058.30076886486,          0.992538701530803,                 -0.00325988367967999
         125,3058.29985008107,          0.993192167926524,                 -0.00268326714607706
         126,3058.29893129729,          0.992887150320011,                 -0.00229879332507045
         127,3058.29801251351,          0.992773907948701,                 -0.00210617415379667
         128,3058.29709372972,          0.993043528184715,                 -0.00153099792358407
         129,3058.29617494595,          0.993312879211012,                -0.000956395993848461
         130,3058.29525616216,          0.993006511706159,                -0.000382366773856819
         131,3058.29433737837,          0.993275612007208,                  0.00057326410850743
         132,3058.29341859459,          0.993544444020016,                 0.000763971121891592
         133,3058.29249981081,          0.993240315286509,                  0.00114538571818548
         134,3058.29158102702,           0.99369969967678,                 0.000954012768506894
         135,3058.29066224323,          0.993777211588155,                   0.0011442454940566
         136,3058.28974345946,          0.994043364307839,                  0.00152489873719323
         137,3058.28882467568,          0.993739592978285,                  0.00152414048002804
         138,3058.28790589188,          0.994007392215894,                  0.00152338297657608
         139,3058.28698710811,          0.994084597113101,                   0.0020936110603569
         140,3058.28606832432,          0.994161725344276,                  0.00209257156119155
         141,3058.28514954054,          0.994238777023558,                   0.0028520905823969
         142,3058.28423075676,          0.994503907319001,                  0.00323075987472253
         143,3058.28331197297,          0.994390762328261,                  0.00284925719864831
         144,3058.28239318918,          0.994847298533929,                  0.00208841990150252
         145, 3058.2814744054,           0.99492385786802,                 0.000948811613454149
         146,3058.28055562162,          0.995000341403091,                -0.000379336767595536
         147,3058.27963683783,           0.99488717471379,                  -0.0018957453786467
         148,3058.27871805405,          0.994774119956495,                 -0.00246325020179704
         149,3058.27779927028,           0.99485056408955,                 -0.00359835536221234
         150,3058.27688048648,          0.995116226243659,                 -0.00359657757249943
         151, 3058.2759617027,          0.995192425942358,                 -0.00378400161955269
         152,3058.27504291892,          0.995646763817081,                 -0.00434945404896351
         153,3058.27412413513,          0.995533613199184,                 -0.00434730835458159
         154,3058.27320535135,          0.995609494373956,                 -0.00453408498386621
         155,3058.27228656756,          0.995685300754364,                 -0.00490950461210193
         156,3058.27136778378,          0.995761032450939,                 -0.00471835212495706
         157,     3058.270449,          0.995648048412868,                 -0.00490467018922595
         158,3058.26953021622,          0.995912272233619,                 -0.00509080487510559
         159,3058.26861143243,          0.995799324952085,                 -0.00584212321603229
         160,3058.26769264865,          0.995686488726478,                  -0.0064043398820848
         161,3058.26677386486,          0.995950304150797,                 -0.00734254477540285
         162,3058.26585508108,          0.996402038343131,                 -0.00715076061511596
         163, 3058.2649362973,          0.996100986884796,                 -0.00752342135109362
         164,3058.26401751351,           0.99598822410299,                 -0.00714374339673719
         165,3058.26309872972,          0.996439275077744,                 -0.00676443784702975
         166,3058.26217994594,          0.996138648076085,                 -0.00563426837147107
         167,3058.26126116216,          0.996215619579664,                 -0.00506836663437929
         168,3058.26034237837,           0.99647827204551,                 -0.00412775785821902
         169,3058.25942359459,          0.996178066829446,                 -0.00356313691072279
         170,3058.25850481081,          0.997002806003385,                 -0.00337395196617051
         171,3058.25758602702,           0.99632793764988,                 -0.00299760191846523
         172,3058.25666724324,          0.996404629040111,                 -0.00280888356241339
         173,3058.25574845945,          0.996479380700418,                 -0.00262034397629712
         174,3058.25482967567,          0.996554059362969,                 -0.00280614058390173
         175,3058.25391089189,          0.996256558502025,                  -0.0024308061675162
         176,3058.25299210811,          0.996705060899371,                 -0.00149515103828895
         177,3058.25207332431,          0.996592717681255,                -0.000747211034812562
         178,3058.25115454054,          0.996669056581227,                                    0
         179,3058.25023575675,          0.996743461262119,                 0.000559863393332027
         180,3058.24931697297,          0.996446591619179,                  0.00111918374199084
         181,3058.24839818919,          0.996521032280197,                  0.00186439856366735
         182, 3058.2474794054,          0.996597257680396,                  0.00260889334471308
         183,3058.24656062161,          0.996671552859354,                  0.00335266080199372
         184,3058.24564183784,          0.996375293913957,                  0.00409571309157456
         185,3058.24472305406,          0.996263546504704,                  0.00409372394902942
         186,3058.24380427027,          0.996339748692502,                  0.00353377920947499
         187,3058.24288548648,          0.996785821177144,                  0.00353206464050088
         188, 3058.2419667027,          0.996118463959687,                  0.00297293330038332
         189,3058.24104791892,           0.99638034428516,                  0.00278577915457174
         190,3058.24012913513,          0.996640121772382,                  0.00241317220768131
         191,3058.23921035135,          0.996344880048982,                  0.00259754717331206
         192,3058.23829156756,          0.996420822283627,                  0.00296719396176029
         193,3058.23737278378,          0.996311331071938,                  0.00352184470518453
         194,     3058.236454,          0.996757758221399,                  0.00352014821676702
         195,3058.23553521621,           0.99646118319812,                  0.00388880967239556
         196,3058.23461643243,          0.996351830840449,                  0.00370184592547074
         197,3058.23369764865,           0.99642758694691,                  0.00333005877553739
         198,3058.23277886486,          0.996318355889798,                  0.00240388615934807
         199,3058.23186008108,          0.996578880733979,                  0.00184825460076776
         200,3058.23094129729,          0.996469681938849,                  0.00110842011339138
         201,3058.23002251351,          0.996545235989372,                 0.000369295992584536
         202,3058.22910372973,          0.996436158137869,                 0.000738237568540744
         203,3058.22818494595,          0.996329022855983,                 0.000553413639801509
         204,3058.22726616215,          0.996588918595003,                  0.00184382778648474
         205,3058.22634737838,          0.996479976410313,                  0.00276441643169127
         206,3058.22542859459,          0.996555344741835,                  0.00386832943430287
         207,3058.22450981081,          0.996264239250712,                  0.00478707636675633
         208,3058.22359102702,          0.996523669047404,                  0.00552090675372523
         209,3058.22267224324,           0.99659890848691,                  0.00607009301957697
         210,3058.22175345945,          0.996492053803217,                  0.00680262103149797
         211,3058.22083467567,          0.996567236588701,                   0.0064318372267388
         212,3058.21991589189,           0.99682785754564,                  0.00642877741184769
         213, 3058.2189971081,          0.996535625047045,                  0.00605852535492861
         214,3058.21807832432,          0.996429003974706,                  0.00623915030113075
         215,3058.21715954054,          0.996504073689578,                   0.0058693411297748
         216,3058.21624075675,          0.996764228685617,                  0.00586655422437737
         217,3058.21532197297,          0.996840893931731,                  0.00513079871876626
         218,3058.21440318918,          0.996732504981831,                  0.00476204430899074
         219, 3058.2134844054,          0.996626043720469,                  0.00384444285784898
         220,3058.21256562162,           0.99670266531504,                  0.00292771115201774
         221,3058.21164683784,          0.996779214318505,                  0.00256053376155212
         222,3058.21072805405,           0.99667288216153,                  0.00182808672443421
         223,3058.20980927027,          0.996749372806192,                  0.00146177726534364
         224,3058.20889048649,          0.996643155360906,                  0.00146108580591667
         225, 3058.2079717027,          0.996719587730491,                  0.00109529625025329
         226,3058.20705291892,          0.996978410965303,                  0.00109477863575985
         227,3058.20613413513,          0.997054612768208,                  0.00127663842864047
         228,3058.20521535135,          0.997130742616311,                  0.00145832649742788
         229,3058.20429656756,          0.997208617573319,                  0.00200425631158533
         230,3058.20337778379,          0.997284603098576,                  0.00364238350291664
         231,3058.20245899999,          0.996996450350414,                  0.00473286611449895
         232,3058.20154021621,          0.997074278394783,                  0.00527648796960743
         233,3058.20062143243,          0.997150219962282,                  0.00527400262245234
         234,3058.19970264865,          0.997409679618269,                   0.0049079754601227
         235,3058.19878386486,          0.997850587681669,                  0.00399721648379401
         236,3058.19786508108,          0.997381238626912,                  0.00308730536355745
         237,3058.19694629729,          0.997458703939009,                  0.00163369032492285
         238,3058.19602751351,          0.997717532903451,                 0.000725744704785198
         239,3058.19510872973,          0.997613417093447,                                    0
         240,3058.19418994594,          0.997688856663797,                -0.000543798432047854
         241,3058.19327116216,          0.997766033196058,                                    0
         242,3058.19235237838,          0.997662040851807,                 0.000543290274560795
         243,3058.19143359459,          0.998102988878591,                 0.000543037534754402
         244,3058.19051481081,          0.997998936143266,                   0.0014474241278365
         245,3058.18959602702,          0.998075824104282,                  0.00180843599221649
         246,3058.18867724324,          0.997971881089328,                  0.00198835187320822
         247,3058.18775845946,          0.998048709980487,                   0.0018067500180675
         248,3058.18683967568,           0.99812726980498,                  0.00180591147060789
         249,3058.18592089189,          0.998384461953628,                  0.00108304226572442
         250, 3058.1850021081,          0.998282369752387,                     0.00072169338135
         251,3058.18408332433,          0.998358911471389,                -0.000360678797496889
         252,3058.18316454054,          0.998617437590916,                -0.000540767565482446
         253,3058.18224575675,           0.99851537951512,                -0.000900861944708697
         254,3058.18132697297,          0.998593504910127,                -0.000720355999935168
         255,3058.18040818918,          0.998671558021233,                -0.000540017064539239
         256, 3058.1794894054,           0.99856781984757,                 0.000539766389106795
         257,3058.17857062162,          0.998827447792652,                  0.00125887506923813
         258,3058.17765183783,          0.998905284652954,                  0.00161780593159557
         259,3058.17673305405,          0.998803376418969,                  0.00215607852437986
         260,3058.17581427027,          0.999060742821328,                  0.00251426395820575
         261,3058.17489548649,          0.999138364328283,                  0.00269261147411503
         262, 3058.1739767027,          0.999038282113483,                  0.00305022464007349
         263,3058.17305791892,          0.999295184839121,                  0.00322816104219386
         264,3058.17213913513,          0.999374382673447,                  0.00304741964223293
         265,3058.17122035135,          0.999272539625089,                   0.0023293066191727
         266,3058.17030156756,          0.999351675078175,                  0.00161185754044867
         267,3058.16938278378,          0.999609751207444,                 0.000895066037972282
         268,3058.16846399999,          0.999509728489785,                 0.000894656040538655
         269,3058.16754521622,           0.99958864664747,                 0.000715397134834475
         270,3058.16662643243,          0.999667492572213,                 0.000536302302882089
         271,3058.16570764864,            0.9999249520229,                 0.000536056979283185
         272,3058.16478886486,           1.00018217603921,                 0.000714415840028005
         273,3058.16387008108,          0.999903597939138,                 0.000892611674646615
         274,3058.16295129729,           1.00016238140358,                 0.000356882205674784
         275,3058.16203251352,           1.00059750474883,                 0.000356719253029884
         276,3058.16111372972,          0.999964344291521,                -0.000178278542394637
         277,3058.16019494594,           1.00004276733146,                -0.000890986072105721
         278,3058.15927616216,           1.00012290023173,                 -0.00178116277868518
         279,3058.15835737837,           1.00020296037288,                 -0.00249249580726598
         280,3058.15743859459,           1.00046090247909,                 -0.00355909250259369
         281,3058.15651981081,           1.00054073668258,                 -0.00373535208361497
         282,3058.15560102702,           1.00062049849676,                 -0.00480041816976057
         283,3058.15468224324,           1.00070018802003,                 -0.00479824277686749
         284,3058.15376345946,           1.00060395054711,                 -0.00497371038794941
         285,3058.15284467567,           1.00068357554398,                 -0.00532656268032634
         286,3058.15192589189,           1.00076312847179,                 -0.00550162386639928
         287,3058.15100710811,           1.00084438484081,                 -0.00603132029149016
         288,3058.15008832433,           1.00057094425669,                 -0.00656053959551614
         289,3058.14916954053,           1.00100490400242,                 -0.00691203811191476
         290,3058.14825075676,           1.00073163775251,                 -0.00673177593106661
         291,3058.14733197297,           1.00063568963472,                 -0.00672874822263657
         292,3058.14641318919,           1.00107080593634,                 -0.00672572323648882
         293, 3058.1454944054,               1.0009765625,                 -0.00707653985507246
         294,3058.14457562162,           1.00105746752443,                 -0.00725019540160777
         295,3058.14365683783,           1.00096154525979,                 -0.00707018573377923
         296,3058.14273805406,           1.00086747737227,                 -0.00724370107189108
         297,3058.14181927027,           1.00147811176079,                  -0.0065340663260711
         298,3058.14090048648,           1.00103086232339,                 -0.00529552563387442
         299, 3058.1399817027,           1.00093688963228,                 -0.00405809068597612
         300,3058.13906291892,            1.0013720808011,                 -0.00282176000225741
         301,3058.13814413513,           1.00110175840642,                 -0.00158653210523996
         302,3058.13722535135,           1.00118408254747,                -0.000881013800200166
         303,3058.13630656756,           1.00126633332218,                -0.000880621225437272
         304,3058.13538778378,           1.00117422755368,                 -0.00193650720996843
         305,     3058.134469,           1.00108044189018,                 -0.00351935469112384
         306,3058.13355021621,            1.0013402798054,                 -0.00474902293250407
         307,3058.13263143243,           1.00089664023629,                  -0.0056259779531989
         308,3058.13171264865,           1.00115457004128,                 -0.00562347660897331
         309,3058.13079386486,           1.00123837377809,                 -0.00474270808631729
         310,3058.12987508108,           1.00114652522092,                 -0.00386271896788149
         311, 3058.1289562973,           1.00105651476488,                 -0.00333451503866282
         312,3058.12803751351,           1.00131567406368,                 -0.00350846416980967
         313,3058.12711872972,           1.00122391294437,                 -0.00368225957475162
         314,3058.12619994595,           1.00130925610767,                 -0.00420644532585053
         315,3058.12528116215,           1.00121933273067,                 -0.00473017007589295
         316,3058.12436237837,           1.00130284945785,                 -0.00490319688436861
         317,3058.12344359459,           1.00138804530664,                 -0.00437593097931585
         318,3058.12252481081,           1.00112324558488,                 -0.00384912817246894
         319,3058.12160602703,           1.00155821261995,                 -0.00297302071146134
         320,3058.12068724324,           1.00129532093718,                 -0.00279691430429379
         321,3058.11976845946,            1.0010309098216,                 -0.00209676573884783
         322,3058.11884967567,           1.00111778678217,                 -0.00139723347771413
         323,3058.11793089189,           1.00102826237625,                -0.000349155306025897
         324,3058.11701210811,           1.00094056304652,                 0.000349002985720543
         325,3058.11609332432,           1.00102736560087,                 0.000697701596515678
         326,3058.11517454054,           1.00093974311364,                  0.00122044560212427
         327,3058.11425575675,           1.00102647038833,                  0.00174273410582927
         328,3058.11333697297,           1.00094066822283,                  0.00226457164756297
         329,3058.11241818918,           1.00067907576048,                   0.0026118298479915
         330, 3058.1114994054,           1.00076754519553,                  0.00365497712158368
         331,3058.11058062162,           1.00120213844947,                  0.00382735830510657
         332,3058.10966183784,             1.000768618122,                  0.00417349206514821
         333,3058.10874305405,           1.00068311353764,                  0.00399786548747017
         334,3058.10782427026,           1.00059768293615,                  0.00399613591031976
         335,3058.10690548649,           1.00051406381338,                  0.00416808497335899
         336, 3058.1059867027,           1.00060237512868,                  0.00468706872457916
         337,3058.10506791892,           1.00069234653419,                  0.00503209260438556
         338,3058.10414913513,           1.00060705923164,                  0.00485647385309167
         339,3058.10323035135,             1.000696951099,                  0.00450764392386936
         340,3058.10231156757,           1.00096006210943,                  0.00450570665076961
         341,3058.10139278378,           1.00070328117043,                  0.00398410515266052
         342,     3058.100474,           1.00061986833858,                  0.00311665645095941
         343,3058.09955521621,           1.00071133233758,                  0.00207688273746991
         344,3058.09863643243,           1.00062798748177,                   0.0019029923690006
         345,3058.09771764865,           1.00071936972145,                  0.00138340331048412
         346,3058.09679886487,           1.00081067393104,                 0.000691406337776195
         347,3058.09588008108,           1.00055634457426,                 0.000345555636185204
         348,3058.09496129729,           1.00082034454471,                                    0
         349,3058.09404251351,           1.00091148890331,                -0.000172630474112334
         350,3058.09312372973,           1.00083172567548,                -0.000862785970409892
         351,3058.09220494595,           1.00092278768122,                  -0.0003449673574638
         352,3058.09128616216,           1.00101549798193,                 0.000862052616243485
         353,3058.09036737838,           1.00059111738419,                  0.00189571172773444
         354,3058.08944859459,           1.00068388966121,                  0.00292849477091419
         355,3058.08852981081,           1.00060439191458,                  0.00378821143041142
         356,3058.08761102703,           1.00104304003139,                  0.00361449515829768
         357,3058.08669224324,           1.00079141146514,                   0.0030968274723006
         358,3058.08577345945,            1.0008856634307,                  0.00257960222533685
         359,3058.08485467567,           1.00080793495264,                  0.00257851580630189
         360,3058.08393589189,            1.0009021006057,                  0.00240560161518966
         361, 3058.0830171081,           1.00099618700835,                  0.00223283294974408
         362,3058.08209832432,            1.0010901942606,                  0.00188852549080202
         363,3058.08117954054,           1.00101251051123,                  0.00171611951056272
         364,3058.08026075675,           1.00110814918501,                  0.00137232097215218
         365,3058.07934197297,           1.00120370783165,                  0.00171468352086255
         366,3058.07842318918,           1.00112778990885,                  0.00205675971219076
         367,3058.07750440541,           1.00105193545845,                  0.00239854990525728
         368,3058.07658562162,           1.00097614440087,                  0.00205504084393677
         369,3058.07566683784,           1.00124449435356,                  0.00188300383619236
         370,3058.07474805405,           1.00116868605807,                  0.00171110696642979
         371,3058.07382927027,           1.00109465330277,                  0.00102623747135087
         372,3058.07291048648,           1.00102068206181,                 0.000341937039132984
         373, 3058.0719917027,           1.00128856729773,                 0.000170897519593401
         374,3058.07107291892,           1.00138540355217,                -0.000341653157131412
         375,3058.07015413513,           1.00131311354761,                -0.000853779939928043
         376,3058.06923535135,           1.00140985945784,                -0.000682740657547527
         377,3058.06831656757,           1.00150823386497,                 -0.00051184407182196
         378,3058.06739778378,           1.00143598279549,                -0.000170544274999233
         379,     3058.066479,            1.0018752130924,                -0.000170473917490624
         380,3058.06556021622,           1.00146206304252,                 0.000340807236019235
         381,3058.06464143243,            1.0015619597229,                 0.000681334666478164
         382,3058.06372264865,           1.00166177442093,                 0.000510791317909706
         383,3058.06280386486,            1.0014194150104,                 0.000510580938992386
         384,3058.06188508108,           1.00202957773555,                 0.000850619335938497
         385,3058.06096629729,           1.00162061876007,                 0.000510163303273378
         386,3058.06004751351,           1.00155026109661,                                    0
         387,3058.05912872973,           1.00147996105545,                 0.000169915161359933
         388,3058.05820994594,           1.00192095711561,                -0.000509537696448013
         389,3058.05729116216,           1.00168248702482,                 -0.00152799023444463
         390,3058.05637237837,           1.00195333381983,                  -0.0018667829729028
         391,3058.05545359459,           1.00188468317475,                 -0.00237493829401397
         392,3058.05453481081,            1.0021569265831,                  -0.0028826848988008
         393,3058.05361602702,           1.00208824885418,                  -0.0032205136549779
         394,3058.05269724324,           1.00219075680227,                 -0.00321920953157113
         395,3058.05177845946,           1.00212381826619,                 -0.00304854296582583
         396,3058.05085967567,           1.00205693389878,                 -0.00287801450857902
         397,3058.04994089189,           1.00216102605585,                  -0.0015230410730332
         398,3058.04902210811,           1.00209418061377,                                    0
         399,3058.04810332432,           1.00236726411904,                  0.00152181264795401
         400,3058.04718454054,           1.00213306109479,                  0.00321142320134947
         401,3058.04626575676,           1.00223695503788,                  0.00422385769992363
         402,3058.04534697297,           1.00217187906383,                  0.00455993271565948
         403,3058.04442818919,           1.00227736595363,                  0.00438928945844609
         404, 3058.0435094054,           1.00238107693528,                   0.0037125225071677
         405,3058.04259062162,           1.00248639567091,                  0.00286762051596927
         406,3058.04167183784,           1.00225439793074,                  0.00236062610548964
         407,3058.04075305405,           1.00252823192314,                  0.00185403674363728
         408,3058.03983427027,           1.00263505499245,                  0.00134785421608799
         409,3058.03891548649,           1.00240327532576,                  0.00101048717270742
         410, 3058.0379967027,           1.00251006297884,                 0.000505042852886067
         411,3058.03707791892,           1.00261676581208,                 0.000168280759619349
         412,3058.03615913513,           1.00272338392648,                 0.000168213954693253
         413,3058.03524035135,           1.00266345617068,                -0.000840737427612508
         414,3058.03432156756,           1.00260189057268,                -0.000840403931745754
         415,3058.03340278378,           1.00254205821028,                 -0.00134411537886412
         416,     3058.032484,           1.00265022118766,                 -0.00218332543977213
         417,3058.03156521622,           1.00259041696815,                 -0.00251822777202316
         418,3058.03064643243,           1.00286629120713,                  -0.0026850503111302
         419,3058.02972764865,            1.0028081311669,                   -0.002683996336345
         420,3058.02880886486,           1.00291770071769,                 -0.00184452344221611
         421,3058.02789008108,           1.00285956613711,                -0.000838090895986215
         422, 3058.0269712973,           1.00280147714249,                -0.000167552460675437
         423,3058.02605251351,           1.00274343368025,                -0.000334973587332639
         424,3058.02513372973,           1.00285453586586,                                    0
         425,3058.02421494594,           1.00279651698913,                                    0
         426,3058.02329616216,           1.00307480234608,                 0.000167290660831568
         427,3058.02237737838,           1.00301841988645,                 0.000501676435421701
         428,3058.02145859459,           1.00279659727829,                  0.00117012438422204
         429,3058.02053981081,           1.00307455803228,                  0.00150385990709488
         430,3058.01962102702,           1.00301991675185,                   0.0015032771441743
         431,3058.01870224324,           1.00279835171073,                  0.00100179655515558
         432,3058.01778345946,           1.00307766257869,                 0.000333802882721695
         433,3058.01686467567,           1.00318992038546,                -0.000500510520731146
         434,3058.01594589189,           1.00297021942267,                 -0.00133418053797495
         435, 3058.0150271081,           1.00308410435942,                 -0.00166708343752605
         436,3058.01410832433,           1.00319790161662,                 -0.00166644169703757
         437,3058.01318954054,           1.00314503125042,                -0.000999480270259465
         438,3058.01227075676,           1.00292568558788,                -0.000333031939428151
         439,3058.01135197297,           1.00320753429332,                 0.000166452220722303
         440,3058.01043318919,           1.00315472110003,                 0.000998329462033531
         441, 3058.0095144054,           1.00293729230217,                   0.0011642721469511
         442,3058.00859562162,           1.00272169692899,                  0.00149635139651151
         443,3058.00767683784,           1.00316939037017,                  0.00116338398485606
         444,3058.00675805406,           1.00295387109958,                 0.000166134482540927
         445,3058.00583927027,           1.00306899254673,                -0.000166071025256082
         446,3058.00492048648,           1.00318569144777,                -0.000664031568060746
         447, 3058.0040017027,           1.00313635684771,                 -0.00116161364730091
         448,3058.00308291892,           1.00308872367037,                  -0.0011611743121701
         449,3058.00216413514,           1.00320528233181,                 -0.00132655243944703
         450,3058.00124535135,           1.00315765918829,                 -0.00165756387836796
         451,3058.00032656757,           1.00327576579517,                 -0.00132555014473351
         452,3057.99940778378,           1.00306418219462,                 -0.00182194616977226
         453,     3057.998489,           1.00301666616996,                 -0.00248353416846309
         454,3057.99757021622,           1.00330185946823,                 -0.00331013480523994
         455,3057.99665143243,           1.00325428955732,                 -0.00380521910617058
         456,3057.99573264865,           1.00337379684451,                 -0.00446531935302484
         457,3057.99481386486,           1.00299891219172,                 -0.00462897140948873
         458,3057.99389508108,           1.00328368420444,                 -0.00462723491314845
         459,3057.99297629729,           1.00307431042771,                 -0.00495590074321991
         460,3057.99205751351,           1.00286509292974,                 -0.00429351101863549
         461,3057.99113872973,           1.00298617840146,                 -0.00445698268874909
         462,3057.99021994594,           1.00327218543374,                 -0.00445532056031431
         463,3057.98930116216,           1.00322807850977,                 -0.00478356038750138
         464,3057.98838237837,           1.00269099111577,                 -0.00527645316818035
         465,3057.98746359459,           1.00281361413433,                 -0.00560415234723328
         466,3057.98654481081,           1.00310091313818,                 -0.00593160855337953
         467,3057.98562602703,           1.00272917582843,                 -0.00625882205674775
         468,3057.98470724324,           1.00301794466937,                 -0.00461006277917635
         469,3057.98378845946,           1.00297733179063,                 -0.00345627239376488
         470,3057.98286967567,            1.0026077013565,                 -0.00197428493867377
         471,3057.98195089189,           1.00289619580323,                -0.000328926269532053
         472,3057.98103210811,           1.00269127005917,                  0.00147962312355017
         473,3057.98011332432,           1.00281682733867,                  0.00312250405103815
         474,3057.97919454054,           1.00261208128666,                  0.00443560973205632
         475,3057.97827575676,           1.00257335371872,                  0.00509087206638497
         476,3057.97735697297,           1.00269881606682,                   0.0054173315209897
         477,3057.97643818919,           1.00249762872962,                  0.00525125619894384
         478,3057.97551940541,           1.00229494374189,                  0.00557741867221346
         479,3057.97460062162,           1.00258599626449,                  0.00557538826839919
         480,3057.97368183784,           1.00254899228745,                  0.00524551467514692
         481,3057.97276305405,           1.00218428982724,                  0.00442429297340344
         482,3057.97184427027,           1.00214910039182,                  0.00343987105397649
         483,3057.97092548648,           1.00243978320316,                  0.00294738910448494
         484, 3057.9700067027,           1.00224084225551,                  0.00261895369526182
         485,3057.96908791892,           1.00236929601801,                  0.00310888289656256
         486,3057.96816913513,           1.00200695810904,                  0.00310775909305776
         487,3057.96725035135,           1.00213704211788,                  0.00376067090368922
         488,3057.96633156756,           1.00210194601627,                  0.00474000268055324
         489,3057.96541278378,           1.00223190214923,                   0.0050650780838973
         490,     3057.964494,           1.00236176488843,                  0.00522658896471072
         491,3057.96357521621,           1.00232826209766,                  0.00506143934273128
         492,3057.96265643243,           1.00229641925075,                   0.0047332024358039
         493,3057.96173764865,           1.00226296391168,                  0.00375257173530338
         494,3057.96081886486,           1.00223116718749,                  0.00277264928269932
         495,3057.95990008108,           1.00203635438762,                  0.00228254294849116
         496, 3057.9589812973,           1.00216927517525,                  0.00228173196494608
         497,3057.95806251351,           1.00230046856569,                  0.00211799513838654
         498,3057.95714372973,           1.00227033612049,                  0.00260583772797008
         499,3057.95622494594,           1.00224022506447,                  0.00260491286566464
         500,3057.95530616216,           1.00221013537486,                  0.00227849007717571
         501,3057.95438737838,           1.00218006702893,                  0.00162691569322878
         502,3057.95346859459,           1.00231428399501,                 0.000325268305693659
         503,3057.95254981081,           1.00212162348905,                -0.000975459075427373
         504,3057.95163102703,           1.00225576618041,                 -0.00227526848168084
         505,3057.95071224324,           1.00238981428982,                 -0.00324923764761693
         506,3057.94979345946,           1.00203818139002,                 -0.00357290761597739
         507,3057.94887467568,           1.00200986424487,                 -0.00357164890041918
         508,3057.94795589189,           1.00214548393484,                 -0.00357039686584072
         509,3057.94703710811,           1.00211877467983,                 -0.00308244402119424
         510,3057.94611832432,            1.0024164382673,                 -0.00275701010363114
         511,3057.94519954054,           1.00238965283565,                 -0.00291816492819693
         512,3057.94428075676,           1.00204038305396,                 -0.00259302056103241
         513,3057.94336197297,           1.00185336392032,                 -0.00194408802830592
         514,3057.94244318919,           1.00215232780163,                 -0.00161950925630515
         515, 3057.9415244054,           1.00196539989574,                 -0.00145705099354688
         516,3057.94060562162,           1.00210227852035,                   -0.001942058679303
         517,3057.93968683784,           1.00191711898271,                 -0.00226495069687679
         518,3057.93876805405,           1.00221726621265,                 -0.00307279781475558
         519,3057.93784927027,           1.00219386526078,                  -0.0033950752009157
         520,3057.93693048648,           1.00184725182907,                 -0.00355551533154372
         521, 3057.9360117027,           1.00198555344273,                 -0.00387740298010731
         522,3057.93509291892,           1.00180237215432,                 -0.00290705186180521
         523,3057.93417413513,           1.00210365888114,                 -0.00226026280398517
         524,3057.93325535135,           1.00175917109149,                 -0.00129113474604993
         525,3057.93233656757,           1.00206026559195,                -0.000322672763030736
         526,3057.93141778378,           1.00187731034972,                 0.000806404789399325
         527,     3057.930499,           1.00185732158749,                 0.000967354993486476
         528,3057.92958021621,           1.00215968797344,                 0.000805853721432486
         529,3057.92866143243,           1.00181738502784,                 0.000483347081872551
         530,3057.92774264865,           1.00179743720244,                -0.000322121362444515
         531,3057.92682386486,           1.00177911591624,                -0.000805029826355066
         532,3057.92590508108,           1.00175919472982,                 -0.00112665719201619
         533, 3057.9249862973,           1.00174089889593,                -0.000965378315672273
         534,3057.92406751351,           1.00172261548038,                                    0
         535,3057.92314872973,            1.0015451676129,                 0.000803937363632125
         536,3057.92222994595,           1.00168769589327,                  0.00112513059551555
         537,3057.92131116216,           1.00183173725818,                   0.0014461083617199
         538,3057.92039237838,           1.00181505694139,                 0.000642498032349776
         539,3057.91947359459,            1.0019589582196,                                    0
         540,3057.91855481081,           1.00178173004382,                 -0.00112361354114833
         541,3057.91763602702,           1.00160622850807,                 -0.00160462388418467
         542,3057.91671724324,            1.0015896466044,                 -0.00208530836096367
         543,3057.91579845946,           1.00173503651274,                 -0.00160354576038536
         544,3057.91487967567,           1.00172002814883,                 -0.00112210596848165
         545,3057.91396089189,           1.00186688246653,                -0.000801237110097991
         546,3057.91304210811,           1.00185183998565,                -0.000640775081538629
         547,3057.91212332432,           1.00151813109735,                -0.000640561644449854
         548,3057.91120454054,           1.00182499279608,                 -0.00128069669900426
         549,3057.91028575676,           1.00149151500797,                 -0.00272057458535243
         550,3057.90936697297,           1.00163820079478,                 -0.00399951365913905
         551,3057.90844818919,            1.0017863911221,                 -0.00495775512847783
         552, 3057.9075294054,           1.00145485939024,                 -0.00575548769764505
         553,3057.90661062162,           1.00144319055389,                 -0.00655269243739382
         554,3057.90569183784,           1.00159129834607,                 -0.00623098749968046
         555,3057.90477305405,           1.00141987602837,                 -0.00606921136986892
         556,3057.90385427027,            1.0017291563218,                 -0.00510923382248925
         557,3057.90293548649,           1.00155780145693,                 -0.00430949173535252
         558, 3057.9020167027,           1.00154771592233,                 -0.00319116685015876
         559,3057.90109791892,            1.0016987406988,                 -0.00255209870241732
         560,3057.90017913513,           1.00136970792852,                 -0.00191344530177424
         561,3057.89926035135,           1.00151909549261,                 -0.00143461274223038
         562,3057.89834156757,           1.00151063178828,                 -0.00127479475804395
         563,3057.89742278378,           1.00134287630405,                -0.000318594615432405
         564,     3057.896504,           1.00149372095764,                 0.000636981218608769
         565,3057.89558521621,           1.00132767453189,                  0.00191032306746943
         566,3057.89466643243,           1.00163756761531,                  0.00222798315008172
         567,3057.89374764865,           1.00131249254266,                  0.00222726007238595
         568,3057.89282886486,           1.00130570518417,                  0.00159038390277029
         569,3057.89191008108,           1.00113993541956,                 0.000317973617728937
         570, 3057.8909912973,           1.00129214367112,                -0.000476805782700533
         571,3057.89007251351,           1.00128696039022,                 -0.00142995598913233
         572,3057.88915372973,           1.00128178045182,                 -0.00158832769741722
         573,3057.88823494595,           1.00111623269085,                 -0.00174659453760497
         574,3057.88731616216,           1.00127143058957,                 -0.00142857369614872
         575,3057.88639737838,           1.00110758137867,                 -0.00111075496428129
         576,3057.88547859459,           1.00126109405858,                  -0.0011103972842855
         577,3057.88455981081,            1.0010989411789,                 -0.00126861896553638
         578,3057.88364102703,           1.00141247192098,                 -0.00142673931411885
         579,3057.88272224324,           1.00125037439918,                  -0.0012678067418793
         580,3057.88180345946,           1.00108838062587,                 -0.00158425127492621
         581,3057.88088467567,            1.0010864504113,                 -0.00174212165077113
         582,3057.87996589189,           1.00108452142524,                 -0.00174156725220269
         583,3057.87904710811,           1.00108100921628,                 -0.00205755780550381
         584,3057.87812832432,           1.00107908319067,                   -0.002373350126104
         585,3057.87720954054,            1.0010787418264,                 -0.00300529247822745
         586,3057.87629075676,           1.00091869472612,                 -0.00300433731434381
         587,3057.87537197297,           1.00091840428441,                 -0.00284531447838272
         588,3057.87445318919,           1.00107613709449,                 -0.00252836909131995
         589,3057.87353440541,           1.00091782395157,                 -0.00205365083828448
         590,3057.87261562162,           1.00075961081395,                   -0.001737155707583
         591,3057.87169683784,           1.00091724435169,                 -0.00110511367672899
         592,3057.87077805405,           1.00107635831053,                -0.000946942795185743
         593,3057.86985927027,           1.00107759810797,                -0.000315548494281472
         594,3057.86894048649,           1.00076338767476,                -0.000315449452379751
         595, 3057.8680217027,           1.00076472489613,                 -0.00015767523631576
         596,3057.86710291892,            1.0007660612786,                 0.000157625777489147
         597,3057.86618413513,           1.00076897379816,                  0.00031515319596856
         598,3057.86526535135,           1.00077030801294,                 0.000945163206056606
         599,3057.86434656757,           1.00061573930448,                    0.001574780829878
         600,3057.86342778378,           1.00077612494825,                  0.00188914794704718
         601,     3057.862509,            1.0006232255384,                  0.00267546316988876
         602,3057.86159021621,             1.000468846857,                  0.00298929204124594
         603,3057.86067143243,           1.00031613764728,                  0.00330293064317497
         604,3057.85975264865,           1.00063522412091,                  0.00361637494575438
         605,3057.85883386486,           1.00063974297108,                  0.00345807011394341
         606,3057.85791508108,           1.00064425902355,                  0.00377127233300335
         607, 3057.8569962973,           1.00033459684222,                  0.00377010526448074
         608,3057.85607751351,           1.00034077542899,                  0.00314078736398428
         609,3057.85515872973,           1.00066093230703,                  0.00329681198281262
         610,3057.85423994595,           1.00035312119904,                  0.00329579785773139
         611,3057.85332116216,            1.0005161828825,                  0.00282410087688332
         612,3057.85240237838,           1.00052229804868,                  0.00266638643468059
         613,3057.85148359459,           1.00052997826776,                  0.00188157964883452
         614,3057.85056481081,           1.00037933531674,                  0.00188100157063631
         615,3057.84964602703,           1.00038705451514,                  0.00141032009565104
         616,3057.84872724324,           1.00039476899747,                  0.00109658054854092
         617,3057.84780845946,           1.00056065223587,                  0.00109624738858211
         618,3057.84688967567,           1.00041175006301,                 0.000782794796606428
         619,3057.84597089189,           1.00042101572783,                  0.00046953426895862
         620,3057.84505210811,           1.00058517412842,                  -0.0004693910121009
         621,3057.84413332432,           1.00028154914597,                 -0.00109491334542952
         622,3057.84321454054,           1.00029084586108,                 -0.00125094994011077
         623,3057.84229575676,           1.00045802218828,                 -0.00156321565966919
         624,3057.84137697297,           1.00046725977925,                 -0.00140646756295114
         625,3057.84045818919,           1.00032182773155,                 -0.00140604348736279
         626,3057.83953940541,           1.00048884328434,                 -0.00124943970438257
         627,3057.83862062162,           1.00034349238071,                -0.000780664501623782
         628,3057.83770183784,           1.00035431491572,                 -0.00062434346382632
         629,3057.83678305405,           1.00036669189299,                -0.000936234620395871
         630,3057.83586427027,           1.00053349306927,                 -0.00187190550621005
         631,3057.83494548649,           1.00054580896686,                 -0.00187134502923977
         632, 3057.8340267027,           1.00040221875088,                 -0.00280617733169951
         633,3057.83310791892,           1.00041456655975,                 -0.00296118971251523
         634,3057.83218913513,           1.00073851791607,                 -0.00296030388298386
         635,3057.83127035135,           1.00059655741203,                 -0.00264790496201814
         636,3057.83035156757,           1.00060883606427,                 -0.00264711332292135
         637,3057.82943278378,           1.00062266500623,                 -0.00186799501867995
         638,     3057.828514,           1.00048086574509,                 -0.00140057984005378
         639,3057.82759521621,           1.00049472449446,                -0.000933442442383265
         640,3057.82667643243,           1.00066410253619,                -0.000466582578117588
         641,3057.82575764865,           1.00052397292755,                -0.000155481580874522
         642,3057.82483886486,           1.00053936175008,                -0.000310871325695225
         643,3057.82392008108,           1.00070857625897,                -0.000932337182849968
         644, 3057.8230012973,           1.00056855782047,                 -0.00155343666794048
         645,3057.82208251351,             1.000585473729,                 -0.00170827878488577
         646,3057.82116372973,           1.00075607851417,                  -0.0021735316629225
         647,3057.82024494594,           1.00077137620033,                 -0.00248330366302811
         648,3057.81932616216,           1.00063305673305,                 -0.00263773638772863
         649,3057.81840737838,           1.00064993384325,                 -0.00201650118430666
         650,3057.81748859459,           1.00066680106068,                 -0.00170577015522508
         651,3057.81656981081,           1.00083868297319,                 -0.00124019663317619
         652,3057.81565102703,           1.00070205673176,                -0.000774897054926253
         653,3057.81473224324,           1.00071889389498,                 -0.00046480208727124
         654,3057.81381345946,           1.00089216014275,                -0.000464666741013345
         655,3057.81289467567,           1.00075563786365,                -0.000464531473555772
         656,3057.81197589189,           1.00077399380805,                -0.000928792569659443
         657,3057.81105710811,            1.0007923390716,                 -0.00170229097414375
         658,3057.81013832432,           1.00050125623476,                 -0.00247533943091946
         659,3057.80921954054,           1.00067588154596,                 -0.00324794335586787
         660,3057.80830075676,           1.00085040587553,                 -0.00355624275222265
         661,3057.80738197297,           1.00086870766596,                 -0.00340063499129747
         662,3057.80646318919,           1.00057948618891,                 -0.00309059300753332
         663, 3057.8055444054,           1.00060094761251,                 -0.00339867544348852
         664,3057.80462562162,           1.00062085133854,                 -0.00293437199806023
         665,3057.80370683784,           1.00094953565391,                 -0.00247033666056802
         666,3057.80278805405,           1.00066216885769,                 -0.00231527572618623
         667,3057.80186927027,           1.00052927443111,                 -0.00216030380043731
         668,3057.80095048649,            1.0008592456841,                 -0.00200542080670366
         669, 3057.8000317027,           1.00088058985641,                 -0.00231328333556951
         670,3057.79911291892,           1.00090192178719,                 -0.00215844530268341
         671,3057.79819413513,           1.00092478421702,                 -0.00231196054254007
         672,3057.79727535135,           1.00079354684623,                 -0.00246538826012928
         673,3057.79635656757,           1.00066084282878,                 -0.00292680973118023
         674,3057.79543778378,           1.00068375436586,                 -0.00323397335205958
         675,     3057.794519,           1.00055269798211,                 -0.00400282661140713
         676,3057.79360021622,           1.00057716726307,                 -0.00430951556427719
         677,3057.79268143243,             1.000753950547,                  -0.0046160237571356
         678,3057.79176264865,           1.00047070116014,                 -0.00430706943918879
         679,3057.79084386486,           1.00049363427083,                  -0.0039982838135631
         680,3057.78992508108,           1.00051809249719,                  -0.0035359428591634
         681, 3057.7890062973,            1.0005425368902,                 -0.00322755657061356
         682,3057.78808751351,           1.00056850483229,                 -0.00322664904813853
         683,3057.78716872973,           1.00059292119678,                 -0.00337934360858599
         684,3057.78624994595,           1.00046529698386,                 -0.00291770385920083
         685,3057.78533116216,           1.00048972874554,                 -0.00168871981221436
         686,3057.78441237838,           1.00036220540116,                -0.000920861189384312
         687,3057.78349359459,           1.00008131989867,                -0.000306867542159764
         688,3057.78257481081,           1.00041415489393,                 0.000153390701455678
         689,3057.78165602703,           1.00028676011673,                 0.000153347656004404
         690,3057.78073724324,           1.00031427498294,                 0.000153304869729187
         691,3057.77981845946,            1.0003402413568,                -0.000306523744861896
         692,3057.77889967567,           1.00021450678761,                -0.000612876536021818
         693,3057.77798089189,           1.00024201874267,                -0.000765882097046452
         694,3057.77706210811,           1.00026951536238,                 -0.00107193610035772
         695,3057.77614332432,           1.00014390559793,                -0.000612364246501104
         696,3057.77522454054,           1.00032599363011,                -0.000153048652636187
         697,3057.77430575676,           1.00004743187024,                -0.000306012066055765
         698,3057.77338697297,           1.00007648183556,                -0.000305927342256214
         699,3057.77246818919,           1.00025843705223,                 -0.00137629199410947
         700,3057.77154940541,          0.999980125758088,                 -0.00229318175911502
         701,3057.77063062162,           1.00001069857082,                 -0.00275106106897063
         702,3057.76971183784,           1.00003972655904,                 -0.00336147807246736
         703,3057.76879305405,          0.999763234069854,                 -0.00351330089894677
         704,3057.76787427027,          0.999793841196637,                 -0.00320691471897501
         705,3057.76695548649,          0.999822905089341,                 -0.00244268842287822
         706, 3057.7660367027,          0.999853478958968,                 -0.00137363475967497
         707,3057.76511791892,           1.00018920436513,                -0.000305168330851298
         708,3057.76419913513,          0.999914576329101,                 0.000305084538925736
         709,3057.76328035135,          0.999792599460759,                  0.00137250356850928
         710,3057.76236156757,           1.00012958996211,                  0.00152458778957639
         711,3057.76144278378,          0.999855203895777,                  0.00137175256632043
         712,     3057.760524,          0.999734866839156,                  0.00121900303836507
         713,3057.75960521622,          0.999766929239412,                   0.0013710044740446
         714,3057.75868643243,          0.999951266462798,                  0.00137063073380524
         715,3057.75776764865,          0.999678750812639,                  0.00137025719727593
         716,3057.75684886486,          0.999863011613571,                  0.00106546522778124
         717,3057.75593008108,          0.999742836317599,                 0.000913007156454428
         718, 3057.7550112973,          0.999624247163218,                  0.00136913989110774
         719,3057.75409251351,          0.999809893159956,                  0.00136876924831755
         720,3057.75317372973,          0.999689830075535,                  0.00136839672557868
         721,3057.75225494595,          0.999571351701369,                  0.00121602354221578
         722,3057.75133616216,          0.999756861076498,                 0.000759809135945051
         723,3057.75041737838,          0.999488026349172,                 0.000911525787824142
         724,3057.74949859459,          0.999521578335852,                  0.00182255872056378
         725,3057.74857981081,          0.999403273341806,                  0.00303677688648376
         726,3057.74766102703,          0.999286549174978,                  0.00409854729268182
         727,3057.74674224324,          0.999473402261487,                  0.00515974729378842
         728,3057.74582345946,          0.999660154993598,                  0.00606866082861495
         729,3057.74490467568,          0.999543455872204,                  0.00606703159861732
         730,3057.74398589189,          0.999275184312441,                  0.00561049799993328
         731,3057.74306710811,            0.9996134342952,                   0.0053058037913758
         732,3057.74214832432,          0.999799949077947,                  0.00454661186483832
         733,3057.74122954054,          0.999684852304821,                  0.00393934618974316
         734,3057.74031075676,          0.999418343976831,                  0.00348387722210778
         735,3057.73939197297,          0.999454842813011,                  0.00287721848688594
         736,3057.73847318919,          0.999792592996305,                  0.00211948762900489
         737,3057.73755440541,          0.999679134025112,                   0.0016648706244173
         738,3057.73663562162,          0.999564222682209,                  0.00105918098074106
         739,3057.73571683784,          0.999600643810584,                 0.000453813851608921
         740,3057.73479805405,           0.99978978856359,                                    0
         741,3057.73387927027,          0.999826130341767,                -0.000755955035794471
         742,3057.73296048649,            1.0000151151015,                 -0.00136035913481159
         743, 3057.7320417027,           1.00005288886538,                 -0.00120888835160518
         744,3057.73112291892,          0.999939571562377,                -0.000604284376227453
         745,3057.73020413513,          0.999675282994646,                 0.000151031165280956
         746,3057.72928535135,          0.999713116610548,                  0.00105693880324329
         747,3057.72836656757,           0.99990188160884,                  0.00181141645218993
         748,3057.72744778378,          0.999790232690801,                  0.00241458773178156
         749,     3057.726529,           0.99997887793559,                  0.00241395021831162
         750,3057.72565691111,            1.0001689321677,                  0.00271498126662926
         751,3057.72478482222,           1.00005730123258,                  0.00271426891166864
         752,3057.72391273333,          0.999945728861392,                  0.00286431009322576
         753,3057.72304064444,          0.999834215008063,                    0.002863558951636
         754,3057.72216855556,           1.00032545609055,                  0.00241078585591938
         755,3057.72129646667,            1.0003660426869,                  0.00165698335635536
         756,3057.72042437778,           1.00010391081139,                 0.000451786136490616
         757,3057.71955228889,           1.00044564621713,                -0.000451668463303443
         758,    3057.7186802,           1.00033565279954,                  -0.0019567203560629
         759,3057.71780811111,           1.00037468907578,                 -0.00331050589044332
         760,3057.71693602222,           1.00041520992171,                 -0.00466358970038693
         761,3057.71606393333,           1.00030681490038,                 -0.00526398113389162
         762,3057.71519184444,           1.00064805305916,                  -0.0051122515107455
         763,3057.71431975556,           1.00038782879012,                 -0.00450963709447088
         764,3057.71344766667,           1.00058008998909,                 -0.00315592999245582
         765,3057.71257557778,           1.00047026158864,                  -0.0015024331905521
         766,3057.71170348889,            1.0005121973567,                                    0
         767,    3057.7108314,           1.00040394575414,                  0.00120132566286898
         768,3057.70995931111,           1.00059600392132,                  0.00180152318785533
         769,3057.70908722222,           1.00048778657461,                  0.00210123447525421
         770,3057.70821513333,           1.00037962508647,                  0.00195064273678177
         771,3057.70734304444,           1.00057154086517,                  0.00135009653190203
         772,3057.70647095556,           1.00061338560359,                 0.000599888120865459
         773,3057.70559886667,           1.00065670907788,                -0.000149933579424315
         774,3057.70472677778,           1.00070001034277,                 -0.00104926603840613
         775,3057.70385468889,           1.00074178973633,                 -0.00209799117345142
         776,    3057.7029826,             1.000785046953,                 -0.00329599865762964
         777,3057.70211051111,           1.00067850226242,                 -0.00479295196413674
         778,3057.70123842222,           1.00102123632487,                 -0.00643888005414649
         779,3057.70036633333,           1.00091618412307,                 -0.00778457098031701
         780,3057.69949424444,            1.0008096875145,                 -0.00853090357235329
         781,3057.69862215556,           1.00100249876558,                 -0.00897760088578995
         782,3057.69775006667,           1.00089753178758,                 -0.00882572924457741
         783,3057.69687797778,           1.00109022224681,                 -0.00822527072356959
         784,3057.69600588889,           1.00113479885354,                 -0.00702708117474856
         785,    3057.6951338,           1.00117935280586,                 -0.00582950056127627
         786,3057.69426171111,           1.00107444772042,                 -0.00448309201845241
         787,3057.69338962222,           1.00082019747487,                 -0.00298796894305081
         788,3057.69251753333,           1.00101415788302,                 -0.00179232615556495
         789,3057.69164544444,           1.00091086920814,                -0.000597291284026938
         790,3057.69077335556,           1.00095542352133,                 0.000298569850416505
         791,3057.68990126667,           1.00115069646239,                  0.00119397817109409
         792,3057.68902917778,           1.00104595799158,                  0.00193972238096446
         793,3057.68815708889,           1.00094276576448,                  0.00268509236717743
         794,     3057.687285,           1.00083962555385,                  0.00298268402787617
         795,3057.68641291111,           1.00088563394393,                  0.00298193247115726
         796,3057.68554082222,           1.00093161915409,                  0.00223588596981554
         797,3057.68466873333,           1.00097758120183,                  0.00119217219735219
         798,3057.68379664444,           1.00102352010465,                                    0
         799,3057.68292455556,           1.00077303349365,                  -0.0011915737859725
         800,3057.68205246667,             1.000819000819,                 -0.00208472935745663
         801,3057.68118037778,           1.00086643502184,                 -0.00253082394695393
         802,3057.68030828889,           1.00121002490002,                 -0.00282785646991235
         803,    3057.6794362,           1.00095974287819,                 -0.00327354160001786
         804,3057.67856411111,           1.00115586643123,                 -0.00446280475377962
         805,3057.67769202222,           1.00120316898947,                 -0.00461041269142508
         806,3057.67681993333,           1.00125044791609,                 -0.00505531856684692
         807,3057.67594784444,           1.00100040581098,                 -0.00564865093864227
         808,3057.67507575556,           1.00104919942814,                 -0.00579586086367244
         809,3057.67420366667,           1.00094790673073,                 -0.00564583946204064
         810,3057.67333157778,           1.00114522695843,                  -0.0051988253625438
         811,3057.67245948889,           1.00104396069481,                 -0.00490052673237332
         812,    3057.6715874,           1.00109269497776,                 -0.00460238373784822
         813,3057.67071531111,           1.00099297790958,                 -0.00385910697296102
         814,3057.66984322222,            1.0010417006728,                 -0.00326458900308355
         815,3057.66897113333,           1.00094204564842,                 -0.00267036561755914
         816,3057.66809904444,            1.0009907568908,                   -0.002669704196775
         817,3057.66722695556,           1.00089116383625,                 -0.00252076293114314
         818,3057.66635486667,           1.00108810701992,                 -0.00252013887447633
         819,3057.66548277778,           1.00113674594247,                 -0.00222310158240371
         820,3057.66461068889,           1.00103867393491,                 -0.00162987350699883
         821,    3057.6637386,           1.00094065015961,                -0.000740669417019102
         822,3057.66286651111,           1.00069309511398,                -0.000148097246575992
         823,3057.66199442222,           1.00074326545237,                 0.000296121694171437
         824,3057.66112233333,           1.00094143560048,                -0.000148024465483655
         825,3057.66025024444,           1.00084353218001,                -0.000591952407026475
         826,3057.65937815555,           1.00089362860558,                -0.000739758779457195
         827,3057.65850606667,           1.00079578500197,                 -0.00103540799512471
         828,3057.65763397778,           1.00084586855321,                 -0.00103515382385823
         829,3057.65676188889,           1.00060024187086,                 -0.00162627107869082
         830,    3057.6558898,           1.00065182785241,                 -0.00177368123105302
         831,3057.65501771111,           1.00070190993387,                 -0.00251209871070228
         832,3057.65414562222,           1.00060571141544,                 -0.00295468983143495
         833,3057.65327353333,           1.00080347858966,                 -0.00324936194347292
         834,3057.65240144444,           1.00055964005842,                 -0.00324857025992992
         835,3057.65152935556,           1.00075879926659,                 -0.00280490001269586
         836,3057.65065726667,           1.00066268074285,                 -0.00250903622015169
         837,3057.64978517778,           1.00056660902207,                 -0.00177065319396325
         838,3057.64891308889,           1.00061810258733,                 -0.00103262962083316
         839,     3057.648041,           1.00052208847187,                -0.000294965238346661
         840,3057.64716891111,           1.00042612107441,                 0.000589786954207466
         841,3057.64629682222,           1.00033167495854,                 0.000589644370738898
         842,3057.64542473333,           1.00038317564182,                 0.000294750493707077
         843,3057.64455264444,           1.00058346495674,                                    0
         844,3057.64368055556,           1.00019296801003,                -0.000441911473347583
         845,3057.64280846667,           1.00024593797356,                -0.000441804742921184
         846,3057.64193637778,           1.00000441698064,                -0.000441698064037385
         847,3057.64106428889,           1.00020460403232,                 -0.00044159143665886
         848,    3057.6401922,          0.999963209594938,                -0.000441484860748317
         849,3057.63932011111,           1.00016330998442,                                    0
         850,3057.63844802222,           1.00021622321296,                 0.000147090621060729
         851,3057.63757593333,           1.00012205577214,                 0.000441165441452199
         852,3057.63670384444,           1.00017495343151,                 0.000882118142082769
         853,3057.63583175556,           1.00008084133785,                  0.00102888975446281
         854,3057.63495966667,           1.00013519312043,                   0.0014694904394952
         855,3057.63408757778,           1.00004113581872,                   0.0019098772977293
         856,3057.63321548889,          0.999948592537105,                  0.00190942005037931
         857,    3057.6323434,           1.00000146843094,                  0.00234948949998458
         858,3057.63147131111,           1.00005578702276,                    0.002055311364991
         859,3057.63059922222,          0.999963306791913,                  0.00190804682053352
         860,3057.62972713333,           1.00001760852722,                  0.00132063954170873
         861,3057.62885504444,          0.999778479016388,                  0.00117362110522834
         862,3057.62798295556,            0.9998327989745,                 0.000586670264910958
         863,3057.62711086667,           1.00003372547755,                  0.00117306008853671
         864,3057.62623877778,          0.999941361010936,                  0.00146597472659571
         865,3057.62536668889,           0.99999560312647,                  0.00205187431390453
         866,    3057.6244946,          0.999903291885603,                  0.00219791169083881
         867,3057.62362251111,          0.999665996706845,                  0.00219739008654787
         868,3057.62275042222,           1.00001318119307,                  0.00278269631556362
         869,3057.62187833333,          0.999922395831045,                  0.00322130512641426
         870,3057.62100624445,          0.999830189894542,                   0.0038060885706088
         871,3057.62013415556,          0.999885844414719,                  0.00453695274836889
         872,3057.61926206667,            1.0002341097975,                  0.00512115182020368
         873,3057.61838997778,          0.999995611487954,                  0.00555878192459659
         874,3057.61751788889,          0.999904938100078,                      0.0054112158417
         875,    3057.6166458,          0.999960522102505,                  0.00482507636048876
         876,3057.61577371111,          0.999869899969156,                  0.00453157410804734
         877,3057.61490162222,           1.00021775634964,                   0.0037997752286807
         878,3057.61402953333,          0.999981005620875,                   0.0035066546076711
         879,3057.61315744444,          0.999744366942994,                  0.00292152065149911
         880,3057.61228535556,           1.00009346667913,                  0.00233666697822226
         881,3057.61141326667,           1.00000292014285,                  0.00160607856936361
         882,3057.61054117778,          0.999912416430678,                 0.000875835693223951
         883,3057.60966908889,           1.00011529127099,                 0.000437814953131909
         884,     3057.608797,           1.00002480364993,                                    0
         885,3057.60792491111,           1.00037342606747,                 0.000291739115213611
         886,3057.60705282222,           1.00028292008528,                  0.00072917547753702
         887,3057.60618073333,           1.00004811428455,                 0.000583203449065198
         888,3057.60530864444,           1.00039648527465,                  0.00043729993527961
         889,3057.60443655556,           1.00030603768636,                                    0
         890,3057.60356446667,           1.00021709008947,                -0.000145698046626289
         891,3057.60269237778,           1.00027384809006,                -0.000145663877688955
         892,3057.60182028889,           1.00033057947524,                -0.000291259449548766
         893,    3057.6009482,           1.00024168867587,                -0.000145595587871305
         894,3057.60007611111,           1.00029840100729,                -0.000582245867873856
         895,3057.59920402222,           1.00035508676341,                 -0.00101869153438229
         896,3057.59833193333,           1.00041174596293,                 -0.00130943945806666
         897,3057.59745984444,            1.0004698338999,                 -0.00189097235252961
         898,3057.59658775555,           1.00067186513834,                 -0.00232680567391564
         899,3057.59571566667,           1.00058301916694,                 -0.00290782626901173
         900,3057.59484357778,            1.0004956690733,                 -0.00363393748755376
         901,3057.59397148889,           1.00055222926234,                 -0.00450502819275708
         902,    3057.5930994,           1.00061021677224,                 -0.00493985006102168
         903,3057.59222731111,           1.00037621234064,                  -0.0052292062791147
         904,3057.59135522222,           1.00043421371738,                 -0.00479232530885084
         905,3057.59048313333,           1.00049073555161,                 -0.00421045295762542
         906,3057.58961104444,           1.00069383761877,                 -0.00377401215231913
         907,3057.58873895555,           1.00031636292923,                 -0.00348289463373009
         908,3057.58786686667,           1.00037432425766,                 -0.00275665150991959
         909,3057.58699477778,           1.00057731193121,                 -0.00232085198476361
         910,3057.58612268889,           1.00034369593496,                  -0.0017402325820846
         911,    3057.5852506,           1.00054659624226,                 -0.00144985740652407
         912,3057.58437851111,           1.00045949820477,                 -0.00188437749589423
         913,3057.58350642222,           1.00037244055805,                 -0.00217377757618004
         914,3057.58263433333,           1.00086641302112,                 -0.00246304704999406
         915,3057.58176224444,           1.00048959821079,                  -0.0027521792914442
         916,3057.58089015556,           1.00040259397963,                 -0.00260672360909573
         917,3057.58001806667,           1.00046041448887,                 -0.00260611974830675
         918,3057.57914597778,            1.0003734573173,                 -0.00260551616722782
         919,3057.57827388889,           1.00014327041495,                 -0.00231548145371714
         920,    3057.5774018,           1.00034579497396,                 -0.00231494543239564
         921,3057.57652971111,           1.00040357518432,                 -0.00202510845179012
         922,3057.57565762222,           1.00031815815353,                 -0.00173540811014057
         923,3057.57478553333,           1.00023133422011,                 -0.00144583887571569
         924,3057.57391344444,           1.00029054682068,                 -0.00159005722760513
         925,3057.57304135556,           1.00049280376438,                   -0.001300655096617
         926,3057.57216926667,           1.00026296094019,                 -0.00173380839683407
         927,3057.57129717778,           1.00017767454357,                 -0.00187786102961676
         928,3057.57042508889,           1.00023540047687,                  -0.0023106795275238
         929,     3057.569553,           1.00029454400545,                 -0.00259891769516428
         930,3057.56868091111,            1.0000649580299,                 -0.00288702355089462
         931,3057.56780882222,            1.0002669880144,                 -0.00303067475808721
         932,3057.56693673333,           1.00032608350623,                 -0.00302997948271036
         933,3057.56606464444,           1.00024090024566,                  -0.0031735361703785
         934,3057.56519255555,           1.00015575605141,                 -0.00259593419018391
         935,3057.56432046667,           1.00007065089662,                 -0.00245115355611916
         936,3057.56344837778,          0.999985584754436,                  -0.0015856770120079
         937,3057.56257628889,          0.999900557598048,                 -0.00115295538495019
         938,    3057.5617042,          0.999815569400658,                 -0.00086451843441475
         939,3057.56083211111,           1.00001872694245,                 -0.00100837382434416
         940,3057.55996002222,           1.00007777102482,                 -0.00172824499601063
         941,3057.55908793333,          0.999992800627785,                 -0.00244778655301258
         942,3057.55821584444,            1.0001957781028,                 -0.00345490769638271
         943,3057.55734375555,          0.999966898044538,                 -0.00446156791010085
         944,3057.55647166666,          0.999882011332668,                 -0.00460443579833722
         945,3057.55559957778,          0.999942457634433,                 -0.00489110107316512
         946,3057.55472748889,          0.999713792195876,                 -0.00488998258303262
         947,    3057.5538554,          0.999772811586034,                 -0.00517644487517578
         948,3057.55298331111,          0.999833241328549,                 -0.00560654154016009
         949,3057.55211122222,          0.999748481908663,                  -0.0061801588157091
         950,3057.55123913333,          0.999663761218736,                 -0.00675351398264778
         951,3057.55036704445,          0.999724174390741,                 -0.00747027691741896
         952,3057.54949495555,          0.999639497824779,                 -0.00775582369001983
         953,3057.54862286667,          0.999411266351718,                 -0.00818483364684597
         954,3057.54775077778,          0.999615256514798,                 -0.00847009911451574
         955,3057.54687868889,          0.999387134415632,                 -0.00803758143433511
         956,    3057.5460066,          0.999160550162509,                 -0.00746177633325441
         957,3057.54513451111,          0.999219561462404,                  -0.0068862223905521
         958,3057.54426242222,          0.999279979116526,                 -0.00573721819501378
         959,3057.54339033333,          0.999195538609128,                 -0.00473212582865976
         960,3057.54251824445,          0.999255934246952,                 -0.00372749702875477
         961,3057.54164615556,          0.998742971317673,                 -0.00257999045403532
         962,3057.54077406667,          0.999231911222694,                -0.000716500725098734
         963,3057.53990197778,          0.999005722112224,                  0.00100287395020588
         964,3057.53902988889,          0.998636400096254,                   0.0027214703961315
         965,    3057.5381578,          0.998552221001817,                  0.00386647210197176
         966,3057.53728571111,          0.998612680018727,                   0.0047246191312714
         967,3057.53641362222,          0.998386835893832,                  0.00572551590476749
         968,3057.53554153333,          0.998588981462136,                  0.00543800247858429
         969,3057.53466944445,          0.998363245124073,                  0.00500755425327351
         970,3057.53379735556,          0.998566732751444,                  0.00443425995062237
         971,3057.53292526667,          0.998341103452221,                  0.00357520807711009
         972,3057.53205317778,          0.998257124842191,                  0.00271654044285328
         973,3057.53118108889,          0.998317554750942,                  0.00243003986694817
         974,     3057.530309,          0.998377957369576,                  0.00171493493965573
         975,3057.52943691111,          0.998152574750712,                  0.00114303186344198
         976,3057.52856482222,          0.998070140604042,                 0.000714233677260657
         977,3057.52769273333,          0.997986318390197,                 0.000999700089973008
         978,3057.52682064444,            0.9980467411418,                 0.000713910401388984
         979,3057.52594855555,          0.997964386760805,                 0.000570999506085427
         980,3057.52507646667,           0.99788206952064,                 0.000142717687288421
         981,3057.52420437778,          0.997799789396183,                -0.000142685512569167
         982,3057.52333228889,          0.997574893009986,                -0.000570613409415121
         983,    3057.5224602,          0.997920582807299,                -0.000713106033162283
         984,3057.52158811111,          0.997838349617006,                -0.000712945376976998
         985,3057.52071602222,          0.998041267388385,                -0.000285113917265644
         986,3057.51984393333,          0.997957621719617,                -0.000285049306403775
         987,3057.51897184444,          0.997732943283684,                -0.000284985130900795
         988,3057.51809975555,          0.997650826484545,                                    0
         989,3057.51722766667,          0.997711175077303,                 0.000284856866545982
         990,3057.51635557778,          0.997344307348366,                 0.000854378332965476
         991,3057.51548348889,           0.99754706209791,                  0.00128127922918242
         992,    3057.5146114,          0.997465060968059,                  0.00128099108857199
         993,3057.51373931111,          0.997525397053529,                   0.0012807030775295
         994,3057.51286722222,          0.997585706013826,                  0.00028453671021501
         995,3057.51199513333,          0.997219278719304,                 -0.00042670914793295
         996,3057.51112304445,          0.997279629358388,                 -0.00127983982093619
         997,3057.51025095555,           0.99733995288404,                 -0.00199041473134377
         998,3057.50937886667,          0.997115968211687,                 -0.00227424882272088
         999,3057.50850677778,          0.997460518668101,                 -0.00213162954552237
        1000,3057.50763468889,          0.997378684227351,                  -0.0012786906208043
        1001,    3057.5067626,          0.997012796820468,                -0.000568179396962797
        1002,3057.50589051111,          0.997073112541024,                                    0
        1003,3057.50501842222,          0.997133401200308,                 0.000851886716104492
        1004,3057.50414633333,          0.997193662816529,                  0.00141949275845769
        1005,3057.50327424444,          0.997111979961256,                    0.001419174466213
        1006,3057.50240215556,           0.99731410499253,                  0.00141885631667738
        1007,3057.50153006667,          0.997374285588644,                  0.00141853830975486
        1008,3057.50065797778,          0.996867151036223,                  0.00156004248988454
        1009,3057.49978588889,          0.996927404798466,                  0.00155969299570234
        1010,    3057.4989138,          0.996987631569621,                  0.00113406811496616
        1011,3057.49804171111,          0.997189558138447,                 0.000708633853139886
        1012,3057.49716962222,          0.996824614128979,                 0.000283390082197293
        1013,3057.49629753333,          0.996884823466247,                -0.000283326651546468
        1014,3057.49542544444,          0.996945005856468,                -0.000566526498568812
        1015,3057.49455335555,          0.996863561380033,                -0.000991199563872192
        1016,3057.49368126667,           0.99678215333825,                 -0.00184038744402745
        1017,3057.49280917778,          0.996842318312997,                 -0.00254765891376316
        1018,3057.49193708889,          0.996760951422762,                 -0.00268859427555827
        1019,     3057.491065,          0.996679620908061,                 -0.00311241329453191
        1020,3057.49019291111,          0.996739768459912,                 -0.00339460116972299
        1021,3057.48932082222,          0.996799889134471,                 -0.00311102249410673
        1022,3057.48844873333,            0.9970013614752,                 -0.00212067788175383
        1023,3057.48757664445,           0.99649600906882,                -0.000848081709845805
