"SCAN INDEX",      WAVENUMBER,"SCIENCE DIRECT ABSORPTION","SCIENCE HARMONIC ABSORPTION SPECTRA"
           0, 3058.4135858421,                          1,                                    0
           1,3058.41269123684,                          1,                                    0
           2,3058.41179663158,                          1,                                    0
           3,3058.41090202631,                          1,                                    0
           4,3058.41000742105,                          1,                                    0
           5,3058.40911281578,                          1,                                    0
           6,3058.40821821052,                          1,                                    0
           7,3058.40732360526,                          1,                                    0
           8,     3058.406429,                          1,                                    0
           9,3058.40553439473,                          1,                                    0
          10,3058.40463978946,                          1,                                    0
          11, 3058.4037451842,                          1,                                    0
          12,3058.40285057895,                          1,                                    0
          13,3058.40195597368,                          1,                                    0
          14,3058.40106136841,                          1,                                    0
          15,3058.40016676315,                          1,                                    0
          16,3058.39927215789,                          1,                                    0
          17,3058.39837755263,                          1,                                    0
          18,3058.39748294736,                          1,                                    0
          19, 3058.3965883421,                          1,                                    0
          20,3058.39569373683,                          1,                                    0
          21,3058.39479913157,                          1,                                    0
          22,3058.39390452631,                          1,                                    0
          23,3058.39300992105,                          1,                                    0
          24,3058.39211531579,                          1,                                    0
          25,3058.39122071052,                          1,                                    0
          26,3058.39032610526,                          1,                                    0
          27,3058.38943149999,                          1,                                    0
          28,3058.38853689474,                          1,                                    0
          29,3058.38764228947,                          1,                                    0
          30,3058.38674768421,                          1,                                    0
          31,3058.38585307894,                          1,                                    0
          32,3058.38495847368,                          1,                                    0
          33,3058.38406386842,                          1,                                    0
          34,3058.38316926315,                          1,                                    0
          35,3058.38227465789,                          1,                                    0
          36,3058.38138005263,                          1,                                    0
          37,3058.38048544736,                          1,                                    0
          38, 3058.3795908421,                          1,                                    0
          39,3058.37869623684,                          1,                                    0
          40,3058.37780163157,                          1,                                    0
          41,3058.37690702632,                          1,                                    0
          42,3058.37601242105,                          1,                                    0
          43,3058.37511781578,                          1,                                    0
          44,3058.37422321052,                          1,                                    0
          45,3058.37332860526,                          1,                                    0
          46,     3058.372434,                          1,                                    0
          47,3058.37153939473,                          1,                                    0
          48,3058.37064478947,                          1,                                    0
          49, 3058.3697501842,                          1,                                    0
          50,3058.36885557895,                          1,                                    0
          51,3058.36796097368,                          1,                                    0
          52,3058.36706636842,                          1,                                    0
          53,3058.36617176315,                          1,                                    0
          54,3058.36527715789,                          1,                                    0
          55,3058.36438255263,                          1,                                    0
          56,3058.36348794736,                          1,                                    0
          57,3058.36259334211,                          1,                                    0
          58,3058.36169873684,                          1,                                    0
          59,3058.36080413157,                          1,                                    0
          60,3058.35990952631,                          1,                                    0
          61,3058.35901492105,                          1,                                    0
          62,3058.35812031579,                          1,                                    0
          63,3058.35722571053,                          1,                                    0
          64,3058.35633110526,                          1,                                    0
          65,3058.35543649999,                          1,                                    0
          66,3058.35454189473,                          1,                                    0
          67,3058.35364728947,                          1,                                    0
          68,3058.35275268421,                          1,                                    0
          69,3058.35185807894,                          1,                                    0
          70,3058.35096347368,                          1,                                    0
          71,3058.35006886841,                          1,                                    0
          72,3058.34917426315,                          1,                                    0
          73,3058.34827965789,                          1,                                    0
          74,3058.34738505263,                          1,                                    0
          75,3058.34649044737,                          1,                                    0
          76, 3058.3455958421,                          1,                                    0
          77,3058.34470123683,                          1,                                    0
          78,3058.34380663157,                          1,                                    0
          79,3058.34291202632,                          1,                                    0
          80,3058.34201742105,                          1,                                    0
          81,3058.34112281579,                          1,                                    0
          82,3058.34022821052,                          1,                                    0
          83,3058.33933360526,                          1,                                    0
          84,     3058.338439,                          1,                                    0
          85,3058.33754439473,                          1,                                    0
          86,3058.33664978947,                          1,                                    0
          87,3058.33575518421,                          1,                                    0
          88,3058.33486057894,                          1,                                    0
          89,3058.33396597368,                          1,                                    0
          90,3058.33307136841,                          1,                                    0
          91,3058.33217676316,          0.994096761857433,                 -0.00155297287538752
          92,3058.33128215789,          0.993775804799305,                 0.000194021047403222
          93,3058.33038755263,          0.992871492952939,                  0.00174528192120634
          94,3058.32949294736,          0.991776223342501,                  0.00290729789918654
          95, 3058.3285983421,          0.990873886840846,                  0.00348694622935195
          96,3058.32770373684,          0.990359724209503,                  0.00464684914585104
          97,3058.32680913158,          0.989848010434527,                  0.00483796681541802
          98,3058.32591452631,           0.98972174834724,                  0.00541571408124345
          99,3058.32501992105,          0.989404211637388,                  0.00502628165349201
         100,3058.32412531578,          0.989857965139533,                  0.00502367891735855
         101,3058.32323071052,          0.989538775281615,                  0.00444172362050686
         102,3058.32233610526,          0.989993900602991,                  0.00424641563916276
         103,3058.32144149999,          0.990253727196963,                   0.0036654628514986
         104,3058.32054689473,          0.990322375385399,                  0.00327793621136133
         105,3058.31965228947,          0.990389044242774,                  0.00308352300211799
         106,3058.31875768421,          0.990455644268089,                   0.0025040691123075
         107,3058.31786307894,           0.99033156085033,                  0.00250278193838536
         108,3058.31696847369,          0.990398121957321,                  0.00269391367930882
         109,3058.31607386842,          0.990466519346792,                  0.00269253034385536
         110,3058.31517926315,          0.990532942476813,                  0.00211446970061031
         111,3058.31428465789,          0.990599297204765,                 0.000960627712572503
         112,3058.31339005263,          0.990475458944619,                 0.000192027037406867
         113,3058.31249544737,          0.990541775106136,                                    0
         114, 3058.3116008421,           0.99060992336393,                 0.000191829961921753
         115,3058.31070623684,          0.990484371015582,                 0.000383462783978158
         116,3058.30981163157,          0.990744112067148,                  0.00172469961481709
         117,3058.30891702631,          0.991001689338017,                  0.00287302383843646
         118,3058.30802242105,          0.991067565653201,                  0.00382873311050107
         119,3058.30712781578,          0.991135270830583,                  0.00420945481819939
         120,3058.30623321052,          0.991201011281294,                  0.00420729736604061
         121,3058.30533860526,          0.991077435928803,                  0.00420515016208942
         122,3058.30444399999,          0.991334184121841,                  0.00458508776622166
         123,3058.30354939473,          0.991401615037531,                  0.00477369806932555
         124,3058.30265478946,           0.99127623475345,                  0.00572550770939613
         125,3058.30176018421,          0.991341735353531,                  0.00629483880443843
         126,3058.30086557895,          0.991409059190934,                  0.00667294559070821
         127,3058.29997097368,          0.992046099844886,                  0.00647897952261354
         128,3058.29907636841,          0.991922535573412,                  0.00571383949063026
         129,3058.29818176314,          0.991987573028446,                  0.00533019613218125
         130,3058.29728715789,           0.99205443170921,                  0.00437615111801148
         131,3058.29639255263,          0.992309506241395,                  0.00342306843854831
         132,3058.29549794736,          0.992376133553566,                  0.00323125728220851
         133, 3058.2946033421,          0.992440807858976,                  0.00341958930732419
         134,3058.29370873684,          0.992887062656889,                  0.00379761737485901
         135,3058.29281413159,          0.993141195716948,                  0.00417525440584232
         136,3058.29191952631,          0.993017578402863,                  0.00379376343229365
         137,3058.29102492105,          0.992892203796007,                  0.00398142758825972
         138,3058.29013031578,           0.99314782951436,                  0.00284243797800332
         139,3058.28923571053,          0.993401315191369,                  0.00189399678778145
         140,3058.28834110526,          0.993277816795425,                  0.00094651974156225
         141,    3058.2874465,          0.993532859807991,                -0.000756833258280702
         142,3058.28655189474,          0.993785765886389,                 -0.00189112419769056
         143,3058.28565728946,          0.993851277660272,                  -0.0032132886497194
         144,3058.28476268421,          0.993914845622977,                 -0.00340058301106512
         145,3058.28386807894,          0.994169052168856,                 -0.00358769458522474
         146,3058.28297347368,          0.994045540761152,                 -0.00320842494644761
         147,3058.28207886841,          0.994108914346293,                 -0.00320680294950417
         148,3058.28118426315,          0.994174098305021,                 -0.00245102660306567
         149,3058.28028965789,          0.994425788360865,                 -0.00207289817547272
         150,3058.27939505263,          0.994490747280689,                 -0.00226020624381975
         151,3058.27850044736,          0.994743896745433,                 -0.00263558186117261
         152, 3058.2776058421,          0.994808630581098,                 -0.00282241903890987
         153,3058.27671123685,          0.995059494815949,                 -0.00206873075845312
         154,3058.27581663158,          0.994936033113155,                 -0.00131580431358248
         155,3058.27492202631,          0.995188450778847,                -0.000563633255113563
         156,3058.27402742104,          0.994875396457282,                -0.000187783200539313
         157,3058.27313281578,          0.995502969241511,                                    0
         158,3058.27223821053,           0.99556712808805,                 -0.00037519017451971
         159,3058.27134360526,          0.995631222695142,                -0.000937505859411621
         160,     3058.270449,          0.995695253159219,                -0.000749629401964404
         161,3058.26955439473,          0.995944667659427,                                    0
         162,3058.26865978947,          0.995821257666644,                 0.000936098192956048
         163, 3058.2677651842,           0.99607222318904,                  0.00205838708530517
         164,3058.26687057895,          0.995948872754205,                  0.00317955508672704
         165,3058.26597597368,          0.996199524052545,                   0.0041126645766853
         166,3058.26508136842,          0.996449925261584,                  0.00429745889387145
         167,3058.26418676315,          0.996326571011846,                  0.00392181030763801
         168,3058.26329215789,          0.996576659312271,                  0.00317321655896396
         169,3058.26239755263,          0.996639931641919,                  0.00205223497717355
         170,3058.26150294736,           0.99670314096683,                 0.000745895708861987
         171, 3058.2606083421,           0.99695266851184,                 -0.00111828678464592
         172,3058.25971373684,          0.996829370978499,                 -0.00279432639967809
         173,3058.25881913157,          0.997264783482197,                 -0.00428250373788098
         174,3058.25792452631,          0.997513659981836,                 -0.00446647907454554
         175,3058.25702992105,          0.997204256672675,                  -0.0046502716688709
         176,3058.25613531579,          0.997266997601651,                 -0.00390428914049863
         177,3058.25524071052,          0.997331529576167,                 -0.00278739946779253
         178,3058.25434610526,          0.997394145277794,                 -0.00167161029934826
         179,    3058.2534515,          0.997456698906566,                   -0.001670781740212
         180,3058.25255689473,           0.99751919055474,                 -0.00259770622540297
         181,3058.25166228948,          0.997768929327174,                 -0.00408009599353119
         182,3058.25076768421,           0.99783120470091,                 -0.00481954510908855
         183,3058.24987307894,          0.997893418461213,                 -0.00592881347767524
         184,3058.24897847368,          0.997772234598697,                 -0.00666662962983539
         185,3058.24808386841,          0.997834416125271,                 -0.00684842763803284
         186,3058.24718926316,          0.997898382346412,                 -0.00629005283644383
         187,3058.24629465789,          0.997960440308208,                 -0.00554730650532634
         188,3058.24540005263,          0.998207255992755,                 -0.00517493115493374
         189,3058.24450544736,          0.998086216324058,                 -0.00480293200526106
         190, 3058.2436108421,          0.998149932976614,                 -0.00480057311457491
         191,3058.24271623684,          0.998027198455715,                 -0.00424456833662749
         192,3058.24182163157,          0.997906425521318,                 -0.00405802982651922
         193,3058.24092702632,          0.998154501927541,                 -0.00424040516149491
         194,3058.24003242105,          0.998031945867455,                 -0.00442259355628119
         195,3058.23913781578,          0.998279717240033,                 -0.00405205789285622
         196,3058.23824321052,          0.998343151693667,                 -0.00349779086892489
         197,3058.23734860526,          0.998222519900049,                 -0.00276006226700474
         198,     3058.236454,          0.998284084284014,                 -0.00239087934703246
         199,3058.23555939473,          0.998347423432764,                 -0.00238971027520271
         200,3058.23466478947,          0.998226966643088,                 -0.00220480831947673
         201, 3058.2337701842,          0.998290271811889,                 -0.00220373128435296
         202,3058.23287557894,          0.998353515162528,                 -0.00220265530096531
         203,3058.23198097368,          0.998416696785509,                 -0.00201811533712617
         204,3058.23108636842,           0.99847981677116,                 -0.00220050648324223
         205,3058.23019176316,           0.99836141893056,                 -0.00219943767710055
         206,3058.22929715789,          0.998424504451691,                 -0.00201516872458139
         207,3058.22840255262,          0.998304420591585,                  -0.0014648634197969
         208,3058.22750794737,          0.998184453652323,                 -0.00146415028038478
         209, 3058.2266133421,          0.998249359287451,                 -0.00109758038404338
         210,3058.22571873684,          0.998312376696537,                -0.000731364378532261
         211,3058.22482413158,          0.998192580625707,                -0.000731008847034571
         212,3058.22392952631,          0.998440051584243,                  -0.0010959824935063
         213,3058.22303492105,          0.998320309647265,                 -0.00146060030672606
         214,3058.22214031578,          0.998384992289935,                 -0.00145989397520005
         215,3058.22124571053,          0.998265393040779,                 -0.00182398208120003
         216,3058.22035110526,          0.998147729510169,                 -0.00218772105098119
         217,    3058.2194565,          0.998576845772722,                 -0.00291555283437291
         218,3058.21856189473,          0.998639460738334,                 -0.00273200654953037
         219,3058.21766728947,          0.998339741349179,                 -0.00309478037982058
         220,3058.21677268421,          0.998586185375298,                  -0.0029113299865169
         221,3058.21587807895,          0.998286780566053,                 -0.00200057471055321
         222,3058.21498347368,          0.998351229851647,                 -0.00109069690078476
         223,3058.21408886842,          0.998233921783812,                                    0
         224,3058.21319426315,          0.998116726627524,                  0.00127125492838295
         225,3058.21229965789,          0.998362685196278,                  0.00199672537039256
         226,3058.21140505263,          0.998426974038721,                  0.00308436462995789
         227,3058.21051044737,           0.99812850904554,                  0.00326422840894254
         228, 3058.2096158421,          0.998375917171776,                  0.00308140715176474
         229,3058.20872123684,          0.998258934960985,                  0.00307992774851846
         230,3058.20782663157,          0.998142065024102,                  0.00307844976513239
         231,3058.20693202631,          0.998208112364025,                  0.00289598001773788
         232,3058.20603742105,          0.998091378639723,                  0.00253276768188438
         233,3058.20514281579,          0.997976561383967,                  0.00235073297662467
         234,3058.20424821052,          0.998402267190087,                  0.00180739005646287
         235,3058.20335360526,          0.998106758582815,                  0.00180652806983315
         236,3058.20245899999,          0.998172665092125,                  0.00144453352401176
         237,3058.20156439474,          0.998238508796627,                  0.00108288393649969
         238,3058.20066978947,          0.998304289786052,                  0.00090197351805751
         239,3058.19977518421,          0.998187899496038,                   0.0012621595549986
         240,3058.19888057894,          0.998253641850599,                  0.00144178175389146
         241,3058.19798597367,          0.998139184663855,                  0.00216164414653786
         242,3058.19709136842,          0.998566788381623,                  0.00270077566277035
         243,3058.19619676315,          0.998092358636576,                  0.00341935716085376
         244, 3058.1953021579,          0.998158021600075,                     0.00467689828106
         245,3058.19440755263,          0.998043826907449,                  0.00629283623522981
         246,3058.19351294737,          0.998111244296443,                  0.00772754474338262
         247, 3058.1926183421,          0.998176805007948,                  0.00934050636321996
         248,3058.19172373684,          0.998064555512067,                   0.0100542570801719
         249,3058.19082913158,          0.997950621094605,                   0.0102289490024083
         250,3058.18993452632,          0.998556066761733,                  0.00968601178464767
         251,3058.18903992105,          0.998264511409762,                  0.00860572854663588
         252,3058.18814531578,          0.998331633905643,                  0.00770566509745874
         253,3058.18725071052,          0.998396904862125,                  0.00698555423208161
         254,3058.18635610526,          0.998463901689708,                  0.00662420017258727
         255,    3058.1854615,           0.99853083545536,                  0.00572634170870458
         256,3058.18456689474,          0.998599492383063,                  0.00500820092902127
         257,3058.18367228947,          0.998487519352959,                  0.00429072523983366
         258,3058.18277768421,          0.998733043964625,                  0.00375262013298571
         259,3058.18188307895,          0.998799725651577,                  0.00357224508459076
         260,3058.18098847368,          0.998868127983661,                  0.00339204547483281
         261,3058.18009386842,          0.998577793956784,                  0.00392578832506241
         262,3058.17919926316,           0.99900295901787,                  0.00481576145214828
         263,3058.17830465789,          0.998714614000902,                  0.00534834673688452
         264,3058.17741005263,          0.998781148429036,                  0.00570222957176256
         265,3058.17651544736,          0.998671288066884,                  0.00623390317145371
         266,3058.17562084211,          0.998739558631887,                  0.00640902390565917
         267,3058.17472623684,          0.999163656422941,                  0.00587219958360767
         268,3058.17383163158,          0.999053771396861,                  0.00426870046528835
         269,3058.17293702631,          0.999121768409974,                  0.00302225445960312
         270,3058.17204242104,          0.999189702108907,                  0.00106618143564884
         271,3058.17114781579,          0.999614576469272,                 -0.00106568718173696
         272,3058.17025321052,          0.999149622123317,                 -0.00248544682120228
         273,3058.16935860526,          0.999396671043759,                 -0.00319409447421656
         274,3058.16846399999,          0.999464350960089,                 -0.00319261017165601
         275,3058.16756939474,          0.999356454864084,                 -0.00230470709832058
         276,3058.16667478947,          0.999425861739001,                   -0.001240422168825
         277,3058.16578018421,          0.999672325690551,                -0.000354242496701117
         278,3058.16488557895,          0.999916791626759,                 0.000177039092001905
         279,3058.16399097368,          0.999808886089031,                  0.00053087197491453
         280,3058.16309636841,          0.999879724356525,                 0.000707503785145251
         281,3058.16220176315,          0.999771935314491,                  0.00106076597911352
         282,3058.16130715789,          0.999840958490166,                  0.00176712788704519
         283,3058.16041255263,          0.999911684182637,                  0.00264947452088669
         284,3058.15951794737,          0.999804029229658,                  0.00370755511457228
         285, 3058.1586233421,           1.00005117607924,                   0.0051176079241747
         286,3058.15772873684,           1.00011994383806,                  0.00599719190308538
         287,3058.15683413158,           1.00019041171244,                  0.00617074994005557
         288,3058.15593952632,           1.00026081501167,                   0.0059916962139529
         289,3058.15504492105,           1.00050729947579,                  0.00598895214474945
         290,3058.15415031579,           1.00040142823942,                  0.00563408055326671
         291,3058.15325571052,           1.00064762280195,                  0.00527953371158259
         292,3058.15236110525,           1.00036763994505,                  0.00457351127810291
         293,    3058.1514665,           1.00043780142804,                  0.00369230120034954
         294,3058.15057189473,           1.00050789879282,                  0.00263615290389817
         295,3058.14967728948,           1.00075535334727,                  0.00175663569132398
         296,3058.14878268421,           1.00065141546787,                  0.00175583684061742
         297,3058.14788807894,           1.00072307595106,                  0.00175503871615408
         298,3058.14699347368,           1.00079291568429,                  0.00192966206354553
         299,3058.14609886842,           1.00086444669275,                  0.00192878572418013
         300,3058.14520426316,           1.00076240218029,                  0.00122685408323329
         301,3058.14430965789,           1.00083388224742,                  0.00122629742267319
         302,3058.14341505263,           1.00108040337394,                 0.000350211790580353
         303,3058.14252044736,           1.00115342676265,                -0.000175026822860603
         304, 3058.1416258421,           1.00087473757873,                -0.000174947515745276
         305,3058.14073123684,           1.00094778773752,                 -0.00069947434502971
         306,3058.13983663157,           1.00119381175529,                 -0.00122352595710318
         307,3058.13894202631,           1.00126665210745,                 -0.00157239571958943
         308,3058.13804742105,           1.00133942682311,                 -0.00209558303485828
         309,3058.13715281578,           1.00141213599097,                 -0.00209463929438584
         310,3058.13625821052,           1.00148652704014,                 -0.00244265006595155
         311,3058.13536360526,           1.00155910471812,                 -0.00279034401453769
         312,     3058.134469,           1.00145729904613,                 -0.00278908908350533
         313,3058.13357439473,           1.00153156967597,                 -0.00296208014691918
         314,3058.13267978947,           1.00177993583871,                 -0.00348324038886896
         315,3058.13178518421,           1.00167816780285,                 -0.00382984353348328
         316,3058.13089057894,           1.00175223989156,                 -0.00417614274055887
         317,3058.12999597369,            1.0018262457605,                 -0.00382641968866858
         318,3058.12910136842,           1.00172633504112,                 -0.00347700914627256
         319,3058.12820676315,            1.0018020272372,                 -0.00330168924848339
         320,3058.12731215789,           1.00187591190162,                  -0.0031265198360314
         321,3058.12641755262,           1.00195147020015,                 -0.00347236690417656
         322,3058.12552294737,           1.00202522243606,                 -0.00451206369645612
         323, 3058.1246283421,           1.00175371949855,                 -0.00503045157843428
         324,3058.12373373684,           1.00200261814147,                 -0.00554837926640023
         325,3058.12283913157,           1.00190467607508,                 -0.00502598782324467
         326,3058.12194452632,           1.00180682087874,                  -0.0041575935848331
         327,3058.12104992105,           1.00188220871218,                 -0.00328996923012988
         328,3058.12015531578,           1.00178618407388,                 -0.00225003807756747
         329,3058.11926071053,           1.00168851120369,                 -0.00173003197099082
         330,3058.11836610526,           1.00211143755869,                  -0.0017292690898338
         331,    3058.1174715,           1.00184085664653,                 -0.00207420467214602
         332,3058.11657689473,           1.00191779401856,                 -0.00224606506677724
         333,3058.11568228947,            1.0016492673281,                 -0.00259047224308992
         334,3058.11478768421,           1.00207146556188,                 -0.00276195408251338
         335,3058.11389307894,           1.00180483613261,                 -0.00310583655707665
         336,3058.11299847368,           1.00188165413093,                  -0.0036218823785074
         337,3058.11210386842,           1.00178600981961,                 -0.00396507971534176
         338,3058.11120926315,           1.00203681429837,                 -0.00430798286456736
         339,3058.11031465789,           1.00177066754856,                 -0.00482282989878947
         340,3058.10942005263,           1.00167692217635,                 -0.00533722663930334
         341,3058.10852544737,           1.00175535210298,                 -0.00550698698974324
         342, 3058.1076308421,            1.0020057316448,                 -0.00550458084337059
         343,3058.10673623684,           1.00156812038763,                 -0.00481440469885899
         344,3058.10584163158,             1.001648216609,                 -0.00395296996945901
         345,3058.10494702631,           1.00155472903907,                 -0.00257689895979179
         346,3058.10405242105,           1.00163476134545,                -0.000686874514894874
         347,3058.10315781579,           1.00154308008397,                 0.000858220291417282
         348,3058.10226321053,           1.00162304796742,                  0.00240197373613289
         349,3058.10136860526,           1.00170294645751,                   0.0041158826767643
         350,     3058.100474,           1.00161135490949,                  0.00479978058145913
         351,3058.09957939473,           1.00135021212724,                  0.00565444164958911
         352,3058.09868478947,           1.00143012511454,                  0.00530944653301705
         353,3058.09779018421,           1.00116928629025,                  0.00513595735101016
         354,3058.09689557895,            1.0012509219346,                  0.00496261779800092
         355,3058.09600097368,            1.0015035381897,                  0.00461837669190809
         356,3058.09510636842,           1.00124300489166,                  0.00427443222716727
         357,3058.09421176315,           1.00132450331126,                  0.00427259132663961
         358,3058.09331715789,           1.00123681189526,                   0.0032457770731974
         359,3058.09242255263,            1.0014889998429,                  0.00307362352892963
         360,3058.09152794737,           1.00123062953272,                   0.0022188882004646
         361, 3058.0906333421,           1.00114309112313,                 0.000682442461569959
         362,3058.08973873684,           1.00122616524069,                 -0.00034107517126237
         363,3058.08884413158,           1.00130916826903,                 -0.00119325232854669
         364,3058.08794952631,           1.00156249201289,                 -0.00204470056212226
         365,3058.08705492105,           1.00130634796545,                 -0.00187351077183534
         366,3058.08616031579,           1.00121896408482,                 -0.00187271018618144
         367,3058.08526571052,           1.00130353247089,                                    0
         368,3058.08437110526,           1.00138802893088,                  0.00102060950799818
         369,    3058.0834765,           1.00113239499842,                  0.00204035134850221
         370,3058.08258189473,           1.00121689236961,                  0.00305922662750857
         371,3058.08168728947,           1.00147290416949,                  0.00356758795378445
         372,3058.08079268421,           1.00138737236429,                  0.00373588641546793
         373,3058.07989807895,            1.0009641302798,                  0.00356456617532234
         374,3058.07900347368,           1.00105025441947,                  0.00271471255435788
         375,3058.07810886842,            1.0011363058189,                  0.00271356613469464
         376,3058.07721426315,           1.00105275827755,                  0.00271242068288581
         377,3058.07631965789,           1.00096928124068,                  0.00305018572241954
         378,3058.07542505263,           1.00105525791147,                  0.00355704913978695
         379,3058.07453044737,           1.00131216931217,                  0.00423280423280423
         380, 3058.0736358421,           1.00123038284031,                  0.00423102764891948
         381,3058.07274123684,           1.00097949489191,                  0.00406008245350783
         382,3058.07184663158,           1.00106701568733,                  0.00405837979332701
         383,3058.07095202631,           1.00115446310704,                  0.00422570683398212
         384,3058.07005742105,           1.00107287979522,                   0.0038860213055342
         385,3058.06916281579,            1.0009930553679,                  0.00422217418326263
         386,3058.06826821053,           1.00125093060121,                  0.00472686327041541
         387,3058.06737360526,            1.0011710985039,                  0.00539987782776415
         388,     3058.066479,           1.00126000880488,                  0.00489160044732843
         389,3058.06558439474,              1.00118023942,                  0.00387792952284606
         390,3058.06468978947,           1.00126907189216,                  0.00269656710154429
         391,3058.06379518421,           1.00119105178127,                 0.000842327992412309
         392,3058.06290057895,           1.00111309631062,                -0.000673583243943224
         393,3058.06200597368,           1.00137185756247,                 -0.00134660865027732
         394,3058.06111136842,           1.00146214819688,                 -0.00168256409307272
         395,3058.06021676316,           1.00104780373274,                 -0.00134549435985583
         396,3058.05932215789,           1.00147438817934,                 -0.00100870342942354
         397,3058.05842755263,           1.00139815953807,                -0.000672192085610384
         398,3058.05753294737,           1.00148997250186,                -0.000167978861540064
         399, 3058.0566383421,           1.00158002817521,                 0.000167909476642952
         400,3058.05574373684,           1.00167337190313,                                    0
         401,3058.05484913157,           1.00176495852683,                 -0.00033554344616541
         402,3058.05395452632,            1.0016887670994,                 -0.00134162232325384
         403,3058.05305992105,           1.00144668310599,                 -0.00167634195364244
         404,3058.05216531578,           1.00153992838244,                 -0.00234591918978654
         405,3058.05127071052,           1.00163309744148,                 -0.00184246890833717
         406,3058.05037610526,           1.00172619037653,                 -0.00117200122557842
         407,    3058.0494815,              1.00148448653,                -0.000502081126268382
         408,3058.04858689474,           1.00191214824753,                 0.000167292060151533
         409,3058.04769228947,           1.00200668896321,                 0.000668896321070234
         410,3058.04679768421,            1.0019339967204,                 0.000835780778045042
         411,3058.04590307895,           1.00169427522114,                   0.0011696180027603
         412,3058.04500847368,            1.0017887892519,                 0.000835102358496081
         413,3058.04411386842,            1.0018832265949,                 0.000667810849255057
         414,3058.04321926316,           1.00181237421022,                   0.0008344264319592
         415,3058.04232465789,           1.00157476111675,                  0.00100090748945711
         416,3058.04143005263,           1.00183759158777,                  0.00183425657580982
         417,3058.04053544737,             1.001933526686,                    0.002000200020002
         418, 3058.0396408421,           1.00202938442006,                  0.00166616126441646
         419,3058.03874623684,           1.00195861591142,                 0.000999293832358467
         420,3058.03785163158,            1.0022225366885,                -0.000499446446854736
         421,3058.03695702631,           1.00231983038945,                 -0.00199698455332448
         422,3058.03606242105,           1.00225069741677,                 -0.00349332193290493
         423,3058.03516781579,           1.00201533785177,                 -0.00482217802816152
         424,3058.03427321052,           1.00211259763077,                 -0.00465403097257612
         425,3058.03337860526,           1.00221144468315,                 -0.00382142958019104
         426,     3058.032484,           1.00214413004954,                 -0.00249124327987125
         427,3058.03158939473,           1.00224288576888,                 -0.00116211697869508
         428,3058.03069478947,           1.00267346400283,                -0.000497851769614115
         429,3058.02980018421,           1.00244016130611,                -0.000331769042298894
         430,3058.02890557895,           1.00253868131176,                -0.000331637010027045
         431,3058.02801097368,           1.00230727920067,                -0.000331505632280692
         432,3058.02711636842,            1.0025731218944,                                    0
         433,3058.02622176315,            1.0023418893449,                 0.000496864783217895
         434,3058.02532715789,           1.00227639584454,                  0.00115889242994909
         435,3058.02443255263,           1.00237810357411,                  0.00198589024977535
         436,3058.02353794737,            1.0028089237091,                  0.00215053051933658
         437,3058.02264334211,           1.00257962099415,                   0.0024804048020637
         438,3058.02174873684,           1.00268108922969,                  0.00148765740241794
         439,3058.02085413158,           1.00245201713107,                 0.000495690794691482
         440,3058.01995952631,           1.00271862106783,                -0.000660661255850981
         441,3058.01906492105,           1.00249136936161,                  -0.0014859061798838
         442,3058.01817031579,           1.00259436764764,                 -0.00198043331881016
         443,3058.01727571052,           1.00269728539259,                 -0.00197965900373661
         444,3058.01638110526,           1.00263521558306,                 -0.00164907107826162
         445,    3058.0154865,           1.00290287963682,                -0.000824213411930324
         446,3058.01459189473,           1.00251287332647,                 0.000494335736354274
         447,3058.01369728947,           1.00261566234896,                  0.00181185679083925
         448,3058.01280268421,           1.00288467237893,                  0.00279905424896435
         449,3058.01190807895,           1.00282430083742,                   0.0036208985095065
         450,3058.01101347368,           1.00293014861332,                  0.00361949856783023
         451,3058.01011886842,           1.00303426499248,                  0.00394701137232652
         452,3058.00922426315,           1.00281115915106,                  0.00378109125581548
         453,3058.00832965789,           1.00291688919929,                  0.00361529928926503
         454,3058.00743505263,           1.00252973257113,                  0.00344963532426572
         455,3058.00654044737,           1.00279969457877,                  0.00361250913390094
         456,3058.00564584211,           1.00306944832001,                  0.00344697404920966
         457,3058.00475123684,           1.00284840449969,                  0.00344565060446556
         458,3058.00385663157,           1.00295556160591,                  0.00262425003854367
         459,3058.00296202632,           1.00322658919355,                  0.00180347973216686
         460,3058.00206742105,           1.00300573942173,                 0.000163889826702897
         461,3058.00117281579,            1.0031127129751,                 -0.00147444298820446
         462,3058.00027821052,           1.00305748297259,                 -0.00294776076628679
         463,3057.99938360526,           1.00316599712539,                 -0.00311033843756241
         464,     3057.998489,           1.00327442852958,                 -0.00294551292016514
         465,3057.99759439474,           1.00289204556608,                  -0.0019629268548023
         466,3057.99669978947,           1.00316401363714,                 -0.00179866408313098
         467,3057.99580518421,           1.00327396178798,                -0.000980717460203303
         468,3057.99491057895,           1.00305704468252,                -0.000980345702572917
         469,3057.99401597368,           1.00333027908033,                  -0.0016332903777964
         470,3057.99312136842,            1.0032767721427,                  -0.0024490075804948
         471,3057.99222676316,           1.00322330572443,                 -0.00342731241584724
         472,3057.99133215789,           1.00317151638943,                 -0.00375230848543778
         473,3057.99043755263,           1.00295668368703,                 -0.00407705968978468
         474,3057.98954294737,           1.00306805473592,                 -0.00472760825407797
         475, 3057.9886483421,           1.00317934193651,                  -0.0043999093944584
         476,3057.98775373684,           1.00329054538346,                 -0.00472405030299081
         477,3057.98685913158,           1.00340329908323,                  -0.0052107928547003
         478,3057.98596452632,            1.0031904157307,                 -0.00537161832210177
         479,3057.98506992105,           1.00314040711392,                 -0.00569503880762159
         480,3057.98417531579,           1.00309043591412,                 -0.00601821730644112
         481,3057.98328071052,           1.00304050208933,                 -0.00601596670081134
         482,3057.98238610526,           1.00299223579013,                 -0.00585119437505181
         483,    3057.9814915,           1.00310647811168,                 -0.00503665384215452
         484,3057.98059689473,           1.00305822317721,                 -0.00389789464965236
         485,3057.97970228947,           1.00301000412374,                 -0.00275998220623236
         486,3057.97880768421,           1.00296182091127,                 -0.00178520712459934
         487,3057.97791307895,           1.00291530054202,                 -0.00146008374391429
         488,3057.97701847368,           1.00286881457468,                -0.000973029250880997
         489,3057.97612386842,           1.00298447457198,                  -0.0016211160086827
         490,3057.97522926316,           1.00293799739745,                 -0.00178256874638422
         491,3057.97433465789,             1.002729562703,                  -0.0021058940735281
         492,3057.97344005263,            1.0028467699363,                 -0.00210511997564538
         493,3057.97254544737,           1.00264014542653,                 -0.00210434644664915
         494, 3057.9716508421,           1.00243367270986,                 -0.00210357348591253
         495,3057.97075623684,           1.00255085947951,                 -0.00177929323237731
         496,3057.96986163158,            1.0026695814853,                 -0.00145525338386835
         497,3057.96896702631,            1.0026249603993,                   -0.002101261403384
         498,3057.96807242105,           1.00274356844864,                 -0.00177734116225186
         499,3057.96717781579,           1.00253905492887,                 -0.00145365740202349
         500,3057.96628321052,           1.00249614921354,                -0.000968751311850735
         501,3057.96538860526,           1.00245489275782,                 0.000161399918331641
         502,     3057.964494,           1.00225070788393,                 0.000806705334742379
         503,3057.96359939473,           1.00237085302324,                   0.0016128251858781
         504,3057.96270478947,           1.00249091099628,                  0.00225713617786233
         505,3057.96181018421,           1.00245133195483,                  0.00161165808995953
         506,3057.96091557895,           1.00224905913286,                  0.00161107387740372
         507,3057.96002097369,           1.00237064522779,                 0.000966295609152752
         508,3057.95912636842,           1.00217016124878,                 0.000321982381124105
         509,3057.95823176316,           1.00196982181481,                 -0.00016093315480482
         510, 3057.9573371579,            1.0019305019305,                -0.000965250965250965
         511,3057.95644255263,           1.00189282159071,                -0.000804087336750169
         512,3057.95554794737,           1.00217668789768,                -0.000482279445571549
         513,3057.95465334211,           1.00213894633993,                -0.000160702204352137
         514,3057.95375873684,           1.00194058718827,                   0.0012851570783239
         515,3057.95286413158,           1.00206354431803,                  0.00224821949045711
         516,3057.95196952632,           1.00202749234674,                  0.00353165729439735
         517,3057.95107492105,           1.00182938571153,                  0.00417228320174594
         518,3057.95018031579,           1.00179344286489,                  0.00401038207712125
         519,3057.94928571052,           1.00207984887821,                  0.00400896082924553
         520,3057.94839110526,           1.00220414379033,                  0.00336632869795215
         521,    3057.9474965,           1.00184922265346,                   0.0025639135576544
         522,3057.94660189474,           1.00197351137652,                  0.00240281417596289
         523,3057.94570728947,           1.00193918547805,                  0.00224183292259752
         524,3057.94481268421,           1.00190648766065,                  0.00240111796052242
         525,3057.94391807894,           1.00187220968749,                  0.00240026883010897
         526,3057.94302347368,           1.00167959689674,                  0.00175957770135168
         527,3057.94212886842,           1.00196683563331,                 0.000959432016246382
         528,3057.94123426316,           1.00177432503716,                -0.000639396409789159
         529,3057.94033965789,           1.00190153560985,                 -0.00223710071747016
         530,3057.93944505263,           1.00187052037525,                 -0.00383368821572164
         531,3057.93855044736,           1.00215728887391,                 -0.00399202234255065
         532, 3057.9376558421,           1.00180695582216,                 -0.00351175159784698
         533,3057.93676123684,           1.00193557549462,                 -0.00191483148685069
         534,3057.93586663158,           1.00174667613115,                -0.000638055207726849
         535,3057.93497202632,           1.00203468532539,                 0.000478374292803337
         536,3057.93407742105,           1.00184588310682,                 0.000797013431270344
         537,3057.93318281579,           1.00181655937281,                 0.000637389253617184
         538,3057.93228821052,           1.00194654798352,                                    0
         539,3057.93139360526,           1.00207644634679,                -0.000796183415180988
         540,     3057.930499,           1.00188948652766,                 -0.00191018014590593
         541,3057.92960439474,           1.00186178253743,                 -0.00190952055121493
         542,3057.92870978947,           1.00167502588893,                 -0.00190886141188934
         543,3057.92781518421,           1.00180643191533,                 -0.00127213515163851
         544,3057.92692057895,           1.00178037769441,                -0.000317924588287658
         545,3057.92602597368,           1.00175274949666,                 0.000476722437894984
         546,3057.92513136842,           1.00188558457093,                 0.000953117727513173
         547,3057.92423676316,           1.00185953005182,                  0.00111158927094036
         548,3057.92334215789,           1.00183349340022,                 0.000158744017334847
         549,3057.92244755263,           1.00165037450806,                -0.000476069569633109
         550,3057.92155294737,           1.00162601626016,                -0.000951814396192742
         551, 3057.9206583421,           1.00175866766256,                -0.000475744182838004
         552,3057.91976373684,           1.00157734957713,                  0.00015852759569122
         553,3057.91886913158,            1.0017115146905,                 0.000792367912269025
         554,3057.91797452631,           1.00168716880401,                  0.00142577645409396
         555,3057.91707992105,           1.00182279170606,                  0.00142529325408703
         556,3057.91618531579,             1.001641698184,                 0.000949873587656709
         557,3057.91529071053,            1.0014607273251,                 0.000791293242197453
         558,3057.91439610526,           1.00159787372051,                 0.000474615956588461
         559,    3057.9135015,           1.00173334345505,                 0.000316303550191047
         560,3057.91260689474,           1.00171220694464,                 0.000632394070040805
         561,3057.91171228947,            1.0013749940733,                  0.00142240766203594
         562,3057.91081768421,           1.00135399238162,                  0.00236988164811049
         563,3057.90992307895,           1.00180840394532,                  0.00268496655637245
         564,3057.90902847368,           1.00147149840219,                  0.00284194970380569
         565,3057.90813386842,           1.00160989930238,                  0.00205183244420594
         566,3057.90723926316,           1.00159042714329,                  0.00110446329395133
         567,3057.90634465789,           1.00157096800651,                -0.000315455422994177
         568,3057.90545005263,           1.00155310107771,                 -0.00110372665421032
         569,3057.90455544737,           1.00137604484046,                 -0.00141860292831169
         570, 3057.9036608421,           1.00167339491174,                -0.000787850711744333
         571,3057.90276623684,           1.00149799401117,                                    0
         572,3057.90187163158,           1.00148175208918,                 0.000944794105744506
         573,3057.90097702631,           1.00146394446456,                  0.00173154721614432
         574,3057.90008242105,           1.00129036319003,                  0.00188833637565305
         575,3057.89918781579,           1.00143151536126,                  0.00141578442322516
         576,3057.89829321052,           1.00141531687372,                 0.000943544582481522
         577,3057.89739860526,           1.00155633459622,                 0.000471616544308374
         578,     3057.896504,           1.00154167956638,                 0.000314307760730074
         579,3057.89560939474,           1.00136835870793,                                    0
         580,3057.89471478947,           1.00151082548866,                                    0
         581,3057.89382018421,           1.00133920090683,                -0.000156998933977238
         582,3057.89292557894,           1.00148315559008,                -0.000470843044471126
         583,3057.89203097368,           1.00146854858448,                 -0.00078448108145424
         584,3057.89113636842,           1.00145552188616,                  -0.0014116052775216
         585,3057.89024176316,           1.00159929756342,                 -0.00219511430273762
         586,3057.88934715789,           1.00142949397167,                 -0.00313485520103826
         587,3057.88845255263,           1.00141649273891,                 -0.00329052516781678
         588,3057.88755794737,            1.0014050685852,                  -0.0029761764903987
         589, 3057.8866633421,           1.00108047164936,                 -0.00203567122343841
         590,3057.88576873684,           1.00122570313564,                  -0.0010957754724749
         591,3057.88487413158,           1.00137084053181,                -0.000469465935551716
         592,3057.88397952631,           1.00120300798929,                -0.000156437969998326
         593,3057.88308492105,           1.00134962474802,                -0.000312775144384826
         594,3057.88219031579,           1.00133824439845,                -0.000312673924870709
         595,3057.88129571052,           1.00101586309291,                -0.000781433148394155
         596,3057.88040110526,           1.00132019904539,                 -0.00140612916077525
         597,    3057.8795065,           1.00099803049069,                -0.000937117831634287
         598,3057.87861189474,           1.00114447738916,                -0.000468408208385444
         599,3057.87771728948,           1.00098022076819,                -0.000156086109584936
         600,3057.87682268421,           1.00081606923013,                 0.000156036181669806
         601,3057.87592807894,           1.00111998153122,                 0.000155986285685763
         602,3057.87503347368,           1.00126932445118,                 0.000155936664764239
         603,3057.87413886842,           1.00094935080929,                 0.000155886832395154
         604,3057.87324426316,            1.0014103273362,                -0.000935023648306438
         605, 3057.8723496579,           1.00109207211726,                 -0.00140208973685891
         606,3057.87145505263,           1.00124123388304,                 -0.00202459729981015
         607,3057.87056044737,           1.00092323452804,                 -0.00280239823012983
         608, 3057.8696658421,           1.00076263404461,                 -0.00373535042256152
         609,3057.86877123684,            1.0010673487741,                  -0.0038897550076706
         610,3057.86787663158,           1.00090680445532,                 -0.00404406789678917
         611,3057.86698202631,           1.00074636148775,                 -0.00342082348550815
         612,3057.86608742105,           1.00120934772944,                 -0.00326430621057573
         613,3057.86519281579,           1.00089351618041,                 -0.00310788236665242
         614,3057.86429821052,           1.00073478353401,                 -0.00341759783262159
         615,3057.86340360526,           1.00088674372485,                 -0.00388241560793193
         616,     3057.862509,           1.00088336068284,                  -0.0040364460024436
         617,3057.86161439474,           1.00103517901458,                 -0.00325918430376839
         618,3057.86071978947,           1.00056629973547,                 -0.00248240979931268
         619,3057.85982518421,           1.00071967440937,                 -0.00124081794719079
         620,3057.85893057895,           1.00071789957779,                                    0
         621,3057.85803597368,           1.00056112025644,                 0.000465016787106015
         622,3057.85714136842,           1.00040443859739,                 0.000774786585035152
         623,3057.85624676316,           1.00055767264616,                 0.000619636273507451
         624,3057.85535215789,           1.00071236101217,                 0.000619444358410506
         625,3057.85445755263,           1.00071214044648,                  0.00108369198377558
         626,3057.85356294737,            1.0000928591327,                  0.00201194787507351
         627, 3057.8526683421,            1.0002475477303,                  0.00247547730296748
         628,3057.85177373684,           1.00024747115414,                  0.00324805889813469
         629,3057.85087913158,           1.00024894122668,                  0.00371092511816977
         630,3057.84998452631,           1.00024886426696,                  0.00417350012906936
         631,3057.84908992105,           1.00040485955082,                  0.00355411056065321
         632,3057.84819531579,           1.00040627988204,                  0.00247166468161097
         633,3057.84730071053,           1.00056367609473,                  0.00092659084064954
         634,3057.84640610526,           1.00010189367858,                -0.000617537445926877
         635,    3057.8455115,            1.0001049492848,                 -0.00185204620237926
         636,3057.84461689474,           1.00010645995948,                 -0.00262292653799926
         637,3057.84372228947,           1.00010951230008,                 -0.00231364014258193
         638,3057.84282768421,           1.00011256277688,                 -0.00123356467810901
         639,3057.84193307895,           1.00011715305739,                -0.000308297519438159
         640,3057.84103847368,           1.00042840279725,                 0.000616406902524494
         641,3057.84014386842,           1.00043289443076,                  0.00154054957565562
         642,3057.83924926316,           1.00012936690302,                  0.00138607396090655
         643,3057.83835465789,           1.00028790801724,                  0.00123169205235307
         644,3057.83746005263,           1.00013852334118,                  0.00123131858829324
         645,3057.83656544737,          0.999989229228182,                  0.00123094535064248
         646, 3057.8356708421,           0.99999538534663,                  0.00169203956911443
         647,3057.83477623684,           1.00000153775417,                  0.00153775417154263
         648,3057.83388163158,           1.00031514462064,                  0.00153729083236612
         649,3057.83298702631,           1.00016751422718,                  0.00169051054955424
         650,3057.83209242105,           1.00001997274489,                  0.00107545549381075
         651,3057.83119781579,           1.00033482725678,                 0.000614361939049152
         652,3057.83030321053,           1.00018732399989,                                    0
         653,3057.82940860526,          0.999887946238754,                -0.000613993212305038
         654,     3057.828514,           1.00004910475886,                -0.000920714228717691
         655,3057.82761939474,           1.00036357332752,                -0.000767032336549244
         656,3057.82672478947,           1.00037113262931,                 0.000153360590622307
         657,3057.82583018421,           1.00007359118868,                  0.00153314976420157
         658,3057.82493557895,           1.00023603485959,                  0.00260557961884968
         659,3057.82404097368,           1.00024515812699,                  0.00337092424613876
         660,3057.82314636842,           1.00040745426862,                  0.00352310081889117
         661,3057.82225176316,           1.00026338839988,                   0.0026032574407223
         662,3057.82135715789,           1.00042558272685,                   0.0013777858063568
         663,3057.82046255263,           1.00043616996855,                 0.000306084188456035
         664,3057.81956794737,           1.00059821697682,                -0.000611986677050041
         665,3057.81867334211,           1.00014989247509,                 -0.00152951505195763
         666,3057.81777873684,           1.00046636442175,                 -0.00168197004564255
         667,3057.81688413158,           1.00032406586486,                 -0.00168147382709557
         668,3057.81598952632,           1.00033619609401,                 -0.00137534765732449
         669,3057.81509492105,           1.00034679096144,                -0.000916628091901133
         670,3057.81420031579,           1.00035890739426,                  -0.0010690858552305
         671,3057.81330571053,           1.00037101672324,                -0.000916090674654977
         672,3057.81241110526,           1.00038311895462,                -0.000457911101138825
         673,    3057.8115165,           1.00024262178011,                 0.000305184629070972
         674,3057.81062189474,           1.00040730214955,                  0.00137292859398383
         675,3057.80972728947,           1.00042090879699,                  0.00183003824779938
         676,3057.80883268421,           1.00028204874107,                  0.00213442290540695
         677,3057.80793807895,           1.00059898766512,                  0.00213379829814344
         678,3057.80704347368,           1.00061252662662,                  0.00152369807617881
         679,3057.80614886842,           1.00062758192077,                  0.00121860567139079
         680,3057.80525426316,           1.00048882330636,                 0.000304562807703612
         681,3057.80435965789,             1.000502382511,                -0.000152237124545192
         682,3057.80346505263,           1.00066964965148,                -0.000608772410434359
         683,3057.80257044737,           1.00053252187143,                 -0.00106504374286801
         684, 3057.8016758421,           1.00039547335118,                 -0.00121684108055488
         685,3057.80078123684,           1.00056262640086,                -0.000912367136535742
         686,3057.79988663158,           1.00042564835365,                -0.000608069076647107
         687,3057.79899202632,            1.0004422431912,                -0.000151973605224245
         688,3057.79809742105,            1.0006092382395,                -0.000151929735535909
         689,3057.79720281579,           1.00062577082207,                -0.000303772243722547
         690,3057.79630821053,           1.00079413644874,                -0.000607370132877401
         691,3057.79541360526,           1.00065880752801,                 -0.00151798969588594
         692,     3057.794519,           1.00037180080582,                 -0.00257984232610725
         693,3057.79362439474,            1.0006933245138,                  -0.0031859550962386
         694,3057.79272978947,           1.00055814066358,                 -0.00364004780596118
         695,3057.79183518421,           1.00057617661329,                 -0.00333575934012615
         696,3057.79094057895,           1.00059420228343,                 -0.00303164430323719
         697,3057.79004597368,           1.00076375671318,                 -0.00287924157746069
         698,3057.78915136842,           1.00063022282013,                 -0.00287842153422898
         699,3057.78825676316,           1.00064821770422,                 -0.00333196016187268
         700,3057.78736215789,            1.0005163075982,                  -0.0037852463211191
         701,3057.78646755263,           1.00068569145096,                 -0.00348143562295749
         702,3057.78557294737,           1.00040252166202,                  -0.0031778025949028
         703, 3057.7846783421,           1.00042207433652,                 -0.00242049798720464
         704,3057.78378373684,           1.00044161595141,                 -0.00166362173476425
         705,3057.78288913158,           1.00030995093703,                -0.000755977895206344
         706,3057.78199452632,           1.00048217829714,                -0.000151153071203677
         707,3057.78109992105,           1.00035057603269,                -0.000453331076751973
         708,3057.78020531579,           1.00037162703149,                -0.000604271595911498
         709,3057.77931071053,           1.00009061527774,                 -0.00120820370314435
         710,3057.77841610526,           1.00026271050812,                 -0.00196277965835555
         711,    3057.7775215,           1.00013282778274,                 -0.00271693191972372
         712,3057.77662689474,           1.00030481456108,                 -0.00286706765374273
         713,3057.77573228947,           1.00017499290977,                 -0.00256455126387121
         714,3057.77483768421,           1.00019756616581,                 -0.00256383573956858
         715,3057.77394307895,           1.00006784720809,                 -0.00241234517644043
         716,3057.77304847368,          0.999939708187628,                  -0.0021102134330158
         717,3057.77215386842,          0.999811640610284,                 -0.00180825014126954
         718,3057.77125926316,          0.999984935448396,                 -0.00180774619243458
         719,3057.77036465789,           1.00000753017719,                 -0.00195784606811798
         720,3057.76947005263,            1.0000316179825,                 -0.00180674185724029
         721,3057.76857544737,           1.00005418716246,                -0.000903119374318897
         722, 3057.7676808421,          0.999927770454504,                 0.000150478219782469
         723,3057.76678623684,          0.999801423731669,                  0.00135392910225474
         724,3057.76589163158,          0.999675146935854,                  0.00255671393078223
         725,3057.76499702632,          0.999699293339347,                  0.00345812659750413
         726,3057.76410242105,          0.999723426386325,                  0.00360748191749689
         727,3057.76320781579,          0.999747546087866,                  0.00300540371588115
         728,3057.76231321053,          0.999773154400729,                  0.00255389085271411
         729,3057.76141860526,          0.999947434424444,                  0.00240299773968025
         730,     3057.760524,          0.999672681519118,                  0.00225219138221489
         731,3057.75962939474,          0.999548184406808,                  0.00195136302707441
         732,3057.75873478947,          0.999573819299383,                  0.00150063626977839
         733,3057.75784018421,          0.999599440116297,                 0.000900134570118233
         734,3057.75694557895,          0.999475065616798,                -0.000449943757030371
         735,3057.75605097368,          0.999802078772648,                 -0.00224910485626721
         736,3057.75515636842,          0.999677716735495,                 -0.00419717739819971
         737,3057.75426176316,          0.999704779131331,                 -0.00509518250494158
         738,3057.75336715789,          0.999582009321642,                 -0.00539342810785058
         739,3057.75247255263,          0.999609083052627,                 -0.00539195789479991
         740,3057.75157794737,             0.999336670445,                 -0.00449207373589302
         741,3057.75068334211,          0.999513491261555,                 -0.00329328992178436
         742,3057.74978873684,          0.999540561532579,                 -0.00194550491090336
         743,3057.74889413158,          0.999569112551392,                 -0.00104729588203259
         744,3057.74799952632,           0.99944658001406,                 0.000448718907519033
         745,3057.74710492105,          0.999475140971752,                  0.00119625989344315
         746,3057.74621031579,          0.999354194447268,                  0.00134542823485795
         747,3057.74531571053,          0.999532216531438,                  0.00134506428660032
         748,3057.74442110526,          0.999710142329081,                  0.00119528936461406
         749,    3057.7435265,          0.999290488815863,                  0.00119496620486202
         750,3057.74263189474,          0.999468383767188,                  0.00149330402475301
         751,3057.74173728947,          0.999498384679235,                  0.00194077356248395
         752,3057.74084268421,          0.999377627731834,                  0.00223874916606594
         753,3057.73994807895,          0.999258426999822,                  0.00193972816947853
         754,3057.73905347368,           0.99928846007545,                   0.0016408677505344
         755,3057.73815886842,          0.999318477027307,                  0.00104390827327133
         756,3057.73726426316,          0.999646657333649,                 0.000745448663186912
         757,3057.73636965789,          0.999229412878195,                 0.000745248667122759
         758,3057.73547505263,          0.999259421514326,                 0.000894058534012222
         759,3057.73458044737,          0.999290902698741,                  0.00148970021272919
         760, 3057.7336858421,          0.999320878806653,                   0.0023828813801649
         761,3057.73279123684,          0.999352326784637,                   0.0031266982810604
         762,3057.73189663158,          0.999383758004448,                  0.00431667098333765
         763,3057.73100202632,           0.99926636140555,                  0.00491076543952095
         764,3057.73010742105,          0.999297798777694,                  0.00609962926155805
         765,3057.72921281579,          0.999180487572711,                  0.00654420087127111
         766,3057.72831821053,          0.999211931066272,                   0.0066911513241045
         767,3057.72742360526,          0.999243357826341,                  0.00698667625972003
         768,     3057.726529,          0.999424866285127,                  0.00713344142478603
         769,3057.72563709091,           0.99945770467934,                  0.00653725866001055
         770,3057.72474518182,          0.999489041120307,                  0.00579284776396076
         771,3057.72385327273,          0.999521845143164,                   0.0041578683203103
         772,3057.72296136364,          0.999406175771972,                  0.00282066508313539
         773,3057.72206945455,          0.999438984353897,                 0.000445250512780174
         774,3057.72117754545,          0.999471775605529,                 -0.00163215402785939
         775,3057.72028563636,          0.999357693511518,                 -0.00296677361885563
         776,3057.71939372727,          0.999687088005386,                 -0.00341088904081351
         777,3057.71850181818,          0.999571527482287,                 -0.00340998889529703
         778,3057.71760990909,           0.99975395232604,                 -0.00281620831641138
         779,     3057.716718,          0.999788098861513,                 -0.00237092182922546
         780,3057.71582609091,          0.999674083730852,                 -0.00148143758703446
         781,3057.71493418182,          0.999558647981777,                 -0.00088862822460967
         782,3057.71404227273,          0.999594298862556,                -0.000740330542780741
         783,3057.71315036364,           0.99962845144186,                -0.000444081941999938
         784,3057.71225845455,          0.999810574669098,                -0.000739942698837402
         785,3057.71136654545,          0.999844652724865,                 -0.00088769871505611
         786,3057.71047463636,          0.999880191870501,                 -0.00103537889690732
         787,3057.70958272727,          0.999914233916641,                 -0.00118298046012025
         788,3057.70869081818,          0.999801902328978,                -0.000295668165704267
         789,3057.70779890909,          0.999985220437179,                 0.000147795628205318
         790,     3057.706907,          0.999872928813539,                 0.000443271580676905
         791,3057.70601509091,           1.00005613313598,                 0.000295437557794972
         792,3057.70512318182,           1.00009156183821,                 -0.00059072153682115
         793,3057.70423127273,           1.00012697212814,                 -0.00118113607573445
         794,3057.70333936364,           1.00016236402013,                 -0.00221405481999734
         795,3057.70244745455,           1.00019921347568,                 -0.00324644182597596
         796,3057.70155554545,           1.00023456828371,                 -0.00339312611659667
         797,3057.70066363636,           1.00041886917123,                 -0.00383471776477251
         798,3057.69977172727,            1.0001607216846,                 -0.00427608151685882
         799,3057.69887981818,           1.00034347189648,                 -0.00442238493322936
         800,3057.69798790909,            1.0002328522037,                 -0.00560024287369094
         801,     3057.697096,           1.00026962636857,                 -0.00589347253715466
         802,3057.69620409091,           1.00045368040867,                 -0.00648114869522693
         803,3057.69531218182,           1.00049185204384,                 -0.00633222691166985
         804,3057.69442027273,           1.00052853111046,                  -0.0057417028712931
         805,3057.69352836364,           1.00041800605226,                  -0.0050042978087063
         806,3057.69263645455,           1.00016186229933,                 -0.00338439353139393
         807,3057.69174454545,           1.00019859804491,                 -0.00102976764028745
         808,3057.69085263636,           1.00023678594697,                  0.00117657613403555
         809,3057.68996072727,           1.00042198869894,                  0.00338179096708929
         810,3057.68906881818,           1.00046009992841,                  0.00426290668497267
         811,3057.68817690909,           1.00035123247328,                  0.00455573500906003
         812,     3057.687285,           1.00038934230535,                  0.00367304061648314
         813,3057.68639309091,           1.00028054858264,                  0.00279079741895304
         814,3057.68550118182,           1.00017181045636,                  0.00146846543893166
         815,3057.68460927273,           1.00035674594844,                  0.00073404516139451
         816,3057.68371736364,           1.00039628373916,                -0.000293543510486842
         817,3057.68282545454,            1.0004343334742,                -0.000586937127294924
         818,3057.68193354545,           1.00062052849077,                 -0.00176036451281179
         819,3057.68104163636,           1.00036664955635,                 -0.00263987680574906
         820,3057.68014972727,           1.00069938990327,                 -0.00337232028831872
         821,3057.67925781818,           1.00059073845238,                  -0.0042509714935715
         822,3057.67836590909,           1.00063015665988,                 -0.00454298987352902
         823,     3057.677474,           1.00066955488519,                 -0.00424881655807766
         824,3057.67658209091,           1.00056392491743,                 -0.00351537610862512
         825,3057.67569018182,           1.00060332001734,                 -0.00263586415341901
         826,3057.67479827273,           1.00064269516193,                 -0.00219599713641973
         827,3057.67390636364,           1.00068351499415,                 -0.00160999249158047
         828,3057.67301445454,           1.00072284996035,                 -0.00160958493194382
         829,3057.67212254545,           1.00076362902258,                 -0.00146289084786228
         830,3057.67123063636,           1.00051041972882,                  -0.0014625207129496
         831,3057.67033872727,           1.00084366222513,                 -0.00204701406444878
         832,3057.66944681818,            1.0004458445099,                 -0.00263121350104883
         833,3057.66855490909,           1.00048665214017,                 -0.00248441032520931
         834,     3057.667663,           1.00052743926047,                 -0.00277599610776125
         835,3057.66677109091,           1.00042213753504,                 -0.00277529867326117
         836,3057.66587918182,           1.00060895203298,                 -0.00248253826394639
         837,3057.66498727273,           1.00035768773131,                 -0.00248191487031995
         838,3057.66409536364,            1.0005458849905,                 -0.00233533685774587
         839,3057.66320345455,            1.0007325280389,                 -0.00248067264168289
         840,3057.66231154545,           1.00048142150641,                 -0.00218827957459845
         841,3057.66141963636,           1.00037774870523,                 -0.00160433813030434
         842,3057.66052772727,           1.00041994015853,                  -0.0014581255504424
         843,3057.65963581818,           1.00046065214349,                 -0.00145775994775388
         844,3057.65874390909,           1.00050280184506,                 -0.00102017765665192
         845,     3057.657852,           1.00039922718941,                -0.000437110061399393
         846,3057.65696009091,           1.00044137119317,                 0.000145667060453287
         847,3057.65606818182,           1.00033786342162,                 0.000582523140731766
         848,3057.65517627273,           1.00038000171802,                  0.00116475622380208
         849,3057.65428436364,           1.00013100245994,                  0.00189225775461784
         850,3057.65339245455,           1.00032014901481,                  0.00189178963299281
         851,3057.65250054546,           1.00021677425362,                  0.00203680506757101
         852,3057.65160863636,           1.00025890080608,                  0.00247264814798654
         853,3057.65071672727,           1.00015704705013,                  0.00261745083554847
         854,3057.64982481818,            1.0001991675668,                  0.00247142236172028
         855,3057.64893290909,           1.00009737905013,                  0.00159876052456786
         856,     3057.648041,            1.0002862527481,                 0.000145305963502048
         857,3057.64714909091,           1.00018304003347,                 -0.00116215894266779
         858,3057.64625718182,           1.00008133104057,                 -0.00246897801738161
         859,3057.64536527273,           1.00012487041065,                 -0.00362995379794806
         860,3057.64447336364,           1.00016838829179,                 -0.00420970729469693
         861,3057.64358145455,          0.999921631686341,                 -0.00449892171005465
         862,3057.64268954545,           1.00011026894014,                 -0.00420763061065778
         863,3057.64179763636,           1.00000870329594,                  -0.0039164831721773
         864,3057.64090572727,           1.00005365717128,                 -0.00348046516416919
         865,3057.64001381818,          0.999952155399263,                 -0.00260970549473492
         866,3057.63912190909,          0.999850703649644,                 -0.00217421869451213
         867,      3057.63823,          0.999895663061246,                  -0.0011592993194913
         868,3057.63733809091,          0.999794275051359,                -0.000144876724395212
         869,3057.63644618182,          0.999549543677607,                  0.00115873008975813
         870,3057.63555427273,          0.999739349532277,                   0.0018824756002201
         871,3057.63466236364,          0.999638074556641,                  0.00332971407889975
         872,3057.63377045455,           0.99953829609549,                  0.00419730822281628
         873,3057.63287854545,          0.999583265806959,                  0.00506447804042322
         874,3057.63198663636,          0.999628213529845,                   0.0056418958506026
         875,3057.63109472727,          0.999528510643221,                  0.00578514548194601
         876,3057.63020281818,          0.999428856483925,                  0.00520535862752044
         877,3057.62931090909,          0.999329251016242,                  0.00491497100167109
         878,     3057.628419,          0.999229694204497,                  0.00375758924635767
         879,3057.62752709091,          0.999274673386293,                  0.00274526009172058
         880,3057.62663518182,          0.999175178506683,                  0.00202232940568072
         881,3057.62574327273,          0.999221592082479,                   0.0015885875867766
         882,3057.62485136364,          0.999410922195528,                  0.00101067270375162
         883,3057.62395945455,          0.999312909223183,                 0.000721734009261291
         884,3057.62306754545,           0.99906919019547,                -0.000288623195203082
         885,3057.62217563636,          0.999115584327519,                                    0
         886,3057.62128372727,          0.999160514768882,                -0.000144241448645717
         887,3057.62039181818,          0.999206864229577,                 0.000144206503713317
         888,3057.61949990909,          0.998964848086411,                  0.00100920102996174
         889,     3057.618608,          0.999009782541328,                  0.00216204685299667
         890,3057.61771609091,          0.999200236326563,                  0.00288203125562897
         891,3057.61682418182,           0.99910246454879,                  0.00345760045409819
         892,3057.61593227273,           0.99900474008737,                   0.0036007956318028
         893,3057.61504036364,          0.998907062907961,                  0.00359992454558152
         894,3057.61414845455,          0.999097357286716,                  0.00331112957025857
         895,3057.61325654545,          0.998855777603466,                  0.00302247425499608
         896,3057.61236463636,          0.998758207271466,                   0.0020144957357442
         897,3057.61147272727,          0.998949836721189,                  0.00187015378418425
         898,3057.61058081818,          0.999139937120487,                  0.00172587868798702
         899,3057.60968890909,          0.999186157195319,                  0.00215682722088499
         900,     3057.608797,          0.998944847434139,                  0.00258756760020356
         901,3057.60790509091,          0.998992528036033,                  0.00287438506124596
         902,3057.60701318182,          0.999182434849828,                  0.00301737577392097
         903,3057.60612127273,          0.999086385418941,                  0.00316030200995208
         904,3057.60522936364,          0.998988947356327,                  0.00258507778211816
         905,3057.60433745455,          0.998892990519347,                  0.00258445793148602
         906,3057.60344554545,          0.999084172841562,                  0.00258383837803852
         907,3057.60255363636,          0.999130317477174,                   0.0030137513167223
         908,3057.60166172727,          0.999177873461382,                  0.00358693952276487
         909,3057.60076981818,          0.998938520239837,                  0.00358608027082078
         910,3057.59987790909,          0.999129508236688,                  0.00344181257322815
         911,     3057.598986,          0.999175597691674,                  0.00301086060432274
         912,3057.59809409091,          0.999223097233251,                  0.00243677989570582
         913,3057.59720218182,          0.999127268349935,                  0.00200627965532116
         914,3057.59631027273,          0.999318028127042,                  0.00200579962634818
         915,3057.59541836364,          0.999078985250873,                  0.00171884556602301
         916,3057.59452645455,          0.999126462459366,                  0.00186163738167862
         917,3057.59363454545,          0.999318516312658,                  0.00157485726066465
         918,3057.59274263636,          0.999079644396351,                  0.00157448081495127
         919,3057.59185072727,          0.999127087477283,                  0.00114480330848156
         920,3057.59095881818,          0.999317574111881,                 0.000715331119621962
         921,3057.59006690909,          0.999221905644617,                -0.000143032050621903
         922,     3057.589175,          0.999556705895812,                 -0.00114398478500236
         923,3057.58828309091,          0.999175097966052,                 -0.00171556748828053
         924,3057.58739118182,           0.99936681993531,                 -0.00257274066916985
         925,3057.58649927273,          0.999414126691531,                  -0.0030008145067947
         926,3057.58560736364,          0.999032825364262,                 -0.00300009857466745
         927,3057.58471545455,          0.999224444149267,                 -0.00285655930288527
         928,3057.58382354545,          0.999273177982862,                 -0.00314147040806273
         929,3057.58293163636,          0.999034941953757,                 -0.00299796138625735
         930,3057.58203972727,          0.999369150008135,                 -0.00285452485006608
         931,3057.58114781818,          0.999131004310732,                 -0.00242576793391637
         932,3057.58025590909,          0.999322372409858,                 -0.00185455972038946
         933,     3057.579364,          0.999513649893531,                 -0.00156887131119133
         934,3057.57847209091,          0.999277064110297,                 -0.00128331814740192
         935,3057.57758018182,          0.999181723057448,                -0.000570227834531287
         936,3057.57668827273,          0.999372897782339,                                    0
         937,3057.57579636364,          0.999136513509431,                 0.000284979039791623
         938,3057.57490445454,           0.99947006433305,                 0.000427367473346515
         939,3057.57401254545,          0.999233768860253,                 0.000284844289868943
         940,3057.57312063636,          0.999282362054039,                -0.000284776962682827
         941,3057.57222872727,          0.999473287115464,                 -0.00113883866926701
         942,3057.57133681818,          0.999094837156081,                  -0.0019924968262372
         943,3057.57044490909,          0.999143428732417,                 -0.00298803930552275
         944,     3057.569553,          0.999049743373809,                 -0.00355634964891716
         945,3057.56866109091,           0.99895610225078,                 -0.00369773044682806
         946,3057.56776918182,          0.999289065832504,                  -0.0031281103369828
         947,3057.56687727273,          0.999054679337281,                 -0.00227445572985152
         948,3057.56598536364,          0.998961103191872,                 -0.00198967924949299
         949,3057.56509345454,           0.99900965761434,                 -0.00198920995684835
         950,3057.56420154546,          0.998916136217386,                  -0.0019887408855295
         951,3057.56330963636,          0.998964678347292,                 -0.00213029146647844
         952,3057.56241772727,          0.999014616055227,                 -0.00227177854702724
         953,3057.56152581818,          0.998779206768305,                 -0.00241319592311842
         954,3057.56063390909,          0.998969666177518,                 -0.00241262740801503
         955,     3057.559742,          0.998877681468691,                 -0.00241206258309201
         956,3057.55885009091,          0.998926175639082,                 -0.00184408410725761
         957,3057.55795818182,          0.998692424856975,                  -0.0019854720176083
         958,3057.55706627273,          0.998740939871372,                 -0.00212679075781808
         959,3057.55617436364,          0.998649094978687,                 -0.00255155198149274
         960,3057.55528245454,          0.998555877888776,                 -0.00340126895675995
         961,3057.55439054546,          0.998464119333961,                  -0.0035421602076556
         962,3057.55349863636,          0.998512642538423,                 -0.00368298038104682
         963,3057.55260672727,          0.998420937099481,                 -0.00439021972341616
         964,3057.55171481818,          0.998611034418312,                  -0.0042476011672408
         965,3057.55082290909,          0.998519348966517,                 -0.00495437726308876
         966,     3057.549931,          0.998427706333471,                 -0.00551930269978814
         967,3057.54903909091,          0.998193206626701,                 -0.00622544310298722
         968,3057.54814718182,          0.998243137343658,                 -0.00650689872719403
         969,3057.54725527273,          0.998575887383381,                 -0.00593969512393457
         970,3057.54636336364,          0.998341517349029,                 -0.00508997233034486
         971,3057.54547145454,          0.998108668180109,                  -0.0045233645916674
         972,3057.54457954546,          0.998299894149686,                 -0.00339173236970448
         973,3057.54368763636,          0.998208452487256,                 -0.00282578472041686
         974,3057.54279572727,          0.997974387442897,                 -0.00268386601010829
         975,3057.54190381818,          0.998024287564309,                 -0.00282446381085131
         976,3057.54101190909,          0.997932974145234,                 -0.00324737668440017
         977,      3057.54012,          0.997841703261724,                 -0.00352893515087609
         978,3057.53922809091,          0.997750474884066,                 -0.00324586434545029
         979,3057.53833618182,          0.997516789886562,                 -0.00338619560923303
         980,3057.53744427273,           0.99770779701661,                 -0.00324434883802941
         981,3057.53655236364,          0.997757689432935,                 -0.00338461972387144
         982,3057.53566045454,          0.997666565621673,                 -0.00310184630351566
         983,3057.53476854546,          0.997575484198359,                 -0.00253728397846128
         984,3057.53387663636,          0.997484445133423,                 -0.00140927443505711
         985,3057.53298472727,          0.997252553716097,                -0.000140894681225784
         986,3057.53209281818,          0.997161632026369,                  0.00126775740757696
         987,3057.53120090909,          0.996929923388914,                  0.00225326723749437
         988,     3057.530309,          0.997120711867032,                   0.0025343367429549
         989,3057.52941709091,          0.997029884151405,                  0.00239298433299081
         990,3057.52852518182,          0.996939098617317,                   0.0019702353727615
         991,3057.52763327273,          0.996848355235389,                  0.00182907955089062
         992,3057.52674136364,          0.996898319747364,                  0.00140665771094591
         993,3057.52584945455,          0.996666994810637,                  0.00168759756423418
         994,3057.52495754545,          0.996857578718708,                  0.00210900757133718
         995,3057.52406563636,          0.996626370536969,                  0.00295192578015181
         996,3057.52317372727,          0.996676340179745,                  0.00351338247384287
         997,3057.52228181818,          0.996445281216191,                  0.00407457884310061
         998,3057.52138990909,          0.996495269667577,                  0.00421410460812339
         999,     3057.520498,          0.996404797348538,                  0.00379181529646378
        1000,3057.51960609091,           0.99645477201727,                  0.00322931657832848
        1001,3057.51871418182,          0.996223978438777,                  0.00210558823116551
        1002,3057.51782227273,          0.996273971833753,                   0.0012630603953379
        1003,3057.51693036364,          0.996183634526883,                -0.000280615108317432
        1004,3057.51603845455,          0.996093339037853,                 -0.00140275079430764
        1005,3057.51514654545,          0.996004482160413,                 -0.00252437069542205
        1006,3057.51425463636,          0.995914269770363,                 -0.00308462817611544
        1007,3057.51336272727,          0.995964277053291,                 -0.00280355883758843
        1008,3057.51247081818,          0.996014261208839,                 -0.00252261948807642
        1009,3057.51157890909,          0.995924109125708,                 -0.00182147065540718
        1010,     3057.510687,           0.99583399871686,                    -0.00112064594032
        1011,3057.50979509091,          0.995743929953406,                  -0.0004201451181238
        1012,3057.50890318182,          0.995933934842146,                  0.00014001601783244
        1013,3057.50801127272,          0.995703900925152,                 0.000839902067418939
        1014,3057.50711936364,          0.995615317976916,                 0.000979660841416702
        1015,3057.50622745455,          0.995805221226308,                  0.00125927314753924
        1016,3057.50533554545,          0.995575375981132,                  0.00111909554697893
        1017,3057.50444363636,          0.995625346140291,                  0.00125869196730757
        1018,3057.50355172727,          0.995535470844933,                 0.000838934385543483
        1019,3057.50265981818,           0.99530584686269,                  0.00041937044109383
        1020,3057.50176790909,           0.99549560251732,                 0.000279515822691933
        1021,     3057.500876,          0.995266093605035,                -0.000139725690524363
        1022,3057.49998409091,                          1,                                    0
        1023,3057.49909218182,                          1,                                    0
