"SCAN INDEX",      WAVENUMBER,"SCIENCE DIRECT ABSORPTION","SCIENCE HARMONIC ABSORPTION SPECTRA"
           0, 3058.4135858421,                          1,                                    0
           1,3058.41269123684,                          1,                                    0
           2,3058.41179663158,                          1,                                    0
           3,3058.41090202631,                          1,                                    0
           4,3058.41000742105,                          1,                                    0
           5,3058.40911281578,                          1,                                    0
           6,3058.40821821052,                          1,                                    0
           7,3058.40732360526,                          1,                                    0
           8,     3058.406429,                          1,                                    0
           9,3058.40553439473,                          1,                                    0
          10,3058.40463978946,                          1,                                    0
          11, 3058.4037451842,                          1,                                    0
          12,3058.40285057895,                          1,                                    0
          13,3058.40195597368,                          1,                                    0
          14,3058.40106136841,                          1,                                    0
          15,3058.40016676315,                          1,                                    0
          16,3058.39927215789,                          1,                                    0
          17,3058.39837755263,                          1,                                    0
          18,3058.39748294736,                          1,                                    0
          19, 3058.3965883421,                          1,                                    0
          20,3058.39569373683,                          1,                                    0
          21,3058.39479913157,                          1,                                    0
          22,3058.39390452631,                          1,                                    0
          23,3058.39300992105,                          1,                                    0
          24,3058.39211531579,                          1,                                    0
          25,3058.39122071052,                          1,                                    0
          26,3058.39032610526,                          1,                                    0
          27,3058.38943149999,                          1,                                    0
          28,3058.38853689474,                          1,                                    0
          29,3058.38764228947,                          1,                                    0
          30,3058.38674768421,                          1,                                    0
          31,3058.38585307894,                          1,                                    0
          32,3058.38495847368,                          1,                                    0
          33,3058.38406386842,                          1,                                    0
          34,3058.38316926315,                          1,                                    0
          35,3058.38227465789,                          1,                                    0
          36,3058.38138005263,                          1,                                    0
          37,3058.38048544736,                          1,                                    0
          38, 3058.3795908421,                          1,                                    0
          39,3058.37869623684,                          1,                                    0
          40,3058.37780163157,                          1,                                    0
          41,3058.37690702632,                          1,                                    0
          42,3058.37601242105,                          1,                                    0
          43,3058.37511781578,                          1,                                    0
          44,3058.37422321052,                          1,                                    0
          45,3058.37332860526,                          1,                                    0
          46,     3058.372434,                          1,                                    0
          47,3058.37153939473,                          1,                                    0
          48,3058.37064478947,                          1,                                    0
          49, 3058.3697501842,                          1,                                    0
          50,3058.36885557895,                          1,                                    0
          51,3058.36796097368,                          1,                                    0
          52,3058.36706636842,                          1,                                    0
          53,3058.36617176315,                          1,                                    0
          54,3058.36527715789,                          1,                                    0
          55,3058.36438255263,                          1,                                    0
          56,3058.36348794736,                          1,                                    0
          57,3058.36259334211,                          1,                                    0
          58,3058.36169873684,                          1,                                    0
          59,3058.36080413157,                          1,                                    0
          60,3058.35990952631,                          1,                                    0
          61,3058.35901492105,                          1,                                    0
          62,3058.35812031579,                          1,                                    0
          63,3058.35722571053,                          1,                                    0
          64,3058.35633110526,                          1,                                    0
          65,3058.35543649999,                          1,                                    0
          66,3058.35454189473,                          1,                                    0
          67,3058.35364728947,                          1,                                    0
          68,3058.35275268421,                          1,                                    0
          69,3058.35185807894,                          1,                                    0
          70,3058.35096347368,                          1,                                    0
          71,3058.35006886841,                          1,                                    0
          72,3058.34917426315,                          1,                                    0
          73,3058.34827965789,                          1,                                    0
          74,3058.34738505263,                          1,                                    0
          75,3058.34649044737,                          1,                                    0
          76, 3058.3455958421,                          1,                                    0
          77,3058.34470123683,                          1,                                    0
          78,3058.34380663157,                          1,                                    0
          79,3058.34291202632,                          1,                                    0
          80,3058.34201742105,                          1,                                    0
          81,3058.34112281579,                          1,                                    0
          82,3058.34022821052,                          1,                                    0
          83,3058.33933360526,                          1,                                    0
          84,     3058.338439,                          1,                                    0
          85,3058.33754439473,                          1,                                    0
          86,3058.33664978947,                          1,                                    0
          87,3058.33575518421,          0.980354182482996,                  0.00116201602032753
          88,3058.33486057894,          0.984496979340275,                -0.000387139984011119
          89,3058.33396597368,          0.988443969795288,                 -0.00193471123467467
          90,3058.33307136841,          0.991031407477308,                 -0.00328732369309546
          91,3058.33217676316,          0.992843102958429,                 -0.00347891295566512
          92,3058.33128215789,          0.993687073568387,                 -0.00347713206147569
          93,3058.33038755263,          0.993180571966976,                 -0.00212383092761212
          94,3058.32949294736,          0.992479694015982,                  -0.0001929768022586
          95, 3058.3285983421,          0.991972410707053,                   0.0011572689994638
          96,3058.32770373684,          0.990889217043294,                  0.00212058003647398
          97,3058.32680913158,          0.989997899770902,                  0.00269754196122861
          98,3058.32591452631,          0.989107492258154,                  0.00288874851710909
          99,3058.32501992105,          0.988604866030182,                  0.00269479519556514
         100,3058.32412531578,          0.988485623863713,                  0.00288580855546043
         101,3058.32323071052,          0.988558792423805,                  0.00288433804441881
         102,3058.32233610526,           0.98844159488309,                  0.00269068293376692
         103,3058.32144149999,          0.988706805307168,                  0.00268931324544402
         104,3058.32054689473,          0.988779749790724,                  0.00268794495088741
         105,3058.31965228947,          0.989046416481804,                  0.00287848200373051
         106,3058.31875768421,           0.98931091560169,                  0.00306882021124991
         107,3058.31786307894,          0.989000034506688,                  0.00306726120413007
         108,3058.31696847369,          0.989266184072872,                  0.00306570965430292
         109,3058.31607386842,          0.989338659854031,                   0.0024896249667252
         110,3058.31517926315,          0.989219649638613,                  0.00267977459267426
         111,3058.31428465789,          0.989102652402161,                  0.00191315793501385
         112,3058.31339005263,          0.989175101011357,                  0.00191218848059416
         113,3058.31249544737,          0.989056354233161,                  0.00210234200899802
         114, 3058.3116008421,          0.989130642419148,                  0.00286538424802766
         115,3058.31070623684,          0.989202967036114,                  0.00362765033269372
         116,3058.30981163157,          0.989275218503111,                  0.00496164268539369
         117,3058.30891702631,          0.988967811338893,                  0.00591282587300013
         118,3058.30802242105,          0.989040108741033,                  0.00667239857477566
         119,3058.30712781578,          0.989112333131357,                  0.00743120419805874
         120,3058.30623321052,          0.989186368501442,                  0.00761791581441234
         121,3058.30533860526,          0.989258446386456,                  0.00742372126401227
         122,3058.30444399999,          0.989332333854001,                  0.00703948006780732
         123,3058.30354939473,           0.98959442602002,                  0.00684577235524995
         124,3058.30265478946,          0.989476125039676,                  0.00665225977264477
         125,3058.30176018421,          0.989549791888693,                  0.00683889278325839
         126,3058.30086557895,          0.989811379508075,                  0.00683545169044518
         127,3058.29997097368,          0.989505247376312,                  0.00721158408137703
         128,3058.29907636841,          0.989766594903214,                  0.00739764223864035
         129,3058.29818176314,          0.989648504151974,                  0.00758351344177757
         130,3058.29728715789,          0.989911393076684,                  0.00720073371686715
         131,3058.29639255263,          0.990172143737843,                  0.00625013021104606
         132,3058.29549794736,          0.990245204475886,                  0.00548979371626853
         133, 3058.2946033421,          0.990127110145728,                  0.00454099954968421
         134,3058.29370873684,          0.990767461827369,                  0.00397139085672357
         135,3058.29281413159,           0.99064922398199,                  0.00321332509209957
         136,3058.29191952631,          0.990532975887522,                  0.00245602301860343
         137,3058.29102492105,          0.990603803797755,                  0.00245479402389836
         138,3058.29013031578,          0.991052032590909,                  0.00245356625855681
         139,3058.28923571053,          0.990747116137369,                   0.0028296280925477
         140,3058.28834110526,          0.991006278635669,                   0.0026396666478119
         141,    3058.2874465,          0.991078596546772,                  0.00263835336597353
         142,3058.28655189474,          0.990960615861021,                  0.00226031693410611
         143,3058.28565728946,          0.991221150569599,                  0.00263572575650036
         144,3058.28476268421,          0.991291388485364,                  0.00263441143485101
         145,3058.28386807894,          0.991551499740451,                  0.00188078812545609
         146,3058.28297347368,          0.991247396401206,                  0.00169186925234418
         147,3058.28207886841,          0.991881192211506,                  0.00150313497588408
         148,3058.28118426315,          0.991765026244871,                  0.00206578589068237
         149,3058.28028965789,          0.991834819333646,                  0.00262787423744721
         150,3058.27939505263,          0.991718791626486,                   0.0039398589905706
         151,3058.27850044736,          0.992163576664373,                  0.00506301579473409
         152, 3058.2776058421,          0.992422353962099,                  0.00562278954086175
         153,3058.27671123685,          0.992118874424652,                  0.00674401047569627
         154,3058.27581663158,          0.992375559849608,                  0.00692790485178028
         155,3058.27492202631,           0.99282099652653,                  0.00673733381243263
         156,3058.27402742104,          0.992890024522962,                  0.00598577256683022
         157,3058.27313281578,          0.992773877520496,                  0.00486103970160695
         158,3058.27223821053,          0.993031586776273,                  0.00336367492698022
         159,3058.27134360526,          0.993100408297441,                  0.00168100501686608
         160,     3058.270449,           0.99317101583473,                 0.000373372562343884
         161,3058.26955439473,          0.993428148126033,                -0.000373188635659667
         162,3058.26865978947,          0.993496671870075,                 -0.00055950629164825
         163, 3058.2677651842,          0.993566980022407,                                    0
         164,3058.26687057895,          0.993823537631704,                  0.00149054898782408
         165,3058.26597597368,          0.993519311706209,                  0.00186226675108943
         166,3058.26508136842,           0.99414791044665,                  0.00335043295039126
         167,3058.26418676315,          0.994031716737239,                  0.00427900607990951
         168,3058.26329215789,           0.99410158952121,                  0.00464881027647404
         169,3058.26239755263,          0.994169545960594,                  0.00464652059244996
         170,3058.26150294736,          0.994425052154835,                  0.00464424179037379
         171, 3058.2606083421,          0.994494629246238,                  0.00464196522239655
         172,3058.25971373684,          0.994749725794269,                  0.00408292797900633
         173,3058.25881913157,          0.995190069245937,                  0.00389543177151252
         174,3058.25792452631,           0.99507376375944,                  0.00333730720098191
         175,3058.25702992105,          0.995141043174667,                  0.00277972358428678
         176,3058.25613531579,          0.995210099909981,                  0.00185224288090449
         177,3058.25524071052,          0.995279089141905,                 0.000925668795704897
         178,3058.25434610526,          0.995348010969368,                 0.000185043318640894
         179,    3058.2534515,          0.995601818457566,                -0.000924764832303145
         180,3058.25255689473,          0.995855378210603,                 -0.00166376432223787
         181,3058.25166228948,          0.995923918064471,                 -0.00240204284505345
         182,3058.25076768421,          0.995807708644985,                 -0.00313960145529762
         183,3058.24987307894,          0.995876204927141,                  -0.0036918487671071
         184,3058.24897847368,          0.996129137007886,                 -0.00332104546511242
         185,3058.24808386841,          0.996012997407157,                 -0.00295060321394455
         186,3058.24718926316,          0.996634262689714,                 -0.00184322963323417
         187,3058.24629465789,          0.996517990383021,                -0.000736933252270676
         188,3058.24540005263,          0.996585974875427,                 0.000368287499953964
         189,3058.24450544736,          0.996653893300056,                  0.00110432564354577
         190, 3058.2436108421,          0.996353815983605,                  0.00147171907826234
         191,3058.24271623684,          0.996791365186772,                 0.000919379602644136
         192,3058.24182163157,          0.996859085220057,                -0.000183786704502223
         193,3058.24092702632,          0.997294134720128,                -0.000918487875041562
         194,3058.24003242105,           0.99717793686437,                 -0.00183608531921261
         195,3058.23913781578,          0.997245371177517,                 -0.00256927405161672
         196,3058.23824321052,           0.99694770747885,                 -0.00330175873682048
         197,3058.23734860526,          0.997198530328476,                 -0.00385018737578562
         198,     3058.236454,          0.997265856930283,                 -0.00513109959464313
         199,3058.23555939473,           0.99751811046698,                  -0.0054949583756903
         200,3058.23466478947,          0.997402140899529,                 -0.00567537928925944
         201, 3058.2337701842,          0.997837074231173,                 -0.00548965931174311
         202,3058.23287557894,           0.99735526185834,                 -0.00530410830623361
         203,3058.23198097368,          0.997605162611287,                 -0.00493592438895084
         204,3058.23108636842,          0.997673921424956,                 -0.00401993155152913
         205,3058.23019176316,           0.99774079194648,                 -0.00401799330456207
         206,3058.22929715789,          0.997809419496167,                 -0.00419861263234757
         207,3058.22840255262,           0.99806044195649,                 -0.00474398016286449
         208,3058.22750794737,          0.998127030038645,                 -0.00547118781311152
         209, 3058.2266133421,          0.998195373594123,                 -0.00583313585737983
         210,3058.22571873684,          0.998263651651717,                 -0.00583034072875615
         211,3058.22482413158,          0.998330046237869,                 -0.00546331656095149
         212,3058.22392952631,          0.997852124212749,                  -0.0050966544104263
         213,3058.22303492105,          0.997920468376746,                 -0.00418453432500732
         214,3058.22214031578,          0.998170596429208,                 -0.00309143744567253
         215,3058.22124571053,          0.998238723010566,                 -0.00181762331210955
         216,3058.22035110526,          0.998306784489274,                -0.000908377419917447
         217,    3058.2194565,          0.998191379635952,                -0.000726353559858797
         218,3058.21856189473,          0.998259398612238,                 -0.00127051196187012
         219,3058.21766728947,           0.99832735268186,                 -0.00199556621470115
         220,3058.21677268421,          0.998213913343065,                 -0.00308258610841637
         221,3058.21587807895,          0.998464876111696,                 -0.00380609228505094
         222,3058.21498347368,          0.998351479139871,                 -0.00434774732341805
         223,3058.21408886842,          0.998419260039872,                 -0.00488888647462396
         224,3058.21319426315,          0.998125009049184,                  -0.0036196736502237
         225,3058.21229965789,          0.998373730777371,                 -0.00307525881920915
         226,3058.21140505263,          0.998443209700196,                 -0.00180811881510358
         227,3058.21051044737,           0.99833009231481,                -0.000722903759822455
         228, 3058.2096158421,          0.998397722489871,                 0.000361280160119367
         229,3058.20872123684,          0.998467091210781,                 0.000902773138526927
         230,3058.20782663157,          0.998173654423654,                  0.00126328251328251
         231,3058.20693202631,          0.998243063347127,                  0.00162345275932854
         232,3058.20603742105,          0.998310606757212,                  0.00234387536352605
         233,3058.20514281579,           0.99819967237281,                  0.00252298165972546
         234,3058.20424821052,          0.998629226476644,                  0.00162115134168286
         235,3058.20335360526,          0.998336406060955,                 0.000360085268191508
         236,3058.20245899999,          0.998225616625216,                -0.000899788729606288
         237,3058.20156439474,          0.998114931612309,                 -0.00197860231532445
         238,3058.20066978947,          0.998543715503137,                 -0.00269682314233833
         239,3058.19977518421,           0.99843298494803,                 -0.00341436765910953
         240,3058.19888057894,          0.998320565439572,                 -0.00395161073041932
         241,3058.19798597367,          0.998569112580499,                 -0.00394975197352948
         242,3058.19709136842,          0.998279076695038,                 -0.00394789496445997
         243,3058.19619676315,          0.998529200746162,                 -0.00340794949060123
         244, 3058.1953021579,          0.998418737069321,                 -0.00358563022829708
         245,3058.19440755263,          0.998308377117217,                 -0.00376314412483603
         246,3058.19351294737,          0.998377233989962,                  -0.0034031516766791
         247, 3058.1926183421,          0.998266997035276,                 -0.00250640924650177
         248,3058.19172373684,          0.998337595221436,                 -0.00143156493310118
         249,3058.19082913158,          0.998406341722546,                -0.000357723519069346
         250,3058.18993452632,          0.998119252277635,                -0.000178778300604986
         251,3058.18903992105,          0.998009342153699,                 0.000357389200413142
         252,3058.18814531578,          0.998258539852646,                                    0
         253,3058.18725071052,          0.998150449176629,                -0.000178528071754003
         254,3058.18635610526,          0.998397567443139,                -0.000356889210882266
         255,    3058.1854615,          0.998289512876811,                -0.000535084605794253
         256,3058.18456689474,           0.99800328032518,                -0.000534835627183912
         257,3058.18367228947,          0.998073705275125,                -0.000178195626722929
         258,3058.18277768421,          0.998144064747561,                 0.000534338364425889
         259,3058.18188307895,          0.998036328807217,                 0.000890150132721385
         260,3058.18098847368,          0.998106640283007,                  0.00106768405093565
         261,3058.18009386842,          0.998176886477834,                   0.0021343768064387
         262,3058.17919926316,           0.99789150307741,                  0.00320007964642676
         263,3058.17830465789,          0.998139483640073,                  0.00515329268747768
         264,3058.17741005263,          0.998211389911671,                  0.00603900129128057
         265,3058.17651544736,           0.99845899287728,                   0.0071014153120717
         266,3058.17562084211,          0.997998324839227,                  0.00763049928308797
         267,3058.17472623684,          0.998245797629964,                  0.00780433814778224
         268,3058.17383163158,          0.997962942935809,                  0.00709158246889898
         269,3058.17293702631,           0.99821020361149,                  0.00549343445978274
         270,3058.17204242104,          0.998104752289353,                  0.00354251908532157
         271,3058.17114781579,          0.998353486889861,                  0.00247862188623126
         272,3058.17025321052,          0.998248066679644,                  0.00176962961652126
         273,3058.16935860526,          0.998319625011055,                  0.00159193420005306
         274,3058.16846399999,          0.998214317285762,                  0.00176800268736408
         275,3058.16756939474,           0.99828582536625,                  0.00212062841288635
         276,3058.16667478947,          0.998003992015968,                  0.00264956812039638
         277,3058.16578018421,          0.998428644573527,                  0.00194212468440474
         278,3058.16488557895,          0.998501717994738,                  0.00229418917178006
         279,3058.16399097368,          0.998396568055896,                  0.00211674184040119
         280,3058.16309636841,          0.998469589257504,                  0.00123420221169036
         281,3058.16220176315,          0.998364550216063,                   0.0010574028775457
         282,3058.16130715789,          0.998261365858299,                                    0
         283,3058.16041255263,          0.998334348688079,                -0.000704292309480127
         284,3058.15951794737,          0.998759250622575,                 -0.00123194973645075
         285, 3058.1586233421,          0.998654270711477,                 -0.00175912325297072
         286,3058.15772873684,          0.998726974771594,                 -0.00193415435255062
         287,3058.15683413158,          0.998801368057338,                 -0.00140601987409092
         288,3058.15593952632,          0.998698266639262,                 0.000175672518318252
         289,3058.15504492105,          0.998770851624232,                  0.00175592625109745
         290,3058.15415031579,          0.998843370618103,                   0.0035102560907331
         291,3058.15325571052,          0.998917576142466,                  0.00438583410670208
         292,3058.15236110525,          0.998814609066487,                  0.00526061065168445
         293,    3058.1514665,          0.998713485962274,                  0.00648515250624853
         294,3058.15057189473,          0.998785899616849,                  0.00718298927982649
         295,3058.14967728948,          0.999035112450552,                  0.00788020684667394
         296,3058.14878268421,          0.999284100197966,                  0.00805168481504755
         297,3058.14788807894,          0.999357905547381,                  0.00822300797631774
         298,3058.14699347368,          0.999081886940935,                  0.00769466182835658
         299,3058.14609886842,           0.99933051672572,                  0.00699199242068022
         300,3058.14520426316,          0.999404201341508,                   0.0064646775261601
         301,3058.14430965789,          0.999654207664016,                  0.00523927781794557
         302,3058.14341505263,          0.999378552376164,                  0.00401497060343262
         303,3058.14252044736,          0.999628345544421,                  0.00261728489844062
         304, 3058.1416258421,          0.999527356632965,                  0.00156966431856512
         305,3058.14073123684,          0.999602529862559,                 0.000871645038247784
         306,3058.13983663157,          0.999677635763263,                 0.000697003755107731
         307,3058.13894202631,          0.999752674425491,                 0.000522518819386145
         308,3058.13804742105,          0.999653550928884,                 0.000522285031833273
         309,3058.13715281578,          0.999728533244236,                 0.000348034302260831
         310,3058.13625821052,          0.999977387883036,                 0.000347878722519755
         311,3058.13536360526,           1.00022602013318,                 0.000173861640906167
         312,     3058.134469,          0.999954816084084,                -0.000347568583970832
         313,3058.13357439473,           1.00020323685084,                 -0.00121594697081554
         314,3058.13267978947,           1.00010591399436,                 -0.00208355398748826
         315,3058.13178518421,           1.00035578233063,                 -0.00295039005892102
         316,3058.13089057894,           1.00043021795397,                 -0.00364297461020172
         317,3058.12999597369,           1.00067972006631,                  -0.0045083473785694
         318,3058.12910136842,           1.00058235869136,                 -0.00467966805554593
         319,3058.12820676315,           1.00066006143249,                 -0.00450435623220996
         320,3058.12731215789,           1.00090913026538,                 -0.00450235940949825
         321,3058.12641755262,           1.00081179649352,                 -0.00467345529320739
         322,3058.12552294737,           1.00071628032513,                 -0.00484440799604143
         323, 3058.1246283421,           1.00096499389529,                 -0.00449638732572176
         324,3058.12373373684,           1.00086949456955,                 -0.00397582009932636
         325,3058.12283913157,           1.00111965055844,                 -0.00293735486011279
         326,3058.12194452632,            1.0008514577544,                 -0.00293606122205776
         327,3058.12104992105,           1.00110140143838,                 -0.00207160145150208
         328,3058.12015531578,           1.00117856766928,                 -0.00172557491842345
         329,3058.11926071053,           1.00108318442422,                 -0.00086240798106842
         330,3058.11836610526,           1.00133442293966,                 -0.00051721819366718
         331,    3058.1174715,           1.00123905487169,                -0.000861651510216602
         332,3058.11657689473,           1.00149000490926,                 -0.00137803922244137
         333,3058.11568228947,           1.00122419673926,                  -0.0025826935427496
         334,3058.11478768421,           1.00164703817101,                 -0.00361419034391603
         335,3058.11389307894,             1.001553422777,                 -0.00516087301327893
         336,3058.11299847368,           1.00163184312296,                 -0.00619034272144661
         337,3058.11210386842,           1.00171019499661,                 -0.00773455023590378
         338,3058.11120926315,           1.00144487070898,                 -0.00876199835411874
         339,3058.11031465789,           1.00152495569385,                 -0.00944510846419102
         340,3058.10942005263,            1.0016049711191,                 -0.00961266124810107
         341,3058.10852544737,           1.00185477824162,                 -0.00926531221528468
         342, 3058.1076308421,           1.00159157016629,                 -0.00874677569837001
         343,3058.10673623684,           1.00167145244932,                 -0.00685724081772597
         344,3058.10584163158,           1.00157990876969,                 -0.00531205768551933
         345,3058.10494702631,           1.00131887707038,                 -0.00342565472825994
         346,3058.10405242105,           1.00139877380441,                 -0.00154087689592061
         347,3058.10315781579,           1.00165144993882,                                    0
         348,3058.10226321053,           1.00173113372153,                  0.00102636386651796
         349,3058.10136860526,           1.00147048765474,                   0.0015388824293824
         350,     3058.100474,            1.0015518926938,                  0.00188004621495423
         351,3058.09957939473,           1.00180406735185,                  0.00187923682484146
         352,3058.09868478947,           1.00154372639157,                  0.00170766193758154
         353,3058.09779018421,           1.00179739761405,                  0.00136554424619397
         354,3058.09689557895,           1.00170790258984,                 0.000682478557376825
         355,3058.09600097368,           1.00162019271766,                -0.000170546601858958
         356,3058.09510636842,           1.00170132389593,                  -0.0013637866901238
         357,3058.09421176315,           1.00161369201487,                 -0.00255600635934382
         358,3058.09331715789,           1.00169646263694,                 -0.00391753420177686
         359,3058.09242255263,           1.00178086809658,                 -0.00527790736080796
         360,3058.09152794737,           1.00169331438636,                 -0.00663711166514921
         361, 3058.0906333421,           1.00177594512942,                 -0.00697449715576604
         362,3058.08973873684,           1.00152013412548,                 -0.00731160709123865
         363,3058.08884413158,           1.00143450563944,                 -0.00696857004942586
         364,3058.08794952631,           1.00168703396324,                  -0.0062860278589959
         365,3058.08705492105,            1.0017729292051,                 -0.00577390737294007
         366,3058.08616031579,           1.00168730245491,                 -0.00492271339962587
         367,3058.08526571052,           1.00143207161715,                 -0.00424191829726006
         368,3058.08437110526,           1.00168587158204,                 -0.00356170052543563
         369,    3058.0834765,           1.00194115502963,                 -0.00322113061684651
         370,3058.08258189473,             1.001687838076,                 -0.00254192481325326
         371,3058.08168728947,           1.00177351516804,                 -0.00152451160576807
         372,3058.08079268421,           1.00135116372786,                -0.000846593814446954
         373,3058.07989807895,           1.00143691049012,                 -0.00033849481510567
         374,3058.07900347368,           1.00135340889866,                 0.000169176112332939
         375,3058.07810886842,           1.00160988115289,                 0.000676420652475361
         376,3058.07721426315,           1.00135734292094,                 0.000845169938319498
         377,3058.07631965789,           1.00110670868217,                  0.00101377894550093
         378,3058.07542505263,           1.00119406917494,                 0.000675569547351514
         379,3058.07453044737,           1.00111253484057,                -0.000506465026057626
         380, 3058.0736358421,            1.0012015093117,                -0.000506253923467907
         381,3058.07274123684,           1.00128872065799,                                    0
         382,3058.07184663158,           1.00087171610044,                 0.000674441857210542
         383,3058.07095202631,             1.001127532524,                  0.00219101985232526
         384,3058.07005742105,           1.00121635235807,                  0.00370633682515188
         385,3058.06916281579,           1.00079989896013,                  0.00471519387024797
         386,3058.06826821053,           1.00089046595441,                  0.00589155168321632
         387,3058.06737360526,           1.00097927372215,                  0.00639388340921863
         388,     3058.066479,           1.00056343713471,                  0.00622303701025119
         389,3058.06558439474,           1.00082210988028,                  0.00605234267691754
         390,3058.06468978947,           1.00108056875224,                  0.00588178947563007
         391,3058.06379518421,           1.00100285064917,                   0.0060473405979812
         392,3058.06290057895,           1.00075728445518,                   0.0055411057696344
         393,3058.06200597368,           1.00101713008187,                  0.00537098393068745
         394,3058.06111136842,           1.00077176028454,                   0.0050332192470304
         395,3058.06021676316,           1.00086368095793,                  0.00419262600937471
         396,3058.05932215789,            1.0009555261261,                  0.00368799557440531
         397,3058.05842755263,           1.00104729588203,                  0.00234594277575301
         398,3058.05753294737,           1.00080399316606,                  0.00150748718635892
         399, 3058.0566383421,           1.00089574979281,                  0.00133943894251295
         400,3058.05574373684,           1.00082174494443,                  0.00100416897486063
         401,3058.05484913157,           1.00074612633291,                  0.00133834319803799
         402,3058.05395452632,           1.00100669233007,                  0.00234114495366205
         403,3058.05305992105,            1.0007655764724,                  0.00351028513544686
         404,3058.05216531578,           1.00069174550449,                  0.00451138372493258
         405,3058.05127071052,            1.0011207073651,                  0.00551167556607413
         406,3058.05037610526,            1.0007128868914,                  0.00567638274179304
         407,    3058.0494815,           1.00064083736082,                  0.00534031134015113
         408,3058.04858689474,           1.00090248040316,                  0.00467087824188143
         409,3058.04769228947,           1.00083041243818,                  0.00366848868271241
         410,3058.04679768421,           1.00092508479944,                  0.00283359307936561
         411,3058.04590307895,           1.00101968050011,                  0.00233260245123195
         412,3058.04500847368,           1.00094931965425,                  0.00233166230867878
         413,3058.04411386842,           1.00087901550264,                  0.00332960417665548
         414,3058.04321926316,           1.00080876797678,                   0.0048259817544607
         415,3058.04232465789,            1.0007385770083,                  0.00715288544071755
         416,3058.04143005263,           1.00083472176495,                  0.00881279951047393
         417,3058.04053544737,           1.00076457682335,                  0.00964031646831993
         418, 3058.0396408421,           1.00069615090026,                  0.00963645637592813
         419,3058.03874623684,           1.00062777975228,                  0.00830396497719731
         420,3058.03785163158,           1.00072547616636,                  0.00680652696131735
         421,3058.03695702631,           1.00098904089585,                  0.00448055439393034
         422,3058.03606242105,           1.00108651477577,                  0.00232232165813766
         423,3058.03516781579,           1.00135138496232,                  0.00165814105805981
         424,3058.03427321052,           1.00095305183773,                  0.00099448887415572
         425,3058.03337860526,           1.00121610561231,                 0.000994091781180517
         426,     3058.032484,           1.00131499190137,                 0.000496848325455527
         427,3058.03158939473,            1.0012499068778,                 0.000827752899204529
         428,3058.03069478947,            1.0013487013578,                  0.00099290897506971
         429,3058.02980018421,           1.00128365457782,                  0.00115793583050466
         430,3058.02890557895,           1.00138401324155,                 0.000992124187491629
         431,3058.02801097368,           1.00148429261391,                 0.000661154839157556
         432,3058.02711636842,           1.00125404590899,                 0.000330446879837949
         433,3058.02622176315,           1.00135429741693,                  0.00016515822157627
         434,3058.02532715789,           1.00162121647367,                 0.000330186654515798
         435,3058.02443255263,           1.00155786888817,                 0.000495085451748972
         436,3058.02353794737,           1.00165788236459,                 0.000659853677447026
         437,3058.02264334211,           1.00159622183526,                 0.000494696849770461
         438,3058.02174873684,           1.00169779286927,                 0.000329668518304844
         439,3058.02085413158,           1.00212882347901,                                    0
         440,3058.01995952631,           1.00190234622701,                -0.000164705301040114
         441,3058.01906492105,           1.00184068675068,                -0.000658564132621645
         442,3058.01817031579,           1.00177907537454,                 -0.00148119133865136
         443,3058.01727571052,           1.00204653733779,                 -0.00279671501145008
         444,3058.01638110526,           1.00231543911119,                 -0.00361787361122988
         445,    3058.0154865,           1.00209097723596,                  -0.0044383950763404
         446,3058.01459189473,           1.00186504317534,                 -0.00509395052295153
         447,3058.01369728947,           1.00196944485965,                 -0.00410643215106414
         448,3058.01280268421,           1.00191121707091,                 -0.00328387812871489
         449,3058.01190807895,           1.00201552016177,                 -0.00229782428865925
         450,3058.01101347368,           1.00212138662887,                 -0.00131253619728732
         451,3058.01011886842,           1.00206316770044,                -0.000984022750605994
         452,3058.00922426315,            1.0023328748461,                -0.000655762430386719
         453,3058.00832965789,           1.00211074184054,                                    0
         454,3058.00743505263,           1.00221640863171,                 0.000491443155589265
         455,3058.00654044737,           1.00215988380185,                  0.00163751615000303
         456,3058.00564584211,           1.00226709116653,                  0.00261902228624277
         457,3058.00475123684,           1.00221059021613,                  0.00376340303264834
         458,3058.00385663157,           1.00231769610866,                  0.00425265341038269
         459,3058.00296202632,           1.00226121903086,                  0.00408752536309488
         460,3058.00206742105,           1.00253330064558,                  0.00392253003187056
         461,3058.00117281579,           1.00247842204407,                  0.00343090724623948
         462,3058.00027821052,           1.00242358520764,                  0.00277634424055553
         463,3057.99938360526,           1.00236879008863,                  0.00146927021348496
         464,     3057.998489,           1.00264205319682,                 0.000979142630075019
         465,3057.99759439474,           1.00258721660517,                 0.000489385234268712
         466,3057.99669978947,           1.00253405647978,                -0.000163066697540628
         467,3057.99580518421,           1.00280694662237,                 0.000163005030335236
         468,3057.99491057895,           1.00259080021509,                 0.000162943409753793
         469,3057.99401597368,           1.00286509615745,                 0.000325764202097596
         470,3057.99312136842,           1.00264909072851,                -0.000325641146712734
         471,3057.99222676316,           1.00276039869532,                -0.000488278071106308
         472,3057.99133215789,           1.00287162299576,                 -0.00113888730710096
         473,3057.99043755263,           1.00282175762159,                 -0.00195164792271474
         474,3057.98954294737,           1.00293287551862,                 -0.00211349122738564
         475, 3057.9886483421,           1.00288302460809,                 -0.00178767027559375
         476,3057.98775373684,            1.0029956657071,                 -0.00178700231985392
         477,3057.98685913158,           1.00294582858331,                 -0.00178633486308555
         478,3057.98596452632,           1.00322069556635,                 -0.00211033479649879
         479,3057.98506992105,           1.00301016641109,                 -0.00227182370648038
         480,3057.98417531579,           1.00296037957744,                 -0.00259540127336875
         481,3057.98328071052,           1.00291225612287,                 -0.00259443752594438
         482,3057.98238610526,           1.00302626055017,                 -0.00226929018224021
         483,    3057.9814915,           1.00297977351129,                  -0.0024304841038238
         484,3057.98059689473,           1.00293169633457,                 -0.00275352694407101
         485,3057.97970228947,           1.00304719098213,                 -0.00372398472842437
         486,3057.97880768421,           1.00300074775915,                  -0.0050174315282449
         487,3057.97791307895,           1.00311613172533,                 -0.00582454528098577
         488,3057.97701847368,            1.0032314305954,                 -0.00614586399526445
         489,3057.97612386842,           1.00302491879928,                 -0.00646695627852534
         490,3057.97522926316,           1.00298017312155,                 -0.00614135458888479
         491,3057.97433465789,           1.00293546026304,                 -0.00565443639001394
         492,3057.97344005263,           1.00289078018766,                 -0.00468338689620646
         493,3057.97254544737,           1.00284613285935,                   -0.003713049107496
         494, 3057.9716508421,           1.00280313654357,                 -0.00338893882642662
         495,3057.97075623684,           1.00276017157911,                 -0.00338770328236184
         496,3057.96986163158,           1.00287849834305,                 -0.00387024987300743
         497,3057.96896702631,           1.00283553722872,                 -0.00386883988000148
         498,3057.96807242105,           1.00295375036056,                 -0.00322285909498894
         499,3057.96717781579,           1.00291240866506,                 -0.00225518370082089
         500,3057.96628321052,           1.00287109692649,                 -0.00193231425226685
         501,3057.96538860526,           1.00282981511231,                 -0.00128774294075417
         502,     3057.964494,           1.00262765360027,                -0.000160909589728819
         503,3057.96359939473,           1.00258810244961,                 0.000804258063893478
         504,3057.96270478947,           1.00238778611225,                  0.00176873045351857
         505,3057.96181018421,            1.0025090855902,                  0.00273250833013201
         506,3057.96091557895,           1.00246961981994,                  0.00273152484964562
         507,3057.96002097369,           1.00259080257056,                  0.00240930183251497
         508,3057.95912636842,            1.0027135081325,                  0.00256900178224499
         509,3057.95823176316,             1.002513506486,                  0.00224706837829075
         510, 3057.9573371579,           1.00263615169986,                 0.000962684735189497
         511,3057.95644255263,            1.0024395368569,                 0.000320780651794206
         512,3057.95554794737,           1.00256212101292,                -0.000480998938595675
         513,3057.95465334211,           1.00268622460428,                 -0.00112193151730018
         514,3057.95375873684,           1.00248980206554,                 -0.00128175138509259
         515,3057.95286413158,           1.00261384311816,                 -0.00128129564615739
         516,3057.95196952632,           1.00225748090748,                 -0.00160105028898958
         517,3057.95107492105,           1.00238312065569,                 -0.00144043558772173
         518,3057.95018031579,           1.00250706762683,                 -0.00159991552446031
         519,3057.94928571052,           1.00231266013492,                 -0.00159935002415019
         520,3057.94839110526,           1.00243814700827,                 -0.00159878492345817
         521,    3057.9474965,           1.00224550300066,                 -0.00143840049864551
         522,3057.94660189474,           1.00221115932489,                 -0.00127812677739505
         523,3057.94570728947,           1.00217844046661,                -0.000958258269768868
         524,3057.94481268421,           1.00214574459253,                -0.000159653615515777
         525,3057.94391807894,           1.00211307167846,                 0.000319195117591481
         526,3057.94302347368,           1.00224156223327,                 0.000478625387885991
         527,3057.94212886842,           1.00205099088697,                -0.000159486072081325
         528,3057.94123426316,           1.00217781561586,                -0.000478290398798534
         529,3057.94033965789,            1.0021483715089,                -0.000478124223048137
         530,3057.93944505263,           1.00195803215379,                -0.000477957401250018
         531,3057.93855044736,           1.00208635270509,                -0.000796317826370861
         532, 3057.9376558421,           1.00189776280512,                 -0.00111445802314252
         533,3057.93676123684,           1.00202760987131,                -0.000954918306738859
         534,3057.93586663158,           1.00183917116383,                -0.000795489257713064
         535,3057.93497202632,           1.00197054206606,                -0.000159042943185089
         536,3057.93407742105,           1.00194124128151,                -0.000158987819943114
         537,3057.93318281579,           1.00191355316944,                                    0
         538,3057.93228821052,            1.0018858841492,                -0.000317756385711766
         539,3057.93139360526,           1.00185823420104,                -0.000158823435986214
         540,     3057.930499,           1.00183219390137,                -0.000476306906767686
         541,3057.92960439474,           1.00196488599535,                -0.000158714539204078
         542,3057.92870978947,           1.00178016684701,                 0.000158660146792368
         543,3057.92781518421,           1.00191278584729,                 0.000475817374947264
         544,3057.92692057895,           1.00172821106372,                 0.000475654421207845
         545,3057.92602597368,           1.00170384752546,                 0.000158497444228712
         546,3057.92513136842,           1.00167791349318,                -0.000158443200489273
         547,3057.92423676316,           1.00165358371505,                 -0.00110872471315708
         548,3057.92334215789,           1.00163085643713,                 -0.00126668461136533
         549,3057.92244755263,            1.0016065591934,                  -0.0014245352453762
         550,3057.92155294737,           1.00174209136407,                 -0.00174050908308399
         551, 3057.9206583421,           1.00155959849038,                 -0.00126539431268526
         552,3057.91976373684,           1.00153851748898,                -0.000790605081693223
         553,3057.91886913158,           1.00167393513857,                     0.00031613505922
         554,3057.91797452631,           1.00165124712612,                 0.000790070395272219
         555,3057.91707992105,           1.00163015663404,                  0.00110572639905982
         556,3057.91618531579,           1.00160908032927,                 0.000631631140046835
         557,3057.91529071053,           1.00158801819749,                 0.000473564074797867
         558,3057.91439610526,           1.00156697022441,                                    0
         559,    3057.9135015,           1.00170526518372,                -0.000630995442635416
         560,3057.91260689474,           1.00152807542921,                -0.000788480613627153
         561,3057.91171228947,           1.00166629094985,                -0.000945860520254815
         562,3057.91081768421,           1.00148923261183,                -0.000472772257723917
         563,3057.90992307895,           1.00131229254199,                 0.000315076240573313
         564,3057.90902847368,           1.00129453303894,                 0.000157485771160576
         565,3057.90813386842,           1.00127678533476,                 0.000314866913627283
         566,3057.90723926316,           1.00157381177211,                 0.000786905886056028
         567,3057.90634465789,           1.00139865420831,                    0.001415960390868
         568,3057.90545005263,           1.00138088962005,                  0.00157276722101469
         569,3057.90455544737,            1.0013647112095,                  0.00157224793721071
         570, 3057.9036608421,           1.00134854347874,                  0.00188607479543947
         571,3057.90276623684,            1.0013323864172,                  0.00235681559646289
         572,3057.90187163158,           1.00131624001432,                   0.0026701766400382
         573,3057.90097702631,           1.00130167647765,                  0.00329737105316461
         574,3057.90008242105,           1.00128712249639,                  0.00376718779431155
         575,3057.89918781579,           1.00111409248537,                  0.00423668973308855
         576,3057.89829321052,           1.00141490639971,                  0.00470589711653997
         577,3057.89739860526,           1.00155714144584,                  0.00501797847600857
         578,     3057.896504,           1.00122900193756,                  0.00517309489023633
         579,3057.89560939474,           1.00121606458933,                   0.0047012806288433
         580,3057.89471478947,           1.00135979396302,                  0.00422977384809159
         581,3057.89382018421,             1.001503429699,                  0.00313214520625176
         582,3057.89292557894,           1.00164854003228,                  0.00172212159117773
         583,3057.89203097368,           1.00163548293698,                 0.000313011088417807
         584,3057.89113636842,           1.00146754656879,                 -0.00140809372271818
         585,3057.89024176316,           1.00145612314641,                 -0.00281527568587154
         586,3057.88934715789,           1.00144470711847,                 -0.00375248602198957
         587,3057.88845255263,           1.00143329847777,                 -0.00422018090508813
         588,3057.88755794737,           1.00142346196575,                 -0.00484383325338404
         589, 3057.8866633421,           1.00172603659822,                  -0.0045298698052937
         590,3057.88576873684,            1.0014038079266,                 -0.00484071698826204
         591,3057.88487413158,           1.00170619428136,                 -0.00561967009414508
         592,3057.88397952631,            1.0015402309254,                  -0.0063981223851576
         593,3057.88308492105,            1.0015319382607,                 -0.00686408181985529
         594,3057.88219031579,           1.00167960288386,                 -0.00686188736211895
         595,3057.88129571052,           1.00151536883329,                 -0.00592428144702133
         596,3057.88040110526,           1.00150709206041,                 -0.00498727465700798
         597,    3057.8795065,           1.00134301802012,                 -0.00436247152708316
         598,3057.87861189474,           1.00133636117263,                 -0.00327081405889334
         599,3057.87771728948,            1.0014854121318,                 -0.00264696082186576
         600,3057.87682268421,           1.00132150156199,                 -0.00233480841340429
         601,3057.87592807894,           1.00131641598745,                 -0.00233407089973765
         602,3057.87503347368,           1.00115422068326,                 -0.00217777487407795
         603,3057.87413886842,           1.00114919113428,                 -0.00171056867077929
         604,3057.87324426316,           1.00114260841177,                 -0.00139911234094813
         605, 3057.8723496579,           1.00129299359098,                -0.000932447301186695
         606,3057.87145505263,           1.00144328391368,                  0.00031071774244917
         607,3057.87056044737,           1.00112910465263,                 0.000465930393105473
         608, 3057.8696658421,           1.00112409094579,                 0.000465783541072793
         609,3057.86877123684,           1.00112063426037,                 0.000155212501435716
         610,3057.86787663158,           1.00127234359484,                -0.000465491559086395
         611,3057.86698202631,           1.00142395785829,                 -0.00139603711597346
         612,3057.86608742105,           1.00126534384478,                 -0.00201586641938705
         613,3057.86519281579,           1.00126339939698,                 -0.00170520164009394
         614,3057.86429821052,           1.00110648611623,                -0.000774850221452193
         615,3057.86340360526,           1.00125951413429,                  0.00108445251414823
         616,     3057.862509,           1.00125757331714,                  0.00185848273469539
         617,3057.86161439474,           1.00141045907269,                  0.00325133265932691
         618,3057.86071978947,           1.00125369530561,                  0.00325032116268631
         619,3057.85982518421,           1.00109857803772,                  0.00278512741957945
         620,3057.85893057895,           1.00125291961206,                  0.00201085863663784
         621,3057.85803597368,           1.00125253212513,                 0.000618534382780003
         622,3057.85714136842,            1.0012521448778,                -0.000927514724296248
         623,3057.85624676316,           1.00109876693932,                 -0.00200899721676616
         624,3057.85535215789,           1.00109842744122,                 -0.00293531946317642
         625,3057.85445755263,           1.00125407729564,                 -0.00308886033409113
         626,3057.85356294737,           1.00094644481053,                 -0.00308791129048445
         627, 3057.8526683421,           1.00125639387176,                 -0.00262391840539848
         628,3057.85177373684,           1.00110325034525,                 -0.00246881196139395
         629,3057.85087913158,           1.00079749121911,                 -0.00200529706933546
         630,3057.84998452631,           1.00110874489769,                 -0.00185047827152993
         631,3057.84908992105,           1.00080317075164,                 -0.00231239179933372
         632,3057.84819531579,           1.00096012033097,                  -0.0020034613647887
         633,3057.84730071053,             1.000808843354,                 -0.00277317721372723
         634,3057.84640610526,           1.00065765864282,                 -0.00308036835044735
         635,    3057.8455115,           1.00066207831001,                 -0.00338737740003387
         636,3057.84461689474,           1.00082042030763,                  -0.0038481252703308
         637,3057.84372228947,           1.00082478795563,                 -0.00338532369849692
         638,3057.84282768421,           1.00052148952175,                 -0.00292280262929171
         639,3057.84193307895,           1.00098730042537,                 -0.00215299158180292
         640,3057.84103847368,           1.00068567492859,                -0.000768693866130426
         641,3057.84014386842,           1.00069161607623,                 0.000614769845539076
         642,3057.83924926316,           1.00054390746813,                  0.00199740030667777
         643,3057.83835465789,           1.00070348763981,                  0.00291839850577997
         644,3057.83746005263,           1.00055586436909,                  0.00353173494175708
         645,3057.83656544737,           1.00056183742328,                  0.00383768731751797
         646, 3057.8356708421,            1.0005693423712,                  0.00383653888946011
         647,3057.83477623684,            1.0004234271828,                  0.00368197550258966
         648,3057.83388163158,           1.00043096903618,                  0.00352750456658472
         649,3057.83298702631,           1.00043850637981,                  0.00291315427145078
         650,3057.83209242105,           1.00059931729942,                  0.00260572738880058
         651,3057.83119781579,           1.00045510057416,                  0.00199202271518825
         652,3057.83030321053,           1.00046415654484,                  0.00137868280644672
         653,3057.82940860526,           1.00016539253161,                  0.00137827109673625
         654,     3057.828514,           1.00032762490317,                    0.001071670244004
         655,3057.82761939474,           1.00018519113715,                  0.00091830315942202
         656,3057.82672478947,           1.00034732156928,                 0.000765025482998839
         657,3057.82583018421,           1.00035792623049,                 0.000611839710232713
         658,3057.82493557895,           1.00036699492324,                                    0
         659,3057.82404097368,           1.00022471807054,                                    0
         660,3057.82314636842,           1.00008252514725,                 -0.00030564869350466
         661,3057.82225176316,           1.00009472330102,                -0.000916677106600381
         662,3057.82135715789,           1.00025812127423,                 -0.00106914137256369
         663,3057.82046255263,           1.00027026077875,                 -0.00091613823304419
         664,3057.81956794737,           1.00012822156687,                -0.000610578889845462
         665,3057.81867334211,           1.00014039199888,                                    0
         666,3057.81777873684,            1.0001525553013,                  0.00091533180778032
         667,3057.81688413158,           1.00016623684022,                   0.0012200869006895
         668,3057.81598952632,           1.00002591925694,                  0.00152466217297902
         669,3057.81509492105,           1.00049689516731,                  0.00106695281324972
         670,3057.81420031579,           1.00020418549795,                 0.000152377237278786
         671,3057.81330571053,           1.00037016895242,                 -0.00106633031561854
         672,3057.81241110526,           1.00023300190209,                 -0.00167517707383115
         673,    3057.8115165,           1.00024663615686,                 -0.00213142357780762
         674,3057.81062189474,           1.00010806220121,                 -0.00197860368416006
         675,3057.80972728947,           1.00012324658904,                 -0.00136940654485035
         676,3057.80883268421,           1.00013842219988,                -0.000912673845353501
         677,3057.80793807895,           1.00015358904135,                                    0
         678,3057.80704347368,           1.00016874712104,                 0.000304048866733861
         679,3057.80614886842,           1.00033587698088,                 0.000759902671665813
         680,3057.80525426316,           1.00035097368609,                 0.000303873321289821
         681,3057.80435965789,           1.00021568812105,                -0.000303786085989689
         682,3057.80346505263,            1.0000804802087,                -0.000607397801523657
         683,3057.80257044737,           1.00009715576498,                -0.000759029413907848
         684, 3057.8016758421,           1.00026558409531,                -0.000303524680350571
         685,3057.80078123684,           1.00013047818738,                -0.000151718822540562
         686,3057.79988663158,           1.00045047572967,                -0.000455025989567771
         687,3057.79899202632,           1.00031691107233,                 -0.00106142464415739
         688,3057.79809742105,           1.00033501142222,                 -0.00136429990950144
         689,3057.79720281579,           1.00035158546861,                 -0.00136390914546546
         690,3057.79630821053,           1.00052116790091,                 -0.00106051607742373
         691,3057.79541360526,           1.00069216939824,                -0.000605837547690774
         692,     3057.794519,           1.00055872604405,                -0.000151416272101098
         693,3057.79362439474,           1.00072810500455,                 -0.00030274636363774
         694,3057.79272978947,           1.00029358086942,                -0.000302660690126906
         695,3057.79183518421,           1.00031316519237,                -0.000756437662728652
         696,3057.79094057895,           1.00033273843734,                -0.000907468465470825
         697,3057.79004597368,           1.00050350259387,                 -0.00105841386098792
         698,3057.78915136842,           1.00037185173092,                 -0.00105811468149236
         699,3057.78825676316,           1.00039290355729,                -0.000906700516819295
         700,3057.78736215789,           1.00041243218663,                -0.000906444366221653
         701,3057.78646755263,           1.00043346075368,                -0.000302063242981183
         702,3057.78557294737,           1.00075645592097,                -0.000301978411563357
         703, 3057.7846783421,           1.00077737609153,                -0.000150946813890126
         704,3057.78378373684,           1.00049647562667,                -0.000150904445795878
         705,3057.78288913158,           1.00066831910955,                -0.000452586304436704
         706,3057.78199452632,           1.00053993563002,                -0.000904920050313555
         707,3057.78109992105,           1.00071317965041,                  -0.0015077793877511
         708,3057.78020531579,           1.00073408269057,                 -0.00241177064664093
         709,3057.77931071053,           1.00075648208705,                 -0.00316456649959765
         710,3057.77841610526,           1.00047756571048,                 -0.00391694273580372
         711,    3057.7775215,           1.00050153094958,                 -0.00391585726399053
         712,3057.77662689474,           1.00067454438141,                 -0.00421590238379166
         713,3057.77573228947,           1.00054640942775,                 -0.00391367634197704
         714,3057.77483768421,           1.00072081995904,                 -0.00376210834571067
         715,3057.77394307895,           1.00059424857644,                 -0.00361062426189061
         716,3057.77304847368,           1.00061814829242,                  -0.0034592240208516
         717,3057.77215386842,           1.00064203478415,                 -0.00330790755300546
         718,3057.77125926316,           1.00051559021551,                 -0.00285603909466567
         719,3057.77036465789,           1.00069127194037,                 -0.00270497715797067
         720,3057.76947005263,           1.00056488347776,                 -0.00270422941480475
         721,3057.76857544737,           1.00059026114174,                 -0.00255329247064089
         722, 3057.7676808421,           1.00061562485923,                 -0.00150152404690761
         723,3057.76678623684,           1.00049086348441,                 -0.00105077810118393
         724,3057.76589163158,           1.00036617063552,                                    0
         725,3057.76499702632,           1.00054160371711,                  0.00120022984401513
         726,3057.76410242105,           1.00041696539187,                  0.00239980081653223
         727,3057.76320781579,           1.00029389537325,                   0.0038986120940945
         728,3057.76231321053,           1.00016939319759,                  0.00584631389908663
         729,3057.76141860526,           1.00019632262251,                  0.00734336526947903
         730,     3057.760524,           1.00037306109362,                  0.00779083408370053
         731,3057.75962939474,            1.0003999203155,                  0.00763892737477027
         732,3057.75873478947,           1.00042676489746,                  0.00703787725642581
         733,3057.75784018421,           1.00030539105025,                  0.00553895532308577
         734,3057.75694557895,           1.00033224679651,                  0.00404083941704157
         735,3057.75605097368,           1.00036058465585,                   0.0020946826480978
         736,3057.75515636842,           1.00053699025191,                 0.000299158914711289
         737,3057.75426176316,           1.00041571834036,                 -0.00104677279945927
         738,3057.75336715789,            1.0002945120593,                 -0.00194348059434627
         739,3057.75247255263,           1.00017337135547,                  -0.0023913290408977
         740,3057.75157794737,           1.00035262616845,                 -0.00268952162375385
         741,3057.75068334211,           1.00008215760817,                 -0.00313692685732211
         742,3057.74978873684,           1.00011050944856,                 -0.00358409022349789
         743,3057.74889413158,           1.00028963610359,                 -0.00343383009408694
         744,3057.74799952632,           1.00031940965931,                 -0.00343290755329216
         745,3057.74710492105,           1.00005073369881,                  -0.0035812022692885
         746,3057.74621031579,           1.00022973210849,                 -0.00387859403949602
         747,3057.74531571053,           1.00011036111948,                 -0.00402668949451625
         748,3057.74442110526,          0.999991054202586,                  -0.0040256088360623
         749,    3057.7435265,           1.00032047221208,                  -0.0037264210706753
         750,3057.74263189474,           1.00005215590144,                 -0.00327837094767273
         751,3057.74173728947,          0.999934450065848,                 -0.00268158821531366
         752,3057.74084268421,          0.999965744396602,                 -0.00223406109114522
         753,3057.73994807895,          0.999697738098252,                 -0.00253125730528303
         754,3057.73905347368,          0.999877936592526,                 -0.00238172502389168
         755,3057.73815886842,          0.999910708970772,                 -0.00252991249479136
         756,3057.73726426316,          0.999793197538009,                 -0.00267801749340538
         757,3057.73636965789,          0.999675748678453,                 -0.00267730448983963
         758,3057.73547505263,          0.999857248221551,                 -0.00223049653826937
         759,3057.73458044737,          0.999888504850039,                 -0.00133794179953172
         760, 3057.7336858421,          0.999772610064903,                -0.000148620872612591
         761,3057.73279123684,          0.999508195016277,                  0.00133723409471481
         762,3057.73189663158,          0.999838088914438,                  0.00282230332630728
         763,3057.73100202632,          0.999722299361289,                  0.00415808442990435
         764,3057.73010742105,          0.999755034777638,                  0.00489930444723226
         765,3057.72921281579,           0.99964081206159,                  0.00623384025339076
         766,3057.72831821053,          0.999376780626781,                  0.00682573599240266
         767,3057.72742360526,          0.999559410589277,                  0.00756567674978527
         768,     3057.726529,          0.999295539653702,                  0.00726706462496756
         769,3057.72563709091,          0.999478094808823,                  0.00741342601104304
         770,3057.72474518182,          0.999364094932178,                   0.0066703328792566
         771,3057.72385327273,          0.999250154859322,                  0.00548305735277991
         772,3057.72296136364,          0.999284426422591,                  0.00414825262265864
         773,3057.72206945455,          0.999320160140056,                  0.00222169888870622
         774,3057.72117754545,          0.999354395441676,                 0.000444223319947404
         775,3057.72028563636,          0.999388612802418,                -0.000148035641060942
         776,3057.71939372727,          0.999424291352975,                -0.000295994162995106
         777,3057.71850181818,           0.99945995132164,                 0.000295917084033054
         778,3057.71760990909,          0.999346194467208,                  0.00103543862659421
         779,     3057.716718,          0.999381856146982,                  0.00221821956824574
         780,3057.71582609091,          0.999417499268178,                    0.002513328030704
         781,3057.71493418182,          0.999306796498214,                  0.00339950544585992
         782,3057.71404227273,          0.999342440653422,                  0.00369415363246127
         783,3057.71315036364,           0.99923033854763,                  0.00310228224563871
         784,3057.71225845455,          0.999415149402743,                   0.0028061013504732
         785,3057.71136654545,          0.999450737665222,                  0.00251006980947094
         786,3057.71047463636,          0.999192556760898,                    0.001918969306824
         787,3057.70958272727,          0.999524808816715,                  0.00162332391805461
         788,3057.70869081818,          0.999414278906516,                  0.00103275759556327
         789,3057.70779890909,          0.999597329097176,                 0.000442495497608312
         790,     3057.706907,          0.999488311531276,                 0.000294921307622094
         791,3057.70601509091,          0.999525299194188,                -0.000147422610500618
         792,3057.70512318182,           0.99956226777716,                 -0.00014738458681468
         793,3057.70423127273,          0.999599217294952,                 0.000147346582738053
         794,3057.70333936364,          0.999490311499221,                 0.000883852891524735
         795,3057.70244745455,          0.999528732585196,                  0.00147271067126152
         796,3057.70155554545,          0.999418429169826,                  0.00176679745875632
         797,3057.70066363636,          0.999604044341146,                  0.00250232200762767
         798,3057.69977172727,           0.99949524901294,                   0.0026488389991509
         799,3057.69887981818,          0.999533629436957,                  0.00323664113152974
         800,3057.69798790909,          0.999571990216079,                  0.00323581279940461
         801,     3057.697096,          0.999904420900943,                  0.00279385058781146
         802,3057.69620409091,          0.999501645745098,                  0.00279313594192629
         803,3057.69531218182,          0.999688424072474,                  0.00220454665702545
         804,3057.69442027273,           0.99972670610327,                  0.00191011863306033
         805,3057.69352836364,          0.999913332030866,                  0.00176273835527698
         806,3057.69263645455,          0.999659290501842,                   0.0017622905077159
         807,3057.69174454545,          0.999844370773418,                   0.0022023003761529
         808,3057.69085263636,          0.999590476148538,                  0.00352278581902569
         809,3057.68996072727,          0.999483455914723,                  0.00513609175701297
         810,3057.68906881818,            0.9998166147075,                  0.00674857876398313
         811,3057.68817690909,          0.999856262412034,                  0.00836024746332491
         812,     3057.687285,          0.999604088156371,                  0.00953121105033946
         813,3057.68639309091,          0.999643769708111,                   0.0107015684394621
         814,3057.68550118182,          0.999683431137479,                   0.0105522954173726
         815,3057.68460927273,          0.999871060003985,                   0.0101100678693252
         816,3057.68371736364,          0.999764158198579,                  0.00864264986574596
         817,3057.68282545454,           1.00009812062393,                  0.00600439638974683
         818,3057.68193354545,           0.99984626759687,                  0.00322105987511072
         819,3057.68104163636,           1.00018004118991,                   0.0007318747557368
         820,3057.68014972727,            1.0002209705436,                 -0.00117070486676647
         821,3057.67925781818,          0.999822975446256,                 -0.00307232696581378
         822,3057.67836590909,           1.00015650299184,                 -0.00438793435065154
         823,     3057.677474,           1.00019740738304,                 -0.00497174149868761
         824,3057.67658209091,           1.00023829120355,                 -0.00511668228473021
         825,3057.67569018182,           1.00013446203494,                  -0.0048230947314267
         826,3057.67479827273,           1.00017534118472,                  -0.0042374119641135
         827,3057.67390636364,           1.00021766091935,                 -0.00350594769418203
         828,3057.67301445454,           1.00011245423332,                 -0.00248275580052079
         829,3057.67212254545,           1.00030077647052,                 -0.00189810394017176
         830,3057.67123063636,            1.0001970615927,                 -0.00116777240115901
         831,3057.67033872727,           1.00038526872494,                -0.000729675615408414
         832,3057.66944681818,            1.0002815845184,                -0.000583594856778527
         833,3057.66855490909,            1.0003238143581,                 -0.00102103626429086
         834,     3057.667663,           1.00065767503853,                 -0.00145825950894569
         835,3057.66677109091,           1.00040821087007,                 -0.00189526475390716
         836,3057.66587918182,           1.00030462431368,                 -0.00218629890204069
         837,3057.66498727273,           1.00020254684442,                 -0.00247719162242937
         838,3057.66409536364,           1.00053610554287,                 -0.00276793622674934
         839,3057.66320345455,           1.00057820895044,                 -0.00305853600989218
         840,3057.66231154545,            1.0001849228202,                  -0.0033489959564514
         841,3057.66141963636,           1.00051969377372,                 -0.00393045711216214
         842,3057.66052772727,            1.0004162336963,                 -0.00422055146598672
         843,3057.65963581818,           1.00031428055942,                 -0.00436500776971383
         844,3057.65874390909,           1.00079423495972,                 -0.00436392835011506
         845,     3057.657852,           1.00054681046618,                 -0.00450827777971682
         846,3057.65696009091,             1.000299508283,                 -0.00450716348208911
         847,3057.65606818182,           1.00077911053485,                 -0.00377926751981208
         848,3057.65517627273,           1.00067719368611,                 -0.00334237227051708
         849,3057.65428436364,           1.00028621115991,                 -0.00290569705493075
         850,3057.65339245455,           1.00047496415981,                 -0.00217873467804838
         851,3057.65250054546,           1.00066362396772,                 -0.00188777058650128
         852,3057.65160863636,           1.00041811118273,                 -0.00145177494004169
         853,3057.65071672727,           1.00046155051946,                 -0.00116113338229446
         854,3057.64982481818,            1.0005064202185,                 -0.00145106079799638
         855,3057.64893290909,           1.00040619741194,                  -0.0015957755469158
         856,     3057.648041,           1.00030457294522,                 -0.00145034735819229
         857,3057.64714909091,           1.00049444725582,                  -0.0013049927572902
         858,3057.64625718182,           1.00053926486023,                 -0.00130467304893394
         859,3057.64536527273,            1.0002942041777,                -0.000724640831771732
         860,3057.64447336364,            1.0003390488665,                -0.000724463389967051
         861,3057.64358145455,           1.00052872880558,                 -0.00086914324204915
         862,3057.64268954545,           1.00042867239002,                 -0.00101375227370153
         863,3057.64179763636,           1.00047489980772,                 -0.00159265179419464
         864,3057.64090572727,           1.00051965647667,                 -0.00202651550790992
         865,3057.64001381818,           1.00056439125338,                 -0.00274959841391586
         866,3057.63912190909,           1.00017651024772,                 -0.00347233274207223
         867,      3057.63823,           1.00051059742792,                 -0.00332683876548246
         868,3057.63733809091,           1.00012291851948,                 -0.00289220045841377
         869,3057.63644618182,            1.0001677066406,                 -0.00245776973299946
         870,3057.63555427273,           1.00050299775096,                 -0.00173447500332441
         871,3057.63466236364,           1.00026010808936,                 -0.00144504494089766
         872,3057.63377045455,           1.00016036082631,                 -0.00158916134177226
         873,3057.63287854545,           1.00006210668773,                 -0.00187764404779615
         874,3057.63198663636,           1.00010829933937,                 -0.00202158766831522
         875,3057.63109472727,           1.00001010548685,                 -0.00202109736925305
         876,3057.63020281818,           1.00005628834644,                 -0.00202060730795932
         877,3057.62931090909,          0.999958154709255,                 -0.00202011748426112
         878,     3057.628419,           1.00000432777407,                 -0.00201962789798571
         879,3057.62752709091,          0.999762030099587,                 -0.00173069018482329
         880,3057.62663518182,           0.99995385937491,                 -0.00158608398747282
         881,3057.62574327273,           1.00028830906732,                 -0.00115323626928067
         882,3057.62485136364,           0.99990199865104,                 -0.00100883741576208
         883,3057.62395945455,          0.999805485314141,                -0.000576339809951948
         884,3057.62306754545,          0.999851628414167,                -0.000144050083332973
         885,3057.62217563636,          0.999755173754627,                 0.000720077192275012
         886,3057.62128372727,          0.999657326165019,                  0.00172776723519807
         887,3057.62039181818,          0.999560964726035,                  0.00287891982928005
         888,3057.61949990909,          0.999464649604531,                  0.00374169631241437
         889,     3057.618608,          0.999366942909761,                  0.00431629834254144
         890,3057.61771609091,          0.999414562856818,                  0.00417141944773283
         891,3057.61682418182,          0.999605967436229,                  0.00359518762565181
         892,3057.61593227273,          0.999509734149389,                  0.00244414060422031
         893,3057.61504036364,           0.99926980859786,                  0.00172486157985822
         894,3057.61414845455,          0.999317406143345,                 0.000862223818932998
         895,3057.61325654545,          0.999221311357648,                 0.000287338982417728
         896,3057.61236463636,          0.999268897701696,                 0.000861810174818194
         897,3057.61147272727,          0.999316461222098,                   0.0010052040851494
         898,3057.61058081818,          0.999364001935272,                  0.00157922770022813
         899,3057.60968890909,          0.999267988115572,                  0.00157884916249229
         900,     3057.608797,          0.999172020313484,                  0.00215246019024878
         901,3057.60790509091,          0.999220994974485,                  0.00258233710115445
         902,3057.60701318182,          0.998838226646204,                  0.00258171856399076
         903,3057.60612127273,          0.999172613951994,                  0.00258110032306772
         904,3057.60522936364,           0.99907819302896,                  0.00258048607756081
         905,3057.60433745455,           0.99883905920798,                  0.00229321637929799
         906,3057.60344554545,          0.999031346542939,                  0.00272254669884048
         907,3057.60255363636,           0.99879233800783,                  0.00300841065665009
         908,3057.60166172727,           0.99884132115169,                  0.00300769540352531
         909,3057.60076981818,          0.999175229389326,                  0.00286378684261773
         910,3057.59987790909,          0.999080942878166,                  0.00229048503883804
         911,     3057.598986,           0.99884357986455,                  0.00171745564670792
         912,3057.59809409091,          0.998747987837596,                  0.00114469683419782
         913,3057.59720218182,          0.998939976339013,                 0.000715265628196343
         914,3057.59631027273,          0.998988854516617,                 0.000429057489413006
         915,3057.59541836364,          0.998894724274457,                 0.000142985216758439
         916,3057.59452645455,          0.998943589992838,                 0.000571805145960411
         917,3057.59363454545,          0.998992432525136,                  0.00128625635089073
         918,3057.59274263636,          0.998898368413608,                  0.00142883474240253
         919,3057.59185072727,          0.998804348912986,                  0.00128564633012255
         920,3057.59095881818,          0.999138821170432,                 0.000285631452593034
         921,3057.59006690909,            0.9989020073704,                 -0.00114225501128691
         922,     3057.589175,          0.998665305801994,                  -0.0017129765108096
         923,3057.58828309091,          0.998714144834958,                 -0.00214071337132386
         924,3057.58739118182,          0.998620280309959,                 -0.00242556719035138
         925,3057.58649927273,          0.998811753512317,                 -0.00228234619482963
         926,3057.58560736364,          0.999004560766003,                 -0.00199658299082428
         927,3057.58471545455,          0.998625535385335,                 -0.00114063453499182
         928,3057.58382354545,          0.998531780536827,                -0.000570182315795476
         929,3057.58293163636,          0.998580581904414,                -0.000142511856986501
         930,3057.58203972727,          0.998773261372266,                 0.000142478353976072
         931,3057.58114781818,          0.998821982630298,                                    0
         932,3057.58025590909,          0.998729692163967,                 0.000569644769521726
         933,     3057.579364,          0.998636023224623,                 0.000854265203784964
         934,3057.57847209091,          0.998684742442963,                  0.00142343891454242
         935,3057.57758018182,          0.998734859945154,                  0.00185003607570348
         936,3057.57668827273,          0.998927230975423,                  0.00199187882547442
         937,3057.57579636364,          0.998691360132002,                  0.00199140849477966
         938,3057.57490445454,          0.998741440730391,                  0.00170652104353762
         939,3057.57401254545,           0.99850572473772,                  0.00127958871175274
         940,3057.57312063636,           0.99855582531172,                 0.000995002245862212
         941,3057.57222872727,          0.998321682694289,                 0.000852659088422169
         942,3057.57133681818,          0.998654537136622,                 0.000426228995790278
         943,3057.57044490909,          0.998704567535781,                 0.000142043033357386
         944,     3057.569553,          0.998470554988305,                -0.000142009750389462
         945,3057.56866109091,          0.998519187384555,                -0.000425928844327267
         946,3057.56776918182,          0.998569214260165,                -0.000425829089236744
         947,3057.56687727273,          0.998477307914451,                -0.000425729380861761
         948,3057.56598536364,           0.99866919774473,                -0.000141876573056504
         949,3057.56509345454,          0.998577311018535,                 0.000283686736084811
         950,3057.56420154546,          0.998484051340884,                  0.00141809977466395
         951,3057.56330963636,          0.998534027850635,                  0.00226842885781771
         952,3057.56241772727,          0.998725724628951,                  0.00283487290556046
         953,3057.56152581818,          0.998492200253945,                  0.00311763105387266
         954,3057.56063390909,          0.998542139810067,                  0.00297522487741365
         955,     3057.559742,          0.998733700286405,                  0.00254959673878248
         956,3057.55885009091,          0.998641948909523,                  0.00184094516957229
         957,3057.55795818182,           0.99855024039959,                  0.00014157808597754
         958,3057.55706627273,          0.998600119747087,                 -0.00127390518465256
         959,3057.55617436364,          0.998649975801453,                 -0.00240570349845893
         960,3057.55528245454,          0.998416850707183,                 -0.00282957871817254
         961,3057.55439054546,          0.998749618096025,                 -0.00282891833478551
         962,3057.55349863636,          0.998799404368811,                 -0.00268684534659598
         963,3057.55260672727,          0.998567819338822,                 -0.00254484224098808
         964,3057.55171481818,          0.998476277707575,                 -0.00226155442289372
         965,3057.55082290909,          0.998526092959303,                   -0.002119712906084
         966,     3057.549931,          0.998575884985759,                   -0.002260500022605
         967,3057.54903909091,           0.99848440547874,                 -0.00211872486662627
         968,3057.54814718182,           0.99853418401498,                 -0.00254187743067029
         969,3057.54725527273,          0.998585349187211,                  -0.0029648370327911
         970,3057.54636336364,          0.998352781428069,                 -0.00366989570438708
         971,3057.54547145454,          0.998402555910543,                 -0.00395127513293218
         972,3057.54457954546,          0.998452307219133,                  -0.0042325235575207
         973,3057.54368763636,          0.998503443771942,                 -0.00409049298903607
         974,3057.54279572727,          0.998271111198856,                 -0.00451259719711307
         975,3057.54190381818,          0.998461844292399,                 -0.00479351916209285
         976,3057.54101190909,          0.998512943033737,                 -0.00451050454221903
         977,      3057.54012,           0.99842169048223,                 -0.00380485330176714
         978,3057.53922809091,          0.998471368090337,                 -0.00338130560662736
         979,3057.53833618182,          0.998381573887702,                 -0.00295795895198106
         980,3057.53744427273,           0.99814959288227,                 -0.00239398181137113
         981,3057.53655236364,          0.998340088894646,                 -0.00253421542802195
         982,3057.53566045454,          0.998109630188488,                 -0.00309665940828469
         983,3057.53476854546,          0.998159322720825,                 -0.00337738950307342
         984,3057.53387663636,          0.997929012397787,                 -0.00379868649862403
         985,3057.53298472727,          0.997978723853168,                 -0.00421978318753982
         986,3057.53209281818,          0.997889188736902,                 -0.00450006398528479
         987,3057.53120090909,          0.997938886436298,                 -0.00435842568040649
         988,     3057.530309,          0.997849401908832,                  -0.0043574209690342
         989,3057.52941709091,          0.998039615230574,                 -0.00365376372796324
         990,3057.52852518182,          0.997948746768574,                  -0.0035124199168259
         991,3057.52763327273,          0.997999786494064,                 -0.00351161078991578
         992,3057.52674136364,          0.997768537359796,                 -0.00379166087385144
         993,3057.52584945455,          0.997819595003461,                 -0.00379078782398951
         994,3057.52495754545,          0.997730261911212,                 -0.00364954794733983
         995,3057.52406563636,          0.997358900449352,                 -0.00294702925417706
         996,3057.52317372727,          0.997410017032716,                 -0.00224483897489428
         997,3057.52228181818,          0.997459710959713,                 -0.00224431941715025
         998,3057.52138990909,          0.997230305367598,                 -0.00154261473197069
         999,     3057.520498,          0.997280017946273,                 -0.00154225786551511
        1000,3057.51960609091,          0.997471278546238,                 -0.00154190332546495
        1001,3057.51871418182,          0.997100490632301,                 -0.00196196863933271
        1002,3057.51782227273,          0.997011487489019,                  -0.0023818430701677
        1003,3057.51693036364,          0.996922525238235,                 -0.00266144836019762
        1004,3057.51603845455,          0.996972251709235,                 -0.00294092109648742
        1005,3057.51514654545,          0.997023351152156,                 -0.00294024580454926
        1006,3057.51425463636,          0.997213010802208,                 -0.00321952544194986
        1007,3057.51336272727,          0.996984136980358,                 -0.00335873375737347
        1008,3057.51247081818,          0.996895283321137,                 -0.00363779331457538
        1009,3057.51157890909,          0.996805076068285,                 -0.00391671935586753
        1010,     3057.510687,          0.996856155111265,                 -0.00419552253834708
        1011,3057.50979509091,          0.996767392045995,                 -0.00391492312768801
        1012,3057.50890318182,          0.996817062891315,                 -0.00349466085714246
        1013,3057.50801127272,          0.996588595202791,                  -0.0029348423081277
        1014,3057.50711936364,          0.996498562258805,                 -0.00209583264636597
        1015,3057.50622745455,          0.996549652869934,                  -0.0013969016720913
        1016,3057.50533554545,          0.996600720077538,                 -0.00125692355390945
        1017,3057.50444363636,          0.996371120317119,                -0.000279251995604574
        1018,3057.50355172727,          0.996143016878315,                                    0
        1019,3057.50265981818,          0.996473266185363,                 0.000279124164197581
        1020,3057.50176790909,          0.996243853705636,                 0.000279059902998778
        1021,     3057.500876,           0.99601593625498,                                    0
        1022,3057.49998409091,          0.995927589188586,                -0.000418398371035675
        1023,3057.49909218182,          0.995977328025544,                -0.000418302111728494
