"SCAN INDEX",      WAVENUMBER,"SCIENCE DIRECT ABSORPTION","SCIENCE HARMONIC ABSORPTION SPECTRA"
           0,3058.41469805405,                          1,                                    0
           1,3058.41377927027,                          1,                                    0
           2,3058.41286048648,                          1,                                    0
           3, 3058.4119417027,                          1,                                    0
           4,3058.41102291891,                          1,                                    0
           5,3058.41010413513,                          1,                                    0
           6,3058.40918535135,                          1,                                    0
           7,3058.40826656757,                          1,                                    0
           8,3058.40734778377,                          1,                                    0
           9,     3058.406429,                          1,                                    0
          10,3058.40551021621,                          1,                                    0
          11,3058.40459143243,                          1,                                    0
          12,3058.40367264864,                          1,                                    0
          13,3058.40275386486,                          1,                                    0
          14,3058.40183508107,                          1,                                    0
          15,3058.40091629729,                          1,                                    0
          16,3058.39999751351,                          1,                                    0
          17,3058.39907872973,                          1,                                    0
          18,3058.39815994594,                          1,                                    0
          19,3058.39724116216,                          1,                                    0
          20,3058.39632237837,                          1,                                    0
          21,3058.39540359459,                          1,                                    0
          22,3058.39448481081,                          1,                                    0
          23,3058.39356602702,                          1,                                    0
          24,3058.39264724324,                          1,                                    0
          25,3058.39172845946,                          1,                                    0
          26,3058.39080967567,                          1,                                    0
          27,3058.38989089189,                          1,                                    0
          28,3058.38897210811,                          1,                                    0
          29,3058.38805332432,                          1,                                    0
          30,3058.38713454054,                          1,                                    0
          31,3058.38621575675,                          1,                                    0
          32,3058.38529697297,                          1,                                    0
          33,3058.38437818918,                          1,                                    0
          34, 3058.3834594054,                          1,                                    0
          35,3058.38254062161,                          1,                                    0
          36,3058.38162183783,                          1,                                    0
          37,3058.38070305405,                          1,                                    0
          38,3058.37978427027,                          1,                                    0
          39,3058.37886548648,                          1,                                    0
          40, 3058.3779467027,                          1,                                    0
          41,3058.37702791892,                          1,                                    0
          42,3058.37610913513,                          1,                                    0
          43,3058.37519035135,                          1,                                    0
          44,3058.37427156757,                          1,                                    0
          45,3058.37335278378,                          1,                                    0
          46,     3058.372434,                          1,                                    0
          47,3058.37151521621,                          1,                                    0
          48,3058.37059643243,                          1,                                    0
          49,3058.36967764864,                          1,                                    0
          50,3058.36875886486,                          1,                                    0
          51,3058.36784008107,                          1,                                    0
          52,3058.36692129729,                          1,                                    0
          53, 3058.3660025135,                          1,                                    0
          54,3058.36508372972,                          1,                                    0
          55,3058.36416494595,                          1,                                    0
          56,3058.36324616216,                          1,                                    0
          57,3058.36232737837,                          1,                                    0
          58,3058.36140859459,                          1,                                    0
          59,3058.36048981081,                          1,                                    0
          60,3058.35957102702,                          1,                                    0
          61,3058.35865224324,                          1,                                    0
          62,3058.35773345945,                          1,                                    0
          63,3058.35681467567,                          1,                                    0
          64,3058.35589589189,                          1,                                    0
          65, 3058.3549771081,                          1,                                    0
          66,3058.35405832432,                          1,                                    0
          67,3058.35313954054,                          1,                                    0
          68,3058.35222075675,                          1,                                    0
          69,3058.35130197297,                          1,                                    0
          70,3058.35038318919,                          1,                                    0
          71,3058.34946440541,                          1,                                    0
          72,3058.34854562161,                          1,                                    0
          73,3058.34762683784,                          1,                                    0
          74,3058.34670805405,          0.986630859945122,                 -0.00136221223266585
          75,3058.34578927026,          0.990588148341207,                 0.000388999861905049
          76,3058.34487048648,          0.992986112191101,                  0.00233277865040979
          77, 3058.3439517027,          0.994604382943089,                  0.00330304249072719
          78,3058.34303291892,          0.995444182496805,                  0.00485487798720643
          79,3058.34211413513,          0.995508662419888,                  0.00524054082381302
          80,3058.34119535134,          0.994989165501093,                  0.00504381327803245
          81,3058.34027656756,          0.994082427213079,                  0.00426561603251175
          82,3058.33935778379,          0.992595262595902,                  0.00329443956738195
          83,     3058.338439,          0.992078095643921,                  0.00232427511669798
          84,3058.33752021621,          0.991367878596637,                  0.00116153237093923
          85,3058.33660143243,          0.990851888829553,                 0.000773951875672371
          86,3058.33568264865,          0.990723210538835,                  0.00135371119925275
          87,3058.33476386486,          0.990594666058458,                  0.00231944116930761
          88,3058.33384508108,           0.99085454201231,                  0.00347736045159321
          89,3058.33292629729,          0.990919148952603,                  0.00521333145395953
          90,3058.33200751351,          0.990983688813753,                  0.00598256949429919
          91,3058.33108872973,          0.991241047679485,                   0.0069438952551978
          92,3058.33016994594,          0.991305353665825,                  0.00751865204063928
          93,3058.32925116215,          0.991369592989312,                  0.00867087107570827
          94,3058.32833237837,          0.991241179551968,                  0.00924413767602379
          95,3058.32741359459,          0.991690358544571,                  0.00904686468392757
          96,3058.32649481081,          0.991563819656204,                   0.0082726511923199
          97,3058.32557602703,          0.991435504774504,                  0.00730693351075081
          98,3058.32465724323,          0.991499510880742,                  0.00538127278632696
          99,3058.32373845945,          0.991563450840582,                  0.00422595813996373
         100,3058.32281967568,          0.991819314558011,                  0.00364780622853314
         101,3058.32190089189,          0.991883023429854,                  0.00326214188398288
         102, 3058.3209821081,          0.991946666564378,                  0.00326045888081872
         103,3058.32006332432,           0.99201214567914,                  0.00440894286968507
         104,3058.31914454054,          0.991692468042059,                  0.00536464240826462
         105,3058.31822575675,          0.992139102459762,                  0.00593636598653785
         106,3058.31730697297,          0.991819688635224,                  0.00593330960009493
         107,3058.31638818918,          0.992074499323759,                  0.00554765917477613
         108, 3058.3154694054,          0.992137847697567,                  0.00554480585531498
         109,3058.31455062162,          0.992394129338022,                  0.00515976150435713
         110,3058.31363183784,          0.992266244420293,                   0.0049661063243364
         111,3058.31271305405,          0.992520302853281,                  0.00477265004257204
         112,3058.31179427027,          0.992583292468617,                  0.00534262441159579
         113,3058.31087548648,           0.99283692758355,                  0.00553059371877122
         114, 3058.3099567027,          0.992901582847906,                  0.00609960657537589
         115,3058.30903791892,           0.99296428033904,                  0.00685854069305554
         116,3058.30811913513,          0.993217331033091,                  0.00704544502458289
         117,3058.30720035134,          0.993279802676279,                  0.00704183803391882
         118,3058.30628156757,          0.993342210386152,                  0.00684801217424387
         119,3058.30536278378,          0.993406442977519,                  0.00570376905058863
         120,3058.30444399999,          0.993278693820465,                  0.00513076807598097
         121,3058.30352521621,          0.993530937919036,                  0.00436842125255932
         122,3058.30260643244,          0.993972758767975,                  0.00379668739025201
         123,3058.30168764865,          0.994036539713078,                  0.00265632974918555
         124,3058.30076886486,          0.994288011651546,                  0.00151712837940347
         125,3058.29985008107,          0.994160138443196,                 0.000379088708653268
         126,3058.29893129729,           0.99422372686128,                -0.000378896237370915
         127,3058.29801251351,          0.994474719664923,                -0.000757406488701389
         128,3058.29709372972,           0.99434694646159,                 -0.00113553134350391
         129,3058.29617494595,          0.994597621137375,                 -0.00132411246632971
         130,3058.29525616216,          0.995038984806891,                 -0.00151250463204544
         131,3058.29433737837,          0.995100086357907,                 -0.00170070276817721
         132,3058.29341859459,          0.994972254854928,                 -0.00188870967132674
         133,3058.29249981081,           0.99503520661469,                 -0.00188775413890095
         134,3058.29158102702,          0.995284896763956,                 -0.00207547561410493
         135,3058.29066224323,          0.995722917468148,                 -0.00207442274472531
         136,3058.28974345946,          0.995408417147941,                 -0.00188488622826726
         137,3058.28882467568,          0.995657539020921,                 -0.00150714480835712
         138,3058.28790589188,          0.995719985764669,                 -0.00150638424472718
         139,3058.28698710811,          0.995780495424792,                -0.000564608105513963
         140,3058.28606832432,           0.99565283637848,                 0.000188107469559509
         141,3058.28514954054,          0.996279228922368,                  0.00131608880967288
         142,3058.28423075676,          0.995963528943076,                  0.00206709411667431
         143,3058.28331197297,          0.996213487197981,                  0.00300516889049165
         144,3058.28239318918,          0.996461323296132,                  0.00319137952072989
         145, 3058.2814744054,          0.996147877955467,                  0.00281450709537239
         146,3058.28055562162,          0.996207958411318,                  0.00225046978556774
         147,3058.27963683783,          0.996832180546964,                  0.00093722469024724
         148,3058.27871805405,          0.996704505216774,                -0.000374700941810817
         149,3058.27779927028,          0.996578824666168,                 -0.00187256449580265
         150,3058.27688048648,          0.997200053902706,                 -0.00299459475646458
         151, 3058.2759617027,          0.997074251165436,                 -0.00374136679611796
         152,3058.27504291892,          0.997133684720277,                 -0.00392645928729155
         153,3058.27412413513,          0.997194922080131,                 -0.00373761215172463
         154,3058.27320535135,          0.997256098130448,                 -0.00298859291441977
         155,3058.27228656756,          0.997315351039321,                 -0.00261370552500009
         156,3058.27136778378,          0.997563005452449,                 -0.00186599888786466
         157,     3058.270449,          0.997437399053292,                 -0.00074602647647965
         158,3058.26953021622,          0.997496472132174,                 0.000186413095147108
         159,3058.26861143243,          0.997557344641716,                 0.000372640024147074
         160,3058.26769264865,          0.997618156389729,                 0.000744908087653335
         161,3058.26677386486,           0.99786504159167,                 0.000186134124527452
         162,3058.26585508108,          0.997923782733909,                -0.000558122920992119
         163, 3058.2649362973,          0.997984320842569,                 -0.00148758609404519
         164,3058.26401751351,          0.998044798643997,                 -0.00334540155970055
         165,3058.26309872972,          0.998290979343142,                 -0.00482984098677367
         166,3058.26217994594,          0.997979903005637,                 -0.00649847378701345
         167,3058.26126116216,          0.998225871104711,                 -0.00797986846207521
         168,3058.26034237837,          0.998286108576135,                 -0.00816138773269229
         169,3058.25942359459,          0.998346286188894,                 -0.00815733270052207
         170,3058.25850481081,          0.998777007745618,                 -0.00815328169588259
         171,3058.25758602702,          0.998466462194959,                 -0.00796402483294069
         172,3058.25666724324,          0.998341342771883,                 -0.00740471976838037
         173,3058.25574845945,          0.998586399834216,                 -0.00721602178868528
         174,3058.25482967567,          0.998831213984007,                 -0.00739737984805782
         175,3058.25391089189,          0.998521256931608,                 -0.00757855822550832
         176,3058.25299210811,          0.998581109542777,                 -0.00794430854955401
         177,3058.25207332431,          0.998642747006195,                 -0.00794039166443535
         178,3058.25115454054,          0.998702480421851,                 -0.00738275720141823
         179,3058.25023575675,          0.998946632452206,                 -0.00645671876931251
         180,3058.24931697297,          0.998637383629059,                 -0.00553159555185963
         181,3058.24839818919,           0.99869887174119,                 -0.00387021153470474
         182, 3058.2474794054,          0.998574254799456,                 -0.00276307209407708
         183,3058.24656062161,          0.998817988665947,                 -0.00128879740473025
         184,3058.24564183784,          0.998695273725684,                 0.000184023451948716
         185,3058.24472305406,          0.998754775353749,                  0.00147146191580663
         186,3058.24380427027,          0.998632212139485,                  0.00257379436118424
         187,3058.24288548648,          0.998324182487707,                  0.00312378264352862
         188, 3058.2419667027,          0.998569274480742,                  0.00202027993733459
         189,3058.24104791892,          0.998630554423529,                  0.00110143075855536
         190,3058.24012913513,          0.998689941909749,                 0.000733926100980892
         191,3058.23921035135,          0.998751102642491,                -0.000183391682453634
         192,3058.23829156756,          0.998812203509132,                 -0.00128311349322149
         193,3058.23737278378,          0.998688202617732,                 -0.00219854309877321
         194,     3058.236454,          0.998749274377705,                 -0.00256371284218699
         195,3058.23553521621,          0.998810286446417,                 -0.00384368994234465
         196,3058.23461643243,           0.99868829546099,                 -0.00365886900700125
         197,3058.23369764865,          0.998932131859773,                 -0.00383993680561143
         198,3058.23277886486,          0.998627435570802,                 -0.00292423846433617
         199,3058.23186008108,          0.998688388032545,                 -0.00200943337632303
         200,3058.23094129729,          0.998566694358984,                -0.000547760117585839
         201,3058.23002251351,          0.998445119280521,                -0.000182497737028061
         202,3058.22910372973,          0.998506071478734,                   0.0003648177097109
         203,3058.22818494595,          0.998749284393768,                 0.000911600296087776
         204,3058.22726616215,          0.998629617750824,                 0.000911158410356591
         205,3058.22634737838,          0.998690391407219,                 0.000728572235204975
         206,3058.22542859459,          0.998751105981219,                                    0
         207,3058.22450981081,          0.998813579060762,                -0.000363932803447172
         208,3058.22359102702,          0.998692296919532,                 -0.00127314625358527
         209,3058.22267224324,          0.998752922270336,                -0.000908948782554001
         210,3058.22175345945,          0.998451899874989,                 -0.00127191324824839
         211,3058.22083467567,          0.998514396550785,                 -0.00108968468157597
         212,3058.21991589189,          0.998756546284615,                 -0.00163373480853536
         213, 3058.2189971081,          0.998637397010982,                -0.000907192402807942
         214,3058.21807832432,           0.99833701173522,                 -0.00108810573486128
         215,3058.21715954054,          0.998578896614729,                                    0
         216,3058.21624075675,          0.998641181266419,                 0.000724703324576501
         217,3058.21532197297,           0.99834122879453,                  0.00181088559549162
         218,3058.21440318918,          0.998584569271035,                   0.0014480109759232
         219, 3058.2134844054,          0.998646761272768,                  0.00199005695181168
         220,3058.21256562162,          0.998347238948743,                  0.00180827248496421
         221,3058.21164683784,           0.99859022556391,                   0.0018074031231926
         222,3058.21072805405,          0.998291018271291,                  0.00198718805663847
         223,3058.20980927027,          0.998535601495817,                  0.00180567016545356
         224,3058.20889048649,          0.998236707172469,                  0.00108288198210718
         225, 3058.2079717027,          0.998659674605795,                   0.0014431498187945
         226,3058.20705291892,           0.99836280760465,                  0.00126215272769235
         227,3058.20613413513,          0.998605088722845,                  0.00108132657143784
         228,3058.20521535135,          0.998488666802368,                  0.00126094545690359
         229,3058.20429656756,          0.998550607214555,                  0.00126034155256074
         230,3058.20337778379,          0.998614285457196,                  0.00143970342109525
         231,3058.20245899999,          0.998857780136167,                  0.00215852572692851
         232,3058.20154021621,          0.998561668464581,                  0.00287666307083783
         233,3058.20062143243,          0.998625250464989,                  0.00377382225297189
         234,3058.19970264865,          0.998507358131665,                  0.00413125908203423
         235,3058.19878386486,          0.998391370853651,                  0.00394975906469705
         236,3058.19786508108,          0.998815633636005,                  0.00394788787998421
         237,3058.19694629729,          0.998699609882965,                  0.00340791892740236
         238,3058.19602751351,          0.999121533193496,                  0.00340629986195522
         239,3058.19510872973,          0.998826280563744,                   0.0032254885271165
         240,3058.19418994594,          0.999070423897449,                  0.00304485428581152
         241,3058.19327116216,          0.998954499233777,                  0.00286438566088538
         242,3058.19235237838,          0.999196562935605,                  0.00196833133816111
         243,3058.19143359459,          0.999082475277806,                  0.00178854721675225
         244,3058.19051481081,          0.998968495308173,                 0.000715081242167626
         245,3058.18959602702,          0.999031523724095,                -0.000178685659761062
         246,3058.18867724324,          0.999096276875047,                -0.000357202816187003
         247,3058.18775845946,          0.999160968991556,                -0.000892586179195601
         248,3058.18683967568,          0.999225600159876,                                    0
         249,3058.18592089189,          0.999111821336977,                 0.000535047387363608
         250, 3058.1850021081,          0.999176414801716,                  0.00160438674990463
         251,3058.18408332433,          0.999240947497087,                  0.00267272008068051
         252,3058.18316454054,          0.999129101371532,                  0.00374005545967953
         253,3058.18224575675,          0.999371609942448,                  0.00462836869585031
         254,3058.18132697297,          0.999258029561383,                  0.00533791682458004
         255,3058.18040818918,          0.999502027459629,                  0.00551326741125418
         256, 3058.1794894054,          0.999390268832782,                  0.00568845403818019
         257,3058.17857062162,          0.999632200736665,                  0.00515274330276631
         258,3058.17765183783,          0.999520485907614,                  0.00408474967588399
         259,3058.17673305405,          0.999408875389867,                  0.00301775326494276
         260,3058.17581427027,          0.999829665221187,                  0.00177432061263742
         261,3058.17489548649,           1.00007271321376,                  0.00106409581118684
         262, 3058.1739767027,           1.00013826796331,                 0.000886333098159618
         263,3058.17305791892,           0.99984939358771,                  0.00124028810120751
         264,3058.17213913513,           1.00009386395394,                  0.00141681439908474
         265,3058.17122035135,           1.00015931741339,                  0.00212423217857712
         266,3058.17030156756,           1.00040164692935,                  0.00336180249233421
         267,3058.16938278378,           1.00029181072979,                  0.00389080973056143
         268,3058.16846399999,           1.00018207627051,                  0.00477287311051676
         269,3058.16754521622,           1.00024736730511,                  0.00547741889886211
         270,3058.16662643243,            1.0003143643306,                   0.0051216660603085
         271,3058.16570764864,           1.00038129938357,                  0.00476624229457496
         272,3058.16478886486,           1.00062461843577,                  0.00388180948784817
         273,3058.16387008108,           1.00051498391557,                  0.00317455838365596
         274,3058.16295129729,           1.00058349742362,                  0.00282053135285024
         275,3058.16203251352,           1.00065018474762,                  0.00229062377209351
         276,3058.16111372972,           1.00071681052778,                  0.00228956679635008
         277,3058.16019494594,           1.00078513662433,                  0.00264059402803255
         278,3058.15927616216,           1.00067744120778,                  0.00246342257374871
         279,3058.15835737837,           1.00091984023272,                  0.00246228742984679
         280,3058.15743859459,           1.00098797900281,                  0.00246115765824365
         281,3058.15651981081,           1.00105605527334,                  0.00281146162618455
         282,3058.15560102702,           1.00112406913025,                  0.00333708023043417
         283,3058.15468224324,           1.00119202065935,                   0.0029844405315113
         284,3058.15376345946,           1.00126166690941,                  0.00245665323111316
         285,3058.15284467567,           1.00132949335429,                    0.001578554114589
         286,3058.15192589189,           1.00122369837413,                 0.000701259813254512
         287,3058.15100710811,           1.00146671503146,                 -0.00087617385392079
         288,3058.15008832433,           1.00171126404086,                  -0.0019267046519408
         289,3058.14916954053,           1.00160543993781,                 -0.00262612857875672
         290,3058.14825075676,           1.00149971213227,                 -0.00402489837131612
         291,3058.14733197297,           1.00191882848262,                   -0.003848151925038
         292,3058.14641318919,           1.00163821785675,                 -0.00367156616774162
         293, 3058.1454944054,           1.00205689040811,                 -0.00419416905646924
         294,3058.14457562162,           1.00177647196511,                  -0.0038429088724032
         295,3058.14365683783,           1.00184725408648,                 -0.00384117106829951
         296,3058.14273805406,           1.00209249198518,                 -0.00401395460042827
         297,3058.14181927027,           1.00216131918969,                 -0.00436101531414138
         298,3058.14090048648,           1.00205746966104,                 -0.00523085507044218
         299, 3058.1399817027,           1.00212799701627,                 -0.00575134328722383
         300,3058.13906291892,           1.00202425623391,                 -0.00627136182622056
         301,3058.13814413513,           1.00226886088557,                 -0.00626853352881871
         302,3058.13722535135,           1.00216689437913,                 -0.00626571868663574
         303,3058.13630656756,           1.00223724543939,                 -0.00608892615698295
         304,3058.13538778378,           1.00230927605587,                 -0.00539062934728173
         305,     3058.134469,           1.00203187382568,                 -0.00434532469135159
         306,3058.13355021621,           1.00210393179856,                 -0.00399590680155458
         307,3058.13263143243,           1.00217592520235,                 -0.00347314477630343
         308,3058.13171264865,           1.00224785412381,                  -0.0039923277874693
         309,3058.13079386486,           1.00231971864953,                  -0.0041640424524128
         310,3058.12987508108,           1.00204640837987,                 -0.00450903541327044
         311, 3058.1289562973,           1.00211829884308,                 -0.00468036569257278
         312,3058.12803751351,           1.00236513120847,                 -0.00485155119686035
         313,3058.12711872972,           1.00226362287038,                 -0.00467619108648702
         314,3058.12619994595,           1.00233705531031,                 -0.00450099541244698
         315,3058.12528116215,           1.00258346066063,                 -0.00432595556032372
         316,3058.12436237837,             1.002137801731,                 -0.00415107132232377
         317,3058.12344359459,           1.00221119219392,                 -0.00345768912262867
         318,3058.12252481081,            1.0022862494967,                 -0.00259211961076732
         319,3058.12160602703,           1.00218677776741,                 -0.00241823765748773
         320,3058.12068724324,           1.00208912446693,                 -0.00276247863395432
         321,3058.11976845946,           1.00233498490802,                 -0.00293383173957239
         322,3058.11884967567,           1.00206485044928,                 -0.00241502976524186
         323,3058.11793089189,           1.00231223241643,                 -0.00258638972754971
         324,3058.11701210811,            1.0020423463716,                 -0.00258524857165016
         325,3058.11609332432,           1.00194669836512,                 -0.00310093544886041
         326,3058.11517454054,           1.00219380568461,                 -0.00258297372599126
         327,3058.11425575675,           1.00209817532759,                 -0.00206547202059964
         328,3058.11333697297,           1.00217295182516,                 -0.00172046858682431
         329,3058.11241818918,           1.00207741465059,                -0.000859857057362784
         330, 3058.1114994054,           1.00181006520016,                 -0.00034379206080994
         331,3058.11058062162,            1.0022302328858,                 0.000687282861570922
         332,3058.10966183784,           1.00179130521402,                  0.00188920012983957
         333,3058.10874305405,           1.00169782201538,                  0.00223171751263066
         334,3058.10782427026,           1.00194589251947,                  0.00257393190405755
         335,3058.10690548649,           1.00168090288498,                  0.00240128983568317
         336, 3058.1059867027,           1.00193048207189,                  0.00222879812918114
         337,3058.10506791892,           1.00183710121879,                  0.00171371382350119
         338,3058.10414913513,           1.00174380162458,                  0.00102778091821947
         339,3058.10323035135,           1.00165058318323,                -0.000171222321911663
         340,3058.10231156757,           1.00155915993626,                -0.000855740909036453
         341,3058.10139278378,           1.00146610257928,                  -0.0015396643189637
         342,     3058.100474,           1.00171683800847,                  -0.0017099980164023
         343,3058.09955521621,           1.00128365316409,                 -0.00153833268666385
         344,3058.09863643243,           1.00153425069451,                  -0.0006834078817431
         345,3058.09771764865,           1.00161385352358,                 0.000853890753217033
         346,3058.09679886487,           1.00152439284611,                  0.00204845623217203
         347,3058.09588008108,           1.00143330034467,                  0.00324198887485923
         348,3058.09496129729,           1.00151455197915,                  0.00375226841681562
         349,3058.09404251351,           1.00159573379887,                  0.00375065636486385
         350,3058.09312372973,           1.00116390629447,                  0.00357862843101001
         351,3058.09220494595,           1.00141721231612,                  0.00340676037528872
         352,3058.09128616216,           1.00149833140366,                  0.00340529864469114
         353,3058.09036737838,           1.00157938090991,                  0.00374422198470996
         354,3058.08944859459,            1.0011517072316,                  0.00442310015089576
         355,3058.08852981081,           1.00123453851046,                  0.00493135217676687
         356,3058.08761102703,           1.00131729911189,                  0.00577911868440063
         357,3058.08669224324,            1.0012300875333,                  0.00577665416190942
         358,3058.08577345945,           1.00148260864396,                  0.00662333758472353
         359,3058.08485467567,            1.0013954009486,                  0.00696002906236526
         360,3058.08393589189,           1.00097059701898,                   0.0074661309152119
         361, 3058.0830171081,             1.001394217559,                  0.00746296503600881
         362,3058.08209832432,           1.00130715851543,                  0.00712070786617816
         363,3058.08117954054,           1.00139133912578,                  0.00660928451953044
         364,3058.08026075675,           1.00113835020531,                  0.00643709937526257
         365,3058.07934197297,           1.00122253114745,                  0.00609572317289164
         366,3058.07842318918,           1.00113908132161,                  0.00626240845458992
         367,3058.07750440541,           1.00122319088714,                  0.00609057703141892
         368,3058.07658562162,           1.00130892265857,                  0.00558067800164376
         369,3058.07566683784,           1.00139458225922,                  0.00473312766766682
         370,3058.07474805405,           1.00131120062721,                  0.00354835221282003
         371,3058.07382927027,           1.00139847856342,                  0.00320906916726344
         372,3058.07291048648,           1.00148399263237,                  0.00253241063544936
         373, 3058.0719917027,           1.00123361161316,                  0.00219383734214918
         374,3058.07107291892,           1.00148949844556,                   0.0021929195687708
         375,3058.07015413513,           1.00157655568951,                  0.00219200256295684
         376,3058.06923535135,            1.0014949950532,                   0.0021910863237448
         377,3058.06831656757,           1.00141518970281,                  0.00202169957544309
         378,3058.06739778378,           1.00150385562986,                  0.00235766840067564
         379,     3058.066479,           1.00142242721634,                  0.00252501872722223
         380,3058.06556021622,           1.00167928090432,                  0.00286049853441516
         381,3058.06464143243,           1.00159953174591,                  0.00235472601921793
         382,3058.06372264865,           1.00185778293362,                  0.00117687606654394
         383,3058.06280386486,           1.00160997038864,                 0.000336110728318337
         384,3058.06188508108,            1.0018680033866,                -0.000335971832121595
         385,3058.06096629729,           1.00178999016009,                -0.000839582626684623
         386,3058.06004751351,           1.00171204135755,                 -0.00117493034341535
         387,3058.05912872973,           1.00196971273065,                 -0.00151000124155658
         388,3058.05820994594,            1.0017240454021,                 -0.00150937827031959
         389,3058.05729116216,           1.00215081883668,                 -0.00150875834217633
         390,3058.05637237837,           1.00207452887416,                  -0.0011729969401537
         391,3058.05545359459,           1.00199830152745,                -0.000670008894368073
         392,3058.05453481081,           1.00192213671951,                -0.000502300536456973
         393,3058.05361602702,           1.00201339923046,                -0.000669459428248175
         394,3058.05269724324,           1.00193896687696,                 -0.00133837230506189
         395,3058.05177845946,            1.0021973758583,                 -0.00167227995304238
         396,3058.05085967567,           1.00212292930813,                  -0.0015044380923725
         397,3058.04994089189,           1.00204854346221,                 -0.00200509963674278
         398,3058.04902210811,           1.00247696323973,                 -0.00200428583120239
         399,3058.04810332432,           1.00206858209466,                  -0.0021704251194986
         400,3058.04718454054,           1.00232975747825,                 -0.00166888071508201
         401,3058.04626575676,           1.00242390069514,                 -0.00100092251691976
         402,3058.04534697297,           1.00218446197202,                 -0.00116726975604062
         403,3058.04442818919,           1.00227858777564,                -0.000666741119425002
         404, 3058.0435094054,           1.00220601956759,                 0.000166617792114313
         405,3058.04259062162,           1.00230172979491,                 0.000499651909169945
         406,3058.04167183784,           1.00223087936603,                   0.0016648353477841
         407,3058.04075305405,           1.00216008600404,                  0.00149774838492799
         408,3058.03983427027,           1.00242204862728,                   0.0019961939235857
         409,3058.03891548649,           1.00251751786706,                  0.00182910809363703
         410, 3058.0379967027,           1.00244836086146,                  0.00249323916646028
         411,3058.03707791892,           1.00254374290751,                  0.00265838579491551
         412,3058.03615913513,            1.0024746308814,                   0.0024912391423494
         413,3058.03524035135,           1.00273927118785,                  0.00232423009877978
         414,3058.03432156756,           1.00250418608974,                  0.00215735050805604
         415,3058.03340278378,           1.00260105634737,                  0.00215648804310322
         416,     3058.032484,           1.00269951183275,                  0.00149235912129895
         417,3058.03156521622,           1.00263213726894,                  0.00116026202031453
         418,3058.03064643243,           1.00289618790096,                 0.000994114840146334
         419,3058.02972764865,           1.00266482938633,                 0.000165620222891696
         420,3058.02880886486,            1.0025975488013,                 -0.00082777208454533
         421,3058.02789008108,           1.00269746967415,                  -0.0011584225594519
         422, 3058.0269712973,           1.00296273504613,                 -0.00181965859896213
         423,3058.02605251351,           1.00306243261656,                  -0.0016535813264368
         424,3058.02513372973,           1.00299675860804,                 -0.00181822088739097
         425,3058.02421494594,           1.00293279358916,                 -0.00148705027056054
         426,3058.02329616216,             1.002868878858,                -0.000990977153021737
         427,3058.02237737838,           1.00297011231614,                                    0
         428,3058.02145859459,           1.00307126624957,                 0.000825165569471514
         429,3058.02053981081,           1.00300737243412,                  0.00230955644968384
         430,3058.01962102702,           1.00311008650856,                  0.00313317304679641
         431,3058.01870224324,           1.00304622749121,                  0.00395613959897932
         432,3058.01778345946,           1.00281929644465,                  0.00477846855026207
         433,3058.01686467567,           1.00308832612724,                  0.00560016471072679
         434,3058.01594589189,            1.0030262018368,                  0.00543333300404042
         435, 3058.0150271081,           1.00296412601074,                  0.00526663144606887
         436,3058.01410832433,           1.00306826688164,                  0.00510006827510755
         437,3058.01318954054,           1.00300787243595,                  0.00444027095520096
         438,3058.01227075676,           1.00294752485176,                  0.00410976694333618
         439,3058.01135197297,             1.002888872091,                  0.00345087109846157
         440,3058.01043318919,           1.00266600085089,                  0.00295674770893118
         441, 3058.0095144054,           1.00309845602639,                  0.00262720171818992
         442,3058.00859562162,           1.00320394978728,                  0.00229791480644992
         443,3058.00767683784,           1.00314693461005,                  0.00180481129877503
         444,3058.00675805406,           1.00308831802295,                  0.00114807361448016
         445,3058.00583927027,           1.00303139104617,                 0.000983685574742889
         446,3058.00492048648,           1.00313839245475,                 0.000983308340913002
         447, 3058.0040017027,           1.00324531182679,                  0.00114675329568706
         448,3058.00308291892,           1.00351590838005,                  0.00163759123430164
         449,3058.00216413514,           1.00329685080359,                  0.00163696663534604
         450,3058.00124535135,           1.00307631888991,                  0.00147270585155125
         451,3058.00032656757,           1.00334831104125,                   0.0011450013331087
         452,3057.99940778378,           1.00329307734317,                 0.000654037208176773
         453,     3057.998489,           1.00340297277949,                -0.000653789198748647
         454,3057.99757021622,           1.00334776023567,                 -0.00212400600603544
         455,3057.99665143243,           1.00329422832252,                 -0.00326646338376208
         456,3057.99573264865,           1.00324073696154,                 -0.00424479400504478
         457,3057.99481386486,           1.00318728610666,                 -0.00522238378972072
         458,3057.99389508108,           1.00329865019626,                 -0.00587296770846588
         459,3057.99297629729,           1.00340829405913,                 -0.00635997456010176
         460,3057.99205751351,           1.00335647600992,                 -0.00652059448259898
         461,3057.99113872973,           1.00330469697167,                 -0.00602927948480622
         462,3057.99021994594,           1.00341584908365,                 -0.00553833423195521
         463,3057.98930116216,           1.00304005809816,                 -0.00569909123919412
         464,3057.98838237837,           1.00331562935919,                 -0.00602249809965769
         465,3057.98746359459,           1.00310286644983,                 -0.00634566290211571
         466,3057.98654481081,           1.00337820803711,                 -0.00504210154792518
         467,3057.98562602703,           1.00316558085238,                 -0.00390210274561704
         468,3057.98470724324,           1.00295474270335,                 -0.00260043362230652
         469,3057.98378845946,           1.00306736505543,                -0.000974798216769129
         470,3057.98286967567,           1.00301912654834,                 0.000812029733280714
         471,3057.98195089189,           1.00313489802247,                  0.00129876665871172
         472,3057.98103210811,           1.00292438469453,                  0.00194742598969812
         473,3057.98011332432,           1.00271565443378,                  0.00194670568730067
         474,3057.97919454054,           1.00299357500316,                  0.00194598591754858
         475,3057.97827575676,           1.00294707901997,                   0.0011347388965799
         476,3057.97735697297,           1.00257652606504,                 0.000486136993404741
         477,3057.97643818919,           1.00269382849238,                 0.000161986078916378
         478,3057.97551940541,           1.00280942087068,                  0.00064770509986803
         479,3057.97460062162,           1.00292655133119,                 0.000647467108670879
         480,3057.97368183784,           1.00255817377783,                 0.000970843938454967
         481,3057.97276305405,           1.00283868045839,                  0.00145573356840735
         482,3057.97184427027,            1.0026322937821,                  0.00129351045803205
         483,3057.97092548648,           1.00258930851562,                   0.0016162974504524
         484, 3057.9700067027,           1.00238478391531,                  0.00193884871163503
         485,3057.96908791892,            1.0023435392773,                  0.00274570418429167
         486,3057.96816913513,           1.00246215943491,                  0.00403632694248234
         487,3057.96725035135,           1.00274370561653,                  0.00532601678502259
         488,3057.96633156756,           1.00221836808777,                  0.00564675513249708
         489,3057.96541278378,           1.00233852108701,                  0.00596726070478187
         490,     3057.964494,           1.00213614928862,                   0.0053202208697755
         491,3057.96357521621,           1.00225786020606,                  0.00451249719983433
         492,3057.96265643243,           1.00221838082365,                  0.00322204912658303
         493,3057.96173764865,           1.00250101860545,                  0.00225462076473515
         494,3057.96081886486,           1.00197852121236,                 0.000804931331308126
         495,3057.95990008108,           1.00210172611902,                  0.00128742794426724
         496, 3057.9589812973,           1.00190148933911,                  0.00144783452216635
         497,3057.95806251351,           1.00218544611886,                  0.00192975374734056
         498,3057.95714372973,           1.00198693382031,                  0.00305434810566115
         499,3057.95622494594,           1.00195087146425,                  0.00353535191214329
         500,3057.95530616216,           1.00191322535096,                  0.00417664644205947
         501,3057.95438737838,           1.00203779802194,                  0.00449632345266255
         502,3057.95346859459,           1.00200175615175,                  0.00433419535663204
         503,3057.95254981081,           1.00180527139247,                   0.0043326513419184
         504,3057.95163102703,           1.00225217999474,                  0.00433111537449711
         505,3057.95071224324,           1.00205735250963,                  0.00336745149667184
         506,3057.94979345946,           1.00202296108926,                   0.0024044703913516
         507,3057.94887467568,           1.00198859402717,                  0.00096144755543947
         508,3057.94795589189,           1.00195425129749,                -0.000320369065163068
         509,3057.94703710811,           1.00192153722978,                -0.000960768614891914
         510,3057.94611832432,           1.00188724246504,                -0.000640285823591651
         511,3057.94519954054,           1.00185457507189,                -0.000480045316277857
         512,3057.94428075676,           1.00198349222599,                 0.000319918100966153
         513,3057.94336197297,           1.00163100834693,                  0.00111931945377211
         514,3057.94244318919,           1.00175991329909,                  0.00159846802824173
         515, 3057.9415244054,           1.00156914630132,                  0.00159790865714952
         516,3057.94060562162,           1.00169798270709,                  0.00127787974193219
         517,3057.93968683784,           1.00198640811425,                 0.000479037326588488
         518,3057.93876805405,           1.00179736110357,                -0.000159623543834221
         519,3057.93784927027,           1.00192758165095,                -0.000478704052389371
         520,3057.93693048648,           1.00173868657383,                -0.000319025059418417
         521, 3057.9360117027,           1.00202829406437,                -0.000159457080532204
         522,3057.93509291892,           1.00183949527055,                -0.000318803339783788
         523,3057.93417413513,           1.00181177029238,                -0.000159346551660949
         524,3057.93325535135,           1.00194335595272,                -0.000477874414603842
         525,3057.93233656757,           1.00191561424656,                -0.000796182147366946
         526,3057.93141778378,           1.00172871028025,                -0.000636725701751314
         527,     3057.930499,           1.00186178253743,                -0.000636506850404977
         528,3057.92958021621,           1.00183569131117,                -0.000795360186814201
         529,3057.92866143243,           1.00196863540809,                 -0.00127213919747099
         530,3057.92774264865,           1.00178356261068,                 -0.00111273959667959
         531,3057.92682386486,           1.00191802546667,                  -0.0017479933830505
         532,3057.92590508108,           1.00173309674683,                 -0.00206510153151107
         533, 3057.9249862973,           1.00170868507473,                 -0.00222319619388812
         534,3057.92406751351,           1.00184303559551,                 -0.00253992846926448
         535,3057.92314872973,           1.00150280963512,                 -0.00269775752872715
         536,3057.92222994595,           1.00147850144677,                  -0.0028554748972029
         537,3057.92131116216,           1.00161438163474,                 -0.00301308949510135
         538,3057.92039237838,           1.00159163976943,                 -0.00285353743524055
         539,3057.91947359459,           1.00172738942331,                 -0.00237714140821857
         540,3057.91855481081,           1.00138936635706,                 -0.00237633926520421
         541,3057.91763602702,            1.0015250927646,                 -0.00205879604774506
         542,3057.91671724324,           1.00150399746695,                 -0.00189978627404417
         543,3057.91579845946,           1.00148291639169,                 -0.00189914585914985
         544,3057.91487967567,           1.00130522485465,                 -0.00205671795277459
         545,3057.91396089189,           1.00144238068728,                 -0.00173971354825649
         546,3057.91304210811,           1.00158102766798,                 -0.00173913043478261
         547,3057.91212332432,           1.00156153194502,                 -0.00110634854404532
         548,3057.91120454054,           1.00154204928238,                -0.000631987410810777
         549,3057.91028575676,           1.00136463571808,                 0.000157943948851432
         550,3057.90936697297,           1.00134681304246,                 0.000631565318853646
         551,3057.90844818919,           1.00132900223815,                  0.00142054871061529
         552, 3057.9075294054,           1.00131120329331,                  0.00173564816202749
         553,3057.90661062162,           1.00145114987854,                  0.00189280418940661
         554,3057.90569183784,           1.00127721976064,                  0.00157681451930809
         555,3057.90477305405,           1.00126103404792,                 0.000630517023959647
         556,3057.90385427027,           1.00155843500979,                                    0
         557,3057.90293548649,           1.00138621971582,                -0.000630099870829527
         558, 3057.9020167027,           1.00137001401509,                 -0.00094483725178338
         559,3057.90109791892,           1.00151281643602,                -0.000629684260569644
         560,3057.90017913513,           1.00133921054247,                -0.000629476165671832
         561,3057.89926035135,           1.00132461166225,                -0.000629269198216651
         562,3057.89834156757,           1.00115433125847,                -0.000786329195144889
         563,3057.89742278378,           1.00129701686122,                -0.000943284989977597
         564,     3057.896504,           1.00159834539034,                -0.000942976631467445
         565,3057.89558521621,           1.00142814273886,                 -0.00109977988691121
         566,3057.89466643243,           1.00141511137916,                 -0.00125648069181827
         567,3057.89374764865,           1.00124507973692,                 -0.00125607035250044
         568,3057.89282886486,           1.00154760372555,                -0.000941746688975599
         569,3057.89191008108,           1.00122073300467,                -0.000784532779348587
         570, 3057.8909912973,           1.00136621236054,                 -0.00125484487764478
         571,3057.89007251351,           1.00135479257875,                 -0.00156804696614273
         572,3057.88915372973,           1.00118819579209,                 -0.00203780280965981
         573,3057.88823494595,           1.00133354436033,                 -0.00250725144127782
         574,3057.88731616216,            1.0011670622146,                 -0.00328970557135136
         575,3057.88639737838,           1.00115728959332,                 -0.00375845064136394
         576,3057.88547859459,           1.00114752327531,                 -0.00422689337426636
         577,3057.88455981081,           1.00129583142923,                 -0.00500804417094959
         578,3057.88364102703,           1.00112957579892,                 -0.00484997919202476
         579,3057.88272224324,           1.00096499281338,                 -0.00453562262368565
         580,3057.88180345946,           1.00080051533174,                 -0.00422146756974803
         581,3057.88088467567,           1.00095030885038,                 -0.00390751994398179
         582,3057.87996589189,           1.00094219191652,                 -0.00328126538093147
         583,3057.87904710811,           1.00093564364942,                 -0.00234301414711942
         584,3057.87812832432,           1.00092909955419,                 -0.00140536067020089
         585,3057.87720954054,           1.00092255962685,                -0.000468304379114249
         586,3057.87629075676,           1.00091602386344,                                    0
         587,3057.87537197297,           1.00075505135597,                 0.000312004692550576
         588,3057.87445318919,           1.00106047846293,                 0.000935716290820623
         589,3057.87353440541,           1.00074365902065,                  0.00124722686900844
         590,3057.87261562162,           1.00058445353594,                  0.00155854276251705
         591,3057.87169683784,            1.0012028144612,                  0.00186965978424126
         592,3057.87077805405,           1.00088625004089,                   0.0014018014706455
         593,3057.86985927027,           1.00072715042671,                 0.000622826917956567
         594,3057.86894048649,           1.00087946640516,                 0.000622631083300256
         595, 3057.8680217027,           1.00103168662869,                -0.000311217685878653
         596,3057.86710291892,            1.0007186880676,                 -0.00108892131454581
         597,3057.86618413513,           1.00087086339886,                 -0.00139960189101767
         598,3057.86526535135,           1.00086903664412,                 -0.00124370181627104
         599,3057.86434656757,           1.00071179686747,                -0.000777070816017605
         600,3057.86342778378,           1.00055465529805,                -0.000466096889113996
         601,     3057.862509,           1.00070980037059,                -0.000310634735486757
         602,3057.86159021621,            1.0007080261597,                                    0
         603,3057.86067143243,            1.0005525856663,                -0.000155220692780996
         604,3057.85975264865,           1.00055241417408,                -0.000465517562425905
         605,3057.85883386486,           1.00055224278827,                -0.000620497514907453
         606,3057.85791508108,           1.00039854662298,                 -0.00108553554896308
         607, 3057.8569962973,            1.0002433946264,                 -0.00108519897123138
         608,3057.85607751351,           1.00024486936684,                -0.000774903059627241
         609,3057.85515872973,           1.00024634319791,                -0.000774664144360213
         610,3057.85423994595,           1.00040270119571,                -0.000774425376370733
         611,3057.85332116216,           1.00040567448803,                -0.000309675181701913
         612,3057.85240237838,           1.00025230753037,                -0.000464369687804259
         613,3057.85148359459,           1.00041006754509,                -0.000154742469844561
         614,3057.85056481081,           1.00025834077159,                                    0
         615,3057.84964602703,           1.00041754944868,                -0.000154647943955585
         616,3057.84872724324,           1.00026591304025,                -0.000309201209595132
         617,3057.84780845946,           1.00042502221707,                -0.000618214133920637
         618,3057.84688967567,          0.999964463562018,                -0.000772531260477455
         619,3057.84597089189,           1.00012356739057,                -0.000463377714621111
         620,3057.84505210811,           1.00028257442285,                -0.000308824505842188
         621,3057.84413332432,           1.00028866354951,                -0.000154365534498381
         622,3057.84321454054,          0.999984568139381,                -0.000154318606194349
         623,3057.84229575676,           1.00014501562775,                -0.000308543888825466
         624,3057.84137697297,           1.00015114080462,                  -0.0010795771758878
         625,3057.84045818919,           1.00000308357411,                 -0.00123342964363134
         626,3057.83953940541,           1.00047318636298,                 -0.00107892656055167
         627,3057.83862062162,           1.00001694943982,                -0.000616343266218688
         628,3057.83770183784,           1.00017868585794,                 0.000770197663528368
         629,3057.83678305405,            1.0000323385881,                  0.00138593948988187
         630,3057.83586427027,          0.999886079184204,                   0.0018473645804789
         631,3057.83494548649,           1.00004770926283,                  0.00200071102191702
         632, 3057.8340267027,           1.00005692631734,                   0.0015385491174113
         633,3057.83310791892,           1.00006459968192,                 0.000769043832422273
         634,3057.83218913513,           1.00038133195562,                 0.000307525770659581
         635,3057.83127035135,           1.00023672422857,                                    0
         636,3057.83035156757,           1.00009373957916,                -0.000153671441238346
         637,3057.82943278378,           1.00010292918012,                -0.000614502567852605
         638,     3057.828514,           1.00026722938417,                 -0.00107506074093186
         639,3057.82759521621,           1.00012282748879,                 -0.00184241233187987
         640,3057.82667643243,            1.0001335353247,                 -0.00260931094237567
         641,3057.82575764865,           1.00029768024232,                 -0.00276198162975329
         642,3057.82483886486,           1.00030986442664,                  -0.0024543716961856
         643,3057.82392008108,           1.00016715458425,                 -0.00138017546630762
         644, 3057.8230012973,           1.00017936999738,                 0.000153307690067041
         645,3057.82208251351,           1.00019157822139,                  0.00137936319399211
         646,3057.82116372973,           1.00005056177193,                  0.00229826236043802
         647,3057.82024494594,           1.00006280069663,                  0.00260393132360893
         648,3057.81932616216,           1.00007656381594,                  0.00290942500574229
         649,3057.81840737838,           1.00039495317203,                  0.00199007412260694
         650,3057.81748859459,           1.00040861113534,                  0.00198949241926869
         651,3057.81656981081,           1.00026926795834,                  0.00122394526516774
         652,3057.81565102703,           1.00028295465843,                  0.00015294846401505
         653,3057.81473224324,           1.00029816285808,                 -0.00091742417871423
         654,3057.81381345946,           1.00015897376321,                 -0.00152859387706437
         655,3057.81289467567,           1.00047983911636,                 -0.00137533504689893
         656,3057.81197589189,           1.00049497690108,                 -0.00168047713328934
         657,3057.81105710811,           1.00066283221792,                  -0.0013745368574422
         658,3057.81013832432,           1.00021986209761,                -0.000916092073360653
         659,3057.80921954054,           1.00023658884674,                 -0.00106846575948836
         660,3057.80830075676,           1.00025177962416,                  -0.0013733434045183
         661,3057.80738197297,           1.00042103721603,                 -0.00152549715952429
         662,3057.80646318919,           1.00028518574437,                 -0.00122004596523174
         663, 3057.8055444054,           1.00045433616607,                 -0.00121969440556669
         664,3057.80462562162,           1.00047249615144,                 -0.00106692679358015
         665,3057.80370683784,           1.00048912124264,                 -0.00015237421889166
         666,3057.80278805405,           1.00050726083718,                 0.000609322326941034
         667,3057.80186927027,           1.00022081610587,                  0.00121829575652359
         668,3057.80095048649,           1.00023902211031,                  0.00121794705888622
         669, 3057.8000317027,           1.00040941751607,                 0.000608799280399251
         670,3057.79911291892,           1.00042755915456,                -0.000456468848283449
         671,3057.79819413513,           1.00044721222502,                -0.000912678010240247
         672,3057.79727535135,           1.00031326319887,                 -0.00136862562614622
         673,3057.79635656757,           1.00063699012285,                 -0.00136823654073316
         674,3057.79543778378,           1.00035260073438,                   -0.001823796901977
         675,     3057.794519,            1.0005241926294,                 -0.00106357924804947
         676,3057.79360021622,              1.00039341314,                 -0.00121517572200425
         677,3057.79268143243,           1.00026118859031,                -0.000759269157879392
         678,3057.79176264865,           1.00028236837231,                -0.000151810952856627
         679,3057.79084386486,           1.00060707239338,                 0.000455304295037183
         680,3057.78992508108,           1.00062814260961,                 0.000455175804068058
         681, 3057.7890062973,           1.00049751847492,                -0.000303364923734058
         682,3057.78808751351,           1.00051860770512,                 -0.00212295551801631
         683,3057.78716872973,           1.00084439613549,                 -0.00348673449123238
         684,3057.78624994595,           1.00086689258413,                  -0.0046981940748195
         685,3057.78533116216,             1.000586352087,                 -0.00545443801864509
         686,3057.78441237838,           1.00030596881542,                 -0.00545290958167095
         687,3057.78349359459,           1.00063145174846,                    -0.00499710016763
         688,3057.78257481081,           1.00035121289557,                 -0.00469293093216747
         689,3057.78165602703,           1.00052667263966,                 -0.00393491052618834
         690,3057.78073724324,           1.00039791992278,                  -0.0033286077190413
         691,3057.77981845946,           1.00027075225261,                 -0.00226887362525166
         692,3057.77889967567,           1.00029487150407,                  -0.0013609454034069
         693,3057.77798089189,           1.00047015143109,                -0.000755870467989641
         694,3057.77706210811,           1.00019344932232,                -0.000453396849194163
         695,3057.77614332432,           1.00036866025238,                -0.000453270802108011
         696,3057.77522454054,           1.00039423659331,                -0.000755242515924288
         697,3057.77430575676,           1.00026879203651,                 -0.00105704733457964
         698,3057.77338697297,           1.00029438183589,                 -0.00166061548448457
         699,3057.77246818919,           1.00016903415094,                 -0.00166015683954433
         700,3057.77154940541,           1.00034551904051,                 -0.00135793509372015
         701,3057.77063062162,           1.00022022644105,                 -0.00150840028116581
         702,3057.76971183784,           1.00009651112291,                  -0.0016587849249626
         703,3057.76879305405,           1.00012362094802,                 -0.00165832979053787
         704,3057.76787427027,           1.00015071590053,                -0.000904295403165034
         705,3057.76695548649,           1.00017779599266,                -0.000753372850250572
         706, 3057.7660367027,            1.0000542279744,                -0.000150633262234434
         707,3057.76511791892,          0.999930727690552,                  0.00060236790824732
         708,3057.76419913513,          0.999808800304715,                  0.00120440752935367
         709,3057.76328035135,          0.999835944425798,                  0.00180611641323341
         710,3057.76236156757,             1.000015046871,                  0.00270843678057148
         711,3057.76144278378,          0.999742768562407,                  0.00345983804949374
         712,     3057.760524,          0.999771412071849,                  0.00360928307607166
         713,3057.75960521622,          0.999950385862677,                  0.00330760915486076
         714,3057.75868643243,          0.999679849935294,                  0.00285579869925884
         715,3057.75776764865,          0.999858751543966,                  0.00165290746422958
         716,3057.75684886486,          0.999888834474533,                  0.00060089473225633
         717,3057.75593008108,          0.999468351920992,                -0.000450549219498569
         718, 3057.7550112973,          0.999798809069807,                 -0.00120113988174778
         719,3057.75409251351,          0.999678781892905,                 -0.00195132494964081
         720,3057.75317372973,          0.999558819557199,                 -0.00195079787633142
         721,3057.75225494595,          0.999590442457165,                 -0.00135018970165308
         722,3057.75133616216,          0.999470568561371,                 -0.00104986404260648
         723,3057.75041737838,          0.999652138448897,                -0.000599761295004588
         724,3057.74949859459,          0.999533810715158,                                    0
         725,3057.74857981081,           0.99986512610709,                 0.000149859881011254
         726,3057.74766102703,          0.999596985028518,                -0.000149819692000677
         727,3057.74674224324,          0.999778326303681,                 0.000449338573619632
         728,3057.74582345946,          0.999511848894772,                  0.00119791682264542
         729,3057.74490467568,          0.999543416591193,                  0.00194609321786514
         730,3057.74398589189,          0.999576463334147,                   0.0029931919848305
         731,3057.74306710811,          0.999459872733448,                  0.00374049353567907
         732,3057.74214832432,          0.999343344217764,                   0.0046369770499552
         733,3057.74122954054,          0.999226877737518,                  0.00493482295201109
         734,3057.74031075676,          0.999409473833711,                  0.00493350974368174
         735,3057.73939197297,          0.999294545280627,                  0.00448382236889303
         736,3057.73847318919,          0.999327605528577,                  0.00328726186029137
         737,3057.73755440541,          0.999511522540919,                  0.00209134080340351
         738,3057.73663562162,          0.999546000322579,                  0.00134407799236564
         739,3057.73571683784,          0.999132552282014,                  0.00134372279894473
         740,3057.73479805405,          0.999316375056347,                  0.00134336779320495
         741,3057.73387927027,          0.999350877062084,                  0.00179068396666343
         742,3057.73296048649,           0.99923766729175,                  0.00208858276232972
         743, 3057.7320417027,          0.999570462111179,                  0.00298290200570331
         744,3057.73112291892,          0.999308148342538,                  0.00328033113451743
         745,3057.73020413513,          0.999344105897084,                   0.0041738715640093
         746,3057.72928535135,          0.999229527716883,                  0.00506693571101775
         747,3057.72836656757,          0.999266975768484,                  0.00581055793275248
         748,3057.72744778378,          0.999302915837514,                   0.0059579842947534
         749,     3057.726529,          0.999189926497743,                  0.00625424395125264
         750,3057.72565691111,          0.999076996367534,                  0.00640147680581195
         751,3057.72478482222,          0.999412110523222,                  0.00625097671511174
         752,3057.72391273333,           0.99930066808517,                  0.00684452512387103
         753,3057.72304064444,          0.999635549539231,                  0.00595021160440018
         754,3057.72216855556,          0.999522620501144,                  0.00505635606264528
         755,3057.72129646667,          0.999412722366357,                  0.00386562493030724
         756,3057.72042437778,          0.999450034930214,                  0.00237822732880479
         757,3057.71955228889,          0.999487328087734,                  0.00133740498852061
         758,    3057.7186802,          0.999823211051835,                  0.00059424856526112
         759,3057.71780811111,          0.999563340828821,                -0.000445570582836027
         760,3057.71693602222,          0.999602059786063,                -0.000890910926725546
         761,3057.71606393333,           0.99978920554241,                -0.000742234005599413
         762,3057.71519184444,          0.999679437709998,                -0.000296816935187054
         763,3057.71431975556,          0.999718096707666,                                    0
         764,3057.71344766667,          0.999756735749758,                 0.000148331859903525
         765,3057.71257557778,          0.999795354851721,                                    0
         766,3057.71170348889,          0.999983691889384,                -0.000148255551058471
         767,    3057.7108314,          0.999725797964976,                  0.00029643463245811
         768,3057.70995931111,           1.00006223531469,                 0.000296358641373444
         769,3057.70908722222,          0.999805934838548,                -0.000148141344619729
         770,3057.70821513333,           0.99999407586448,                -0.000444310164039313
         771,3057.70734304444,          0.999885989602844,                -0.000888392705111367
         772,3057.70647095556,           1.00007401376656,                 -0.00148027533121161
         773,3057.70559886667,            1.0001139520188,                 -0.00192386525247772
         774,3057.70472677778,           1.00015534957353,                 -0.00236723159662374
         775,3057.70385468889,             1.000195246632,                 -0.00221871172722271
         776,    3057.7029826,           1.00008872589613,                 -0.00280965337749911
         777,3057.70211051111,           1.00027793711525,                 -0.00251326114853078
         778,3057.70123842222,           1.00017144951699,                 -0.00236482092393553
         779,3057.70036633333,           1.00050830727766,                 -0.00236421989609254
         780,3057.69949424444,           1.00025408906117,                 -0.00295452396709842
         781,3057.69862215556,           1.00029537734456,                 -0.00339683946241323
         782,3057.69775006667,           1.00018899349154,                 -0.00354362796631191
         783,3057.69687797778,           1.00037936771064,                 -0.00383796127497074
         784,3057.69600588889,            1.0004205928145,                 -0.00398456350582558
         785,    3057.6951338,            1.0003157338747,                 -0.00339340145709708
         786,3057.69426171111,           1.00050593179213,                  -0.0028025376240676
         787,3057.69338962222,           1.00069603378713,                 -0.00280183092277564
         788,3057.69251753333,           1.00029632949481,                 -0.00235884174972984
         789,3057.69164544444,           1.00048638849175,                 -0.00162129497251168
         790,3057.69077335556,           1.00038164508186,                -0.000736766567301416
         791,3057.68990126667,           1.00057306083726,                 0.000294632821212385
         792,3057.68902917778,           1.00032106889432,                  0.00176735171182741
         793,3057.68815708889,           1.00036516125992,                  0.00294484887035597
         794,     3057.687285,           1.00040775890114,                   0.0035329291073613
         795,3057.68641291111,           1.00059897600122,                  0.00338487666539611
         796,3057.68554082222,           1.00064296570506,                   0.0035311617669345
         797,3057.68466873333,           1.00053983846033,                   0.0029418989663638
         798,3057.68379664444,           1.00058382095373,                  0.00235293079589355
         799,3057.68292455556,           1.00062925260081,                   0.0014702163570391
         800,3057.68205246667,           1.00082017573514,                 0.000587939595086001
         801,3057.68118037778,           1.00086405529954,                -0.000881689081162419
         802,3057.68030828889,           1.00061556000535,                 -0.00279132221995325
         803,    3057.6794362,           1.00051406330322,                 -0.00352500550782111
         804,3057.67856411111,           1.00085166368095,                 -0.00411147983906493
         805,3057.67769202222,           1.00089696104899,                 -0.00425726193464662
         806,3057.67681993333,            1.0007954702227,                 -0.00469650315986603
         807,3057.67594784444,           1.00084075906017,                 -0.00440187989617433
         808,3057.67507575556,           1.00074080050462,                 -0.00440079507697724
         809,3057.67420366667,           1.00078608050872,                  -0.0048396747738552
         810,3057.67333157778,           1.00083133807308,                 -0.00410537320041699
         811,3057.67245948889,           1.00073145597852,                 -0.00322485601750804
         812,    3057.6715874,           1.00077670472031,                 -0.00249131702741914
         813,3057.67071531111,           1.00082339737861,                 -0.00205116784706493
         814,3057.66984322222,           1.00072359112121,                  -0.0019041871610913
         815,3057.66897113333,            1.0009167137715,                 -0.00175727879520966
         816,3057.66809904444,              1.00096333754,                 -0.00117123105167764
         817,3057.66722695556,           1.00086357049809,                -0.000878207286193118
         818,3057.66635486667,           1.00076385250915,                -0.000438995694915552
         819,3057.66548277778,           1.00081047947029,                -0.000438887799796941
         820,3057.66461068889,           1.00085854737295,                -0.000731300999103425
         821,    3057.6637386,           1.00075890396136,                -0.000438672810035664
         822,3057.66286651111,           1.00066077234346,                                    0
         823,3057.66199442222,           1.00099968431022,                 0.000292305353864861
         824,3057.66112233333,           1.00075542495942,                 0.000146117013426692
         825,3057.66025024444,           1.00080344752027,                -0.000584325469286393
         826,3057.65937815555,           1.00070540091746,                 -0.00102232017023091
         827,3057.65850606667,           1.00060740212941,                 -0.00189813165441155
         828,3057.65763397778,           1.00065542565444,                 -0.00233559253252678
         829,3057.65676188889,           1.00041154785776,                  -0.0026269012197578
         830,    3057.6558898,           1.00075286262883,                  -0.0027721685945397
         831,3057.65501771111,           1.00036321148974,                 -0.00262562522700718
         832,3057.65414562222,           1.00070291285922,                 -0.00218748815110585
         833,3057.65327353333,           1.00060651655382,                 -0.00189536423068624
         834,3057.65240144444,           1.00080169083886,                 -0.00189490561912397
         835,3057.65152935556,           1.00055959056624,                 -0.00174872051948658
         836,3057.65065726667,           1.00075322378322,                 -0.00116553003206665
         837,3057.64978517778,           1.00065690868387,                  -0.0010195921922543
         838,3057.64891308889,           1.00070626096707,                -0.000436862453856403
         839,     3057.648041,           1.00046441814521,                -0.000436756876373054
         840,3057.64716891111,           1.00036969868102,                -0.000436651985456578
         841,3057.64629682222,           1.00027356914606,                 -0.00043654650966514
         842,3057.64542473333,           1.00032296640277,                -0.000581921446423947
         843,3057.64455264444,           1.00037379480265,                -0.000145445448502857
         844,3057.64368055556,           1.00027773375076,                 0.000145410340710969
         845,3057.64280846667,           1.00032854854232,                                    0
         846,3057.64193637778,           1.00023399836346,                  0.00130806538582842
         847,3057.64106428889,           1.00028334580539,                  0.00232488865962903
         848,    3057.6401922,           1.00018885192556,                  0.00319595566337871
         849,3057.63932011111,           1.00023963923403,                  0.00334042568642117
         850,3057.63844802222,           1.00014520110353,                  0.00319442427762451
         851,3057.63757593333,           1.00005080821351,                  0.00232266118905736
         852,3057.63670384444,           1.00039330710318,                  0.00072565886196372
         853,3057.63583175556,          0.999863608795201,                -0.000290194052763083
         854,3057.63495966667,          0.999914413244768,                 -0.00159568526703793
         855,3057.63408757778,           1.00011167140182,                 -0.00203038912407563
         856,3057.63321548889,            1.0000173991718,                 -0.00217489647492779
         857,    3057.6323434,          0.999779662884213,                  -0.0018844621744954
         858,3057.63147131111,          0.999975362925841,                 -0.00144923965641426
         859,3057.63059922222,          0.999882639481527,                 -0.00130400576080767
         860,3057.62972713333,          0.999789960092418,                   -0.001593406195453
         861,3057.62885504444,          0.999842145431848,                  -0.0021723105708977
         862,3057.62798295556,          0.999894305988507,                  -0.0023165810738222
         863,3057.62711086667,          0.999946441780044,                 -0.00159227140410835
         864,3057.62623877778,          0.999709117642377,                -0.000723587954286607
         865,3057.62536668889,          0.999905955886076,                 0.000144683252190143
         866,    3057.6244946,          0.999813402880539,                  0.00144648929814893
         867,3057.62362251111,          0.999577724688066,                  0.00231383732566682
         868,3057.62275042222,          0.999774454353031,                  0.00346993303029252
         869,3057.62187833333,          0.999681998207626,                  0.00404729553930213
         870,3057.62100624445,          0.999880054856839,                  0.00390182995825042
         871,3057.62013415556,          0.999644583657205,                  0.00346747651507052
         872,3057.61926206667,           0.99955222371481,                  0.00317776718522049
         873,3057.61838997778,          0.999894580727335,                  0.00288819925108993
         874,3057.61751788889,          0.999659272691573,                  0.00274314358479779
         875,    3057.6166458,          0.999568417390903,                  0.00274249818489923
         876,3057.61577371111,          0.999476162507955,                  0.00288615698096435
         877,3057.61490162222,          0.999529667044664,                  0.00274120434091348
         878,3057.61402953333,          0.999583146422343,                  0.00230783987629978
         879,3057.61315744444,          0.999349629606129,                  0.00187468184485998
         880,3057.61228535556,          0.999547298641608,                  0.00144172407131344
         881,3057.61141326667,          0.999456597725206,                 0.000720692672141048
         882,3057.61054117778,          0.999365939418394,                 0.000144104677637836
         883,3057.60966908889,           0.99942083440186,                 0.000288142088626744
         884,     3057.608797,          0.999618301369074,                 0.000720186096087229
         885,3057.60792491111,          0.999529108171197,                  0.00158403979107955
         886,3057.60705282222,          0.999582487510618,                  0.00302336630242301
         887,3057.60618073333,          0.999493344387638,                  0.00446202385887338
         888,3057.60530864444,          0.999546707151234,                  0.00546829468352245
         889,3057.60443655556,          0.999601483001164,                   0.0061863649638817
         890,3057.60356446667,          0.999512397894825,                  0.00560958174095527
         891,3057.60269237778,          0.999710958137823,                  0.00445785956591952
         892,3057.60182028889,            0.9996218890309,                  0.00287536858631066
         893,    3057.6009482,          0.999532861403572,                  0.00114987962197707
         894,3057.60007611111,          0.999731278210399,                 0.000431104475295558
         895,3057.59920402222,          0.999785934610925,                  0.00028733609271761
         896,3057.59833193333,          0.999553296342632,                -0.000143634616517119
         897,3057.59745984444,          0.999607968717914,                -0.000143601202229265
         898,3057.59658775555,          0.999662615661812,                -0.000287135606968781
         899,3057.59571566667,          0.999717237192065,                -0.000717672101358266
         900,3057.59484357778,          0.999773268011561,                  -0.0011480100680483
         901,3057.59397148889,          0.999827838512525,                 -0.00215201859344065
         902,    3057.5930994,          0.999738949083597,                 -0.00286869138904906
         903,3057.59222731111,          0.999938337374864,                  -0.0037284377989024
         904,3057.59135522222,          0.999706095296808,                 -0.00358420369746453
         905,3057.59048313333,           0.99990539885848,                 -0.00372671163565374
         906,3057.58961104444,          0.999961308461839,                 -0.00358254982968558
         907,3057.58873895555,           1.00001575956068,                 -0.00358171833653539
         908,3057.58786686667,          0.999928382152833,                 -0.00358089235837571
         909,3057.58699477778,          0.999841045035808,                 -0.00372326943152836
         910,3057.58612268889,            1.0000400875053,                 -0.00329290222084779
         911,    3057.5852506,           0.99995133360243,                 -0.00257645634194729
         912,3057.58437851111,          0.999864051688979,                 -0.00186034530870999
         913,3057.58350642222,          0.999776809985178,                 -0.00100149365625304
         914,3057.58263433333,          0.999832646037788,                -0.000143037574540456
         915,3057.58176224444,          0.999745451737363,                 0.000715023209653385
         916,3057.58089015556,           0.99980126930297,                  0.00128674552033844
         917,3057.58001806667,          0.999857061177816,                  0.00157232704402516
         918,3057.57914597778,          0.999771350177204,                  0.00100034297473419
         919,3057.57827388889,          0.999969996613904,                 0.000428619801377584
         920,    3057.5774018,          0.999740030453576,                                    0
         921,3057.57652971111,          0.999938592745661,                -0.000428422704689658
         922,3057.57565762222,           0.99985294180636,                -0.000999424616970516
         923,3057.57478553333,           1.00019412930153,                 -0.00114193706784819
         924,3057.57391344444,          0.999821613329052,                -0.000856256020550144
         925,3057.57304135556,          0.999878724755131,                -0.000713383793346983
         926,3057.57216926667,          0.999791739771713,                -0.000570575967910808
         927,3057.57129717778,          0.999991443313377,                -0.000855668662276136
         928,3057.57042508889,          0.999904472266303,                 -0.00156836577711811
         929,     3057.569553,           1.00010405871763,                 -0.00228073901645981
         930,3057.56868091111,          0.999876013094157,                 -0.00228021895802544
         931,3057.56780882222,          0.999789128130308,                 -0.00299210085374611
         932,3057.56693673333,          0.999846155599366,                 -0.00256407334389352
         933,3057.56606464444,          0.999760741019243,                 -0.00256348907953652
         934,3057.56519255555,          0.999958708810258,                 -0.00227813460643089
         935,3057.56432046667,          0.999730956641314,                 -0.00199291376804477
         936,3057.56344837778,           0.99950330819513,                 -0.00113854854984494
         937,3057.56257628889,          0.999702621907232,                -0.000284572337576781
         938,    3057.5617042,          0.999617337322129,                 0.000284507567190018
         939,3057.56083211111,          0.999674312963909,                 0.000426664239421216
         940,3057.55996002222,          0.999731262681486,                 0.000568756229658078
         941,3057.55908793333,          0.999646029776146,                  0.00113725373125841
         942,3057.55821584444,          0.999845084414781,                 0.000710621950543555
         943,3057.55734375555,          0.999333588151794,                  0.00028418415701743
         944,3057.55647166666,          0.999674683100142,                -0.000994418471181042
         945,3057.55559957778,          0.999589540526837,                 -0.00198838499110198
         946,3057.55472748889,          0.999646431872818,                 -0.00283990463600232
         947,    3057.5538554,          0.999561334395216,                 -0.00369103745125346
         948,3057.55298331111,          0.999760137048323,                 -0.00383212999720396
         949,3057.55211122222,           0.99939125536199,                 -0.00383125995950216
         950,3057.55123913333,          0.999448140061769,                 -0.00297919246860144
         951,3057.55036704445,          0.999506416584403,                 -0.00212751472240188
         952,3057.54949495555,           0.99942144728931,                  -0.0012762192147565
         953,3057.54862286667,          0.999194746572002,                -0.000992389788025541
         954,3057.54775077778,          0.999253040634873,                -0.000850428119689253
         955,3057.54687868889,           0.99916818646227,                    -0.00127535295393
         956,    3057.5460066,           0.99922504452098,                  -0.0019834326702529
         957,3057.54513451111,          0.999000008498511,                 -0.00240791154749393
         958,3057.54426242222,          0.999056878977464,                 -0.00226575621029616
         959,3057.54339033333,          0.999255301376418,                 -0.00268997601674015
         960,3057.54251824445,          0.998747319475997,                 -0.00311400808226643
         961,3057.54164615556,          0.998804208619604,                 -0.00367935809352645
         962,3057.54077406667,          0.999145449091969,                 -0.00396149427564077
         963,3057.53990197778,          0.998919322624631,                 -0.00438494746550036
         964,3057.53902988889,          0.998977547046271,                 -0.00452537960156861
         965,    3057.5381578,          0.998610174428058,                 -0.00438296975892253
         966,3057.53728571111,          0.998527087732987,                 -0.00381656729456266
         967,3057.53641362222,          0.998725272116246,                 -0.00296777001760877
         968,3057.53554153333,          0.998500906379413,                  -0.0025432314015607
         969,3057.53466944445,          0.998559159227031,                 -0.00169510679172788
         970,3057.53379735556,          0.998333521635973,                 -0.00155349678002486
         971,3057.53292526667,          0.998391785823712,                -0.000988366921335877
         972,3057.53205317778,          0.998307451026893,                -0.000423490151736521
         973,3057.53118108889,          0.998365694833733,                                    0
         974,     3057.530309,           0.99828281246252,                 0.000141100044164314
         975,3057.52943691111,           0.99819855912944,                -0.000141068196598281
         976,3057.52856482222,          0.998115751527426,                 0.000282073124636831
         977,3057.52769273333,          0.998032981055986,                                    0
         978,3057.52682064444,          0.998089813985945,                                    0
         979,3057.52594855555,          0.997725203449121,                                    0
         980,3057.52507646667,          0.998065306133952,                -0.000281819936787788
         981,3057.52420437778,          0.997982621239955,                                    0
         982,3057.52333228889,          0.997898567871187,                                    0
         983,    3057.5224602,          0.997675142328885,                 0.000563260489670507
         984,3057.52158811111,          0.997451816812378,                  0.00140783601526094
         985,3057.52071602222,          0.997791599633482,                   0.0016890251369166
         986,3057.51984393333,          0.997426223810174,                  0.00168864484843709
         987,3057.51897184444,          0.997625170937045,                  0.00168826710636646
         988,3057.51809975555,          0.997261399232292,                  0.00112525968883756
         989,3057.51722766667,          0.997460294245865,                  0.00112500808599562
         990,3057.51635557778,          0.997237316611952,                  0.00168713489346446
         991,3057.51548348889,          0.997294163123309,                  0.00253013318339952
         992,    3057.5146114,          0.997211854117012,                  0.00309169402347439
         993,3057.51373931111,          0.997410582190482,                  0.00393400426839463
         994,3057.51286722222,          0.997187815176808,                  0.00463546948877795
         995,3057.51199513333,          0.997246022461559,                  0.00421312219037414
         996,3057.51112304445,          0.997304203757266,                  0.00435258768358092
         997,3057.51025095555,          0.997220584519498,                  0.00364973749964906
         998,3057.50937886667,           0.99699805905361,                  0.00322789349074226
         999,3057.50850677778,          0.997196568532534,                   0.0026659258199125
        1000,3057.50763468889,          0.997114428279445,                  0.00224448942775339
        1001,    3057.5067626,          0.997032324660316,                  0.00182324099318949
        1002,3057.50589051111,          0.997090475689697,                 0.000981526273355067
        1003,3057.50501842222,          0.997008414010828,                 0.000420560354616491
        1004,3057.50414633333,          0.996924991660757,                                    0
        1005,3057.50327424444,          0.996983127654476,                -0.000140124121947221
        1006,3057.50240215556,          0.996901144839257,                                    0
        1007,3057.50153006667,          0.996679136827686,                -0.000420185133569851
        1008,3057.50065797778,          0.996877319255598,                -0.000420091579964432
        1009,3057.49978588889,          0.996795414741092,                -0.000139999356002962
        1010,    3057.4989138,          0.996713546682194,                 0.000559872796900544
        1011,3057.49804171111,          0.996911589167193,                  0.00111949645049657
        1012,3057.49716962222,          0.996548525603448,                 0.000979340120626722
        1013,3057.49629753333,          0.996606641806285,                 0.000279749232787729
        1014,3057.49542544444,          0.996524888649601,                -0.000279687030213191
        1015,3057.49455335555,          0.996722796695953,                 -0.00111849942117655
        1016,3057.49368126667,          0.996361491355222,                 -0.00181715760207883
        1017,3057.49280917778,          0.996419597463253,                 -0.00223600470678991
        1018,3057.49193708889,          0.996337958506178,                  -0.0030738234591412
        1019,     3057.491065,          0.996535732245628,                 -0.00391127004525898
        1020,3057.49019291111,          0.996732026143791,                 -0.00391039606725881
        1021,3057.48932082222,          0.996371120317119,                 -0.00404915393626632
        1022,3057.48844873333,          0.996289564714849,                 -0.00404825520200793
        1023,3057.48757664445,          0.996487173367834,                  -0.0039077928367366
