"SCAN INDEX",      WAVENUMBER,"SCIENCE DIRECT ABSORPTION","SCIENCE HARMONIC ABSORPTION SPECTRA"
           0,3058.39122071052,                          1,                                    0
           1,3058.39032610526,                          1,                                    0
           2,3058.38943149999,                          1,                                    0
           3,3058.38853689474,                          1,                                    0
           4,3058.38764228947,                          1,                                    0
           5,3058.38674768421,                          1,                                    0
           6,3058.38585307894,                          1,                                    0
           7,3058.38495847368,                          1,                                    0
           8,3058.38406386842,                          1,                                    0
           9,3058.38316926315,                          1,                                    0
          10,3058.38227465789,                          1,                                    0
          11,3058.38138005263,                          1,                                    0
          12,3058.38048544736,                          1,                                    0
          13, 3058.3795908421,                          1,                                    0
          14,3058.37869623684,                          1,                                    0
          15,3058.37780163157,                          1,                                    0
          16,3058.37690702632,                          1,                                    0
          17,3058.37601242105,                          1,                                    0
          18,3058.37511781578,                          1,                                    0
          19,3058.37422321052,                          1,                                    0
          20,3058.37332860526,                          1,                                    0
          21,     3058.372434,                          1,                                    0
          22,3058.37153939473,                          1,                                    0
          23,3058.37064478947,                          1,                                    0
          24, 3058.3697501842,                          1,                                    0
          25,3058.36885557895,                          1,                                    0
          26,3058.36796097368,                          1,                                    0
          27,3058.36706636842,                          1,                                    0
          28,3058.36617176315,                          1,                                    0
          29,3058.36527715789,                          1,                                    0
          30,3058.36438255263,                          1,                                    0
          31,3058.36348794736,                          1,                                    0
          32,3058.36259334211,                          1,                                    0
          33,3058.36169873684,                          1,                                    0
          34,3058.36080413157,                          1,                                    0
          35,3058.35990952631,                          1,                                    0
          36,3058.35901492105,                          1,                                    0
          37,3058.35812031579,                          1,                                    0
          38,3058.35722571053,                          1,                                    0
          39,3058.35633110526,                          1,                                    0
          40,3058.35543649999,                          1,                                    0
          41,3058.35454189473,                          1,                                    0
          42,3058.35364728947,                          1,                                    0
          43,3058.35275268421,                          1,                                    0
          44,3058.35185807894,                          1,                                    0
          45,3058.35096347368,                          1,                                    0
          46,3058.35006886841,                          1,                                    0
          47,3058.34917426315,                          1,                                    0
          48,3058.34827965789,                          1,                                    0
          49,3058.34738505263,                          1,                                    0
          50,3058.34649044737,                          1,                                    0
          51, 3058.3455958421,                          1,                                    0
          52,3058.34470123683,                          1,                                    0
          53,3058.34380663157,                          1,                                    0
          54,3058.34291202632,                          1,                                    0
          55,3058.34201742105,                          1,                                    0
          56,3058.34112281579,                          1,                                    0
          57,3058.34022821052,                          1,                                    0
          58,3058.33933360526,                          1,                                    0
          59,     3058.338439,                          1,                                    0
          60,3058.33754439473,                          1,                                    0
          61,3058.33664978947,                          1,                                    0
          62,3058.33575518421,                          1,                                    0
          63,3058.33486057894,                          1,                                    0
          64,3058.33396597368,                          1,                                    0
          65,3058.33307136841,                          1,                                    0
          66,3058.33217676316,                          1,                                    0
          67,3058.33128215789,                          1,                                    0
          68,3058.33038755263,                          1,                                    0
          69,3058.32949294736,                          1,                                    0
          70, 3058.3285983421,                          1,                                    0
          71,3058.32770373684,                          1,                                    0
          72,3058.32680913158,          0.986032494252651,                -0.000965940923053146
          73,3058.32591452631,          0.990519588345465,                 -0.00193083740418219
          74,3058.32501992105,          0.994035017975997,                 -0.00135085325681071
          75,3058.32412531578,          0.996777061783591,                 -0.00115724891073946
          76,3058.32323071052,          0.998357596693603,                -0.000385540682252791
          77,3058.32233610526,            0.9991676813761,                  0.00154133078499977
          78,3058.32144149999,          0.999589842734536,                  0.00346611773631702
          79,3058.32054689473,          0.998666263787233,                  0.00461899987105292
          80,3058.31965228947,          0.997934114804741,                  0.00500121183209778
          81,3058.31875768421,          0.996627921730872,                  0.00519077042568163
          82,3058.31786307894,          0.996089809486295,                  0.00461152689576988
          83,3058.31696847369,          0.994978059015008,                  0.00345678538163871
          84,3058.31607386842,          0.994441416056937,                  0.00230328063939071
          85,3058.31517926315,          0.994674606158733,                    0.001726532585425
          86,3058.31428465789,          0.994713904712237,                  0.00057520079301016
          87,3058.31339005263,          0.994755067195312,                  0.00114978431962471
          88,3058.31249544737,          0.994602752634462,                   0.0013406931000272
          89, 3058.3116008421,           0.99464393048978,                  0.00172282435997075
          90,3058.31070623684,          0.994874483191404,                  0.00248718620797851
          91,3058.30981163157,          0.994915471384946,                  0.00344195242839305
          92,3058.30891702631,          0.995336747955049,                  0.00324898708049843
          93,3058.30802242105,          0.995568459657702,                  0.00324724938875306
          94,3058.30712781578,          0.995607110333886,                  0.00229094637085458
          95,3058.30623321052,          0.995075188758989,                   0.0017172917926809
          96,3058.30533860526,          0.995114062422525,                  0.00133495562226096
          97,3058.30444399999,          0.995154791267188,                 0.000762424662912996
          98,3058.30354939473,          0.995003076641717,                   0.0011430247864925
          99,3058.30265478946,           0.99523422371921,                  0.00171362311334855
         100,3058.30176018421,          0.995082628586218,                  0.00228360901568839
         101,3058.30086557895,          0.995123287254357,                  0.00285299107584391
         102,3058.29997097368,           0.99497380447263,                  0.00304157066709249
         103,3058.29907636841,          0.995012587279723,                  0.00265995345081461
         104,3058.29818176314,          0.994863322604229,                   0.0028484347850856
         105,3058.29728715789,          0.995091917416671,                  0.00227753252126646
         106,3058.29639255263,          0.995701543726265,                  0.00208662925909486
         107,3058.29549794736,          0.995360671309155,                  0.00189592508820791
         108, 3058.2946033421,          0.995211539299676,                  0.00170542723794689
         109,3058.29370873684,          0.995441348315458,                  0.00227269714227273
         110,3058.29281413159,          0.995101156944697,                  0.00189290689926707
         111,3058.29191952631,          0.995330780523982,                  0.00189190416370268
         112,3058.29102492105,          0.995558278449992,                  0.00207998880587843
         113,3058.29013031578,          0.995409437018194,                  0.00113393898274334
         114,3058.28923571053,          0.995638532779004,                 0.000944449376568967
         115,3058.28834110526,           0.99548792690064,                 0.000377579338858578
         116,    3058.2874465,          0.995339358831632,                 0.000377379851689718
         117,3058.28655189474,          0.995379537953795,                 0.000565770862800566
         118,3058.28565728946,           0.99560628879368,                 0.000753961596966058
         119,3058.28476268421,          0.996023066590557,                 0.000941954857755397
         120,3058.28386807894,          0.995686238328271,                 0.000941458243502526
         121,3058.28297347368,          0.995724276025082,                 0.000188192076360817
         122,3058.28207886841,          0.995952239434818,                -0.000564278889198197
         123,3058.28118426315,          0.995803974944166,                 -0.00150395163291549
         124,3058.28028965789,          0.995653995674664,                 -0.00225473635555689
         125,3058.27939505263,          0.996069431898635,                 -0.00300473433453585
         126,3058.27850044736,          0.996109037057058,                 -0.00450473278488212
         127, 3058.2776058421,          0.996148600608195,                 -0.00544035958900897
         128,3058.27671123685,          0.996188122617577,                 -0.00618750386718992
         129,3058.27581663158,          0.995850933446274,                 -0.00562204140071287
         130,3058.27492202631,          0.995703266940629,                 -0.00468257744046571
         131,3058.27402742104,          0.996117369995545,                 -0.00374409836495224
         132,3058.27313281578,          0.995969718628731,                 -0.00187106841748775
         133,3058.27223821053,          0.995822221889762,                 0.000187008867960519
         134,3058.27134360526,          0.996235612526027,                 0.000373821993443162
         135,     3058.270449,          0.996274944236252,                 0.000373626455742078
         136,3058.26955439473,          0.996314234820958,                 0.000560146683744917
         137,3058.26865978947,          0.995978389676312,                -0.000186617648431012
         138, 3058.2677651842,          0.996390834398053,                -0.000559560558441437
         139,3058.26687057895,          0.996430002889554,                -0.000932114128053839
         140,3058.26597597368,          0.996469130511743,                -0.000931627833313148
         141,3058.26508136842,          0.996696301869364,                                    0
         142,3058.26418676315,          0.996362986594795,                 0.000744526797380755
         143,3058.26329215789,          0.996216053310116,                  0.00167431269463885
         144,3058.26239755263,          0.996255210909348,                  0.00278906833961184
         145,3058.26150294736,           0.99629432775686,                   0.0037168227112735
         146, 3058.2606083421,          0.996519148398697,                  0.00501510102642401
         147,3058.25971373684,          0.996372439450928,                  0.00556943789519803
         148,3058.25881913157,          0.996413283283822,                   0.0064943137644197
         149,3058.25792452631,          0.996266781401784,                  0.00723276330503901
         150,3058.25702992105,          0.996491150024189,                  0.00778508710956398
         151,3058.25613531579,          0.996344759741595,                  0.00815157482867798
         152,3058.25524071052,          0.996755867953456,                  0.00814736358721012
         153,3058.25434610526,          0.996979634743084,                  0.00740285602185323
         154,    3058.2534515,           0.99702003843799,                  0.00702908375893202
         155,3058.25255689473,          0.997058557084514,                  0.00591616425490533
         156,3058.25166228948,          0.996727466918959,                  0.00461961191564219
         157,3058.25076768421,          0.996767937944409,                  0.00332440668575122
         158,3058.24987307894,          0.997175714839496,                  0.00276890702010227
         159,3058.24897847368,          0.997400412170278,                  0.00221398537662659
         160,3058.24808386841,          0.997071666715841,                  0.00221284631044758
         161,3058.24718926316,          0.997294348358178,                  0.00239601303431091
         162,3058.24629465789,          0.997150209911817,                  0.00257899555491695
         163,3058.24540005263,          0.997190338890055,                  0.00294590942065009
         164,3058.24450544736,           0.99704640185497,                  0.00294439690470275
         165, 3058.2436108421,          0.997452569042736,                  0.00220716039618529
         166,3058.24271623684,          0.997676316815083,                 0.000735342780036914
         167,3058.24182163157,          0.997348610822739,                 0.000367482907451267
         168,3058.24092702632,          0.997572182574809,                                    0
         169,3058.24003242105,          0.997428418817146,                   0.0001835532607319
         170,3058.23913781578,          0.997651720848316,                                    0
         171,3058.23824321052,          0.997874794401486,                 0.000733461811393962
         172,3058.23734860526,          0.997914368134184,                 0.000366543385907873
         173,     3058.236454,          0.997770723388354,                 0.000732712115578009
         174,3058.23555939473,          0.998178306282555,                  0.00109850877433884
         175,3058.23466478947,          0.997851681873246,                 0.000914956612757423
         176, 3058.2337701842,          0.997708288751959,                  0.00109738766865477
         177,3058.23287557894,           0.99793247549042,                 0.000914024982130812
         178,3058.23198097368,          0.997789187115163,                 0.000730847234656776
         179,3058.23108636842,           0.99819572379234,                  0.00109571429614966
         180,3058.23019176316,          0.998600025188595,                 0.000912630255153167
         181,3058.22929715789,          0.998093570131991,                 0.000912167400961425
         182,3058.22840255262,           0.99831517220253,                  0.00145872536577539
         183,3058.22750794737,          0.998173872156471,                  0.00145798630221869
         184, 3058.2266133421,          0.998214871215709,                  0.00182155998397027
         185,3058.22571873684,          0.998255828772635,                  0.00163857422195034
         186,3058.22482413158,          0.998658871013235,                  0.00145577094899888
         187,3058.22392952631,          0.998699562580141,                  0.00127315551594627
         188,3058.22303492105,          0.998558425575312,                  0.00109072465928488
         189,3058.22214031578,          0.998599126770851,                 0.000726782479454768
         190,3058.22124571053,          0.998458182980447,                 0.000908019446144459
         191,3058.22035110526,           0.99904524382585,                 0.000363025161273928
         192,    3058.2194565,           0.99890421695053,                                    0
         193,3058.21856189473,          0.999125991419484,                 -0.00126930706713909
         194,3058.21766728947,          0.999166304190228,                 -0.00253733507322024
         195,3058.21677268421,           0.99920838639439,                 -0.00380409284160301
         196,3058.21587807895,          0.999067561083802,                 -0.00452640250581643
         197,3058.21498347368,          0.999109650519732,                 -0.00416220285490923
         198,3058.21408886842,          0.999151697780125,                 -0.00397924282244076
         199,3058.21319426315,          0.999372680318252,                  -0.0034348916291691
         200,3058.21229965789,          0.999414553759866,                 -0.00234901269189627
         201,3058.21140505263,          0.999456385305427,                -0.000903014442812998
         202,3058.21051044737,          0.999137149850716,                                    0
         203, 3058.2096158421,          0.999179078222118,                  0.00126295658135696
         204,3058.20872123684,          0.999581629193626,                  0.00126232570888605
         205,3058.20782663157,          0.999443051572703,                   0.0010814532568866
         206,3058.20693202631,          0.999664916787669,                 0.000540456794082358
         207,3058.20603742105,          0.999708298371152,                                    0
         208,3058.20514281579,          0.999569864606336,                -0.000179972968060197
         209,3058.20424821052,          0.999613250227103,                -0.000539650845902701
         210,3058.20335360526,          0.999475001438352,                -0.000898970139807836
         211,3058.20245899999,           0.99933868614188,                 -0.00107822911649906
         212,3058.20156439474,          0.999741353297027,                 -0.00107769459572083
         213,3058.20066978947,           0.99996229944652,                -0.000718105780572007
         214,3058.19977518421,          0.999825945590951,                -0.000358875070204936
         215,3058.19888057894,          0.999869075439449,                -0.000358697426166619
         216,3058.19798597367,          0.999553642652402,                -0.000537779936864635
         217,3058.19709136842,           0.99959686450168,                -0.000358342665173572
         218,3058.19619676315,          0.999641833810888,                 0.000179083094555874
         219, 3058.1953021579,          0.999863964086519,                   0.0007159784920061
         220,3058.19440755263,           1.00008766421386,                  0.00125234591225349
         221,3058.19351294737,           1.00013053733099,                  0.00178818261636151
         222, 3058.1926183421,          0.999817695021644,                  0.00160857333843311
         223,3058.19172373684,          0.999860659046979,                   0.0014291379796991
         224,3058.19082913158,           1.00008392062894,                   0.0012498817076241
         225,3058.18993452632,           1.00030696306449,                 0.000535400693879299
         226,3058.18903992105,            1.0003514073239,                 0.000356758704466441
         227,3058.18814531578,           1.00057409989338,                -0.000356583784708974
         228,3058.18725071052,           1.00026374315693,                 -0.00053461450729927
         229,3058.18635610526,           1.00030814335613,                 -0.00124682282825728
         230,    3058.1854615,           0.99999643939313,                 -0.00142424274793396
         231,3058.18456689474,           1.00022064999217,                 -0.00142354833658377
         232,3058.18367228947,           1.00044286270723,                -0.000889282544628645
         233,3058.18277768421,           1.00066663703835,                -0.000888849384471801
         234,3058.18188307895,           1.00053482682094,                -0.000710733316868011
         235,3058.18098847368,            1.0004031448853,                 -0.00124317806039359
         236,3058.18009386842,           1.00044910153067,                 -0.00195261535075185
         237,3058.17919926316,           1.00031758930203,                  -0.0024839386751026
         238,3058.17830465789,            1.0003653168858,                 -0.00266007441114819
         239,3058.17741005263,           1.00058847719119,                 -0.00265878249032203
         240,3058.17651544736,           1.00081319393878,                 -0.00248033009650256
         241,3058.17562084211,           1.00085884029997,                 -0.00194788521643661
         242,3058.17472623684,           1.00037522920841,                 -0.00159295418663759
         243,3058.17383163158,           1.00059972295984,                 -0.00141527542144248
         244,3058.17293702631,           1.00047035191518,                 -0.00229871236742618
         245,3058.17204242104,           1.00069458313524,                 -0.00265108066884998
         246,3058.17114781579,           1.00109525155455,                 -0.00317976257772753
         247,3058.17025321052,           1.00096582873226,                 -0.00335479815592042
         248,3058.16935860526,           1.00119126406353,                 -0.00335318773439223
         249,3058.16846399999,           1.00088552085208,                 -0.00299877579388179
         250,3058.16756939474,           1.00093446409366,                 -0.00246839571909657
         251,3058.16667478947,           1.00080713094907,                 -0.00229098304320089
         252,3058.16578018421,           1.00103220988033,                 -0.00246603043081552
         253,3058.16488557895,           1.00108101256017,                 -0.00281697084083058
         254,3058.16399097368,           1.00130574492572,                 -0.00369550450675573
         255,3058.16309636841,            1.0008284537816,                 -0.00351785045265941
         256,3058.16220176315,           1.00105309238205,                    -0.00263712616539
         257,3058.16130715789,           1.00075210166728,                 -0.00193297157477437
         258,3058.16041255263,           1.00115220323741,                  -0.0012294851618705
         259,3058.15951794737,           1.00137812382048,                -0.000175557174582832
         260, 3058.1586233421,           1.00142835584661,                  0.00087736845614737
         261,3058.15772873684,           1.00130314983417,                  0.00157851258513006
         262,3058.15683413158,           1.00117981792587,                   0.0012271508887202
         263,3058.15593952632,           1.00123007264788,                 0.000876120119572874
         264,3058.15504492105,           1.00128203331886,                                    0
         265,3058.15415031579,           1.00133219195468,                 -0.00070023230206621
         266,3058.15325571052,           1.00138405519423,                 -0.00122482760551452
         267,3058.15236110525,           1.00143586945306,                 -0.00139914197618311
         268,    3058.1514665,           1.00131282460069,                 -0.00192291219808093
         269,3058.15057189473,           1.00119164520424,                  -0.0020967364297471
         270,3058.14967728948,            1.0012434769852,                 -0.00209574772786017
         271,3058.14878268421,           1.00094788053563,                 -0.00226932724920879
         272,3058.14788807894,           1.00152322260162,                 -0.00191929537432367
         273,3058.14699347368,           1.00175097140545,                 -0.00174399542375601
         274,3058.14609886842,           1.00145555332816,                 -0.00104590658311035
         275,3058.14520426316,           1.00133464823481,                                    0
         276,3058.14430965789,            1.0012138564236,                                    0
         277,3058.14341505263,           1.00109492037022,                 -0.00017407319081381
         278,3058.14252044736,           1.00132233705676,                 -0.00052197515398267
         279, 3058.1416258421,           1.00155128276476,                 -0.00139128499081752
         280,3058.14073123684,           1.00125852634214,                 -0.00225978486848052
         281,3058.13983663157,           1.00148728854788,                 -0.00312747591843543
         282,3058.13894202631,           1.00119483442512,                 -0.00347335588699089
         283,3058.13804742105,           1.00125156445557,                  -0.0036453333657363
         284,3058.13715281578,           1.00078598483205,                 -0.00294961195252166
         285,3058.13625821052,           1.00136313027433,                 -0.00242796740974031
         286,3058.13536360526,           1.00193974147181,                 -0.00173345976033185
         287,     3058.134469,           1.00147622446929,                -0.000693063131120614
         288,3058.13357439473,           1.00170587878735,                  0.00017318566369076
         289,3058.13267978947,           1.00141600396066,                 0.000346211237324341
         290,3058.13178518421,           1.00112812917425,                 0.000346051893942016
         291,3058.13089057894,           1.00118468043894,                  0.00155651444531878
         292,3058.12999597369,           1.00141577683623,                  0.00224726481941498
         293,3058.12910136842,           1.00147387373066,                  0.00328295438248492
         294,3058.12820676315,           1.00170462493934,                  0.00397227696096633
         295,3058.12731215789,           1.00158990745392,                  0.00431570970119752
         296,3058.12641755262,           1.00130447386221,                  0.00362353850613586
         297,3058.12552294737,           1.00136424236257,                  0.00293200002069647
         298, 3058.1246283421,           1.00142222988407,                  0.00206869801318795
         299,3058.12373373684,           1.00182651549092,                  0.00103387669297308
         300,3058.12283913157,           1.00154149550899,                 0.000344468270166464
         301,3058.12194452632,           1.00143061516452,                -0.000516467568419041
         302,3058.12104992105,           1.00149018987015,                 -0.00086038676105683
         303,3058.12015531578,           1.00155143292547,                 -0.00171999215683576
         304,3058.11926071053,            1.0014406992377,                 -0.00154729035075353
         305,3058.11836610526,           1.00150190917746,                 -0.00103105893189168
         306,    3058.1174715,           1.00173482883595,                -0.000343530462563768
         307,3058.11657689473,           1.00196753735059,                 0.000515062133662057
         308,3058.11568228947,           1.00168692521413,                    0.001201269226743
         309,3058.11478768421,           1.00174963120519,                  0.00222992212425812
         310,3058.11389307894,           1.00163910816056,                  0.00308618691319585
         311,3058.11299847368,           1.00153211792167,                  0.00274204549738992
         312,3058.11210386842,            1.0017661095399,                  0.00291211078354623
         313,3058.11120926315,           1.00217111391157,                  0.00205468193523643
         314,3058.11031465789,           1.00172173597538,                  0.00154032045511335
         315,3058.10942005263,           1.00178597089073,                  0.00102642005214214
         316,3058.10852544737,           1.00167915488237,                                    0
         317, 3058.1076308421,           1.00174335133657,                -0.000854583988514391
         318,3058.10673623684,           1.00214917091205,                 -0.00136672236060286
         319,3058.10584163158,           1.00187328275299,                 -0.00153687737255444
         320,3058.10494702631,           1.00228039271913,                 -0.00153619270001229
         321,3058.10405242105,           1.00183237051419,                 -0.00153550601747747
         322,3058.10315781579,           1.00207030863629,                 -0.00102321678894107
         323,3058.10226321053,           1.00196540679489,                -0.000170460259747344
         324,3058.10136860526,           1.00203098270939,                                    0
         325,     3058.100474,           1.00192789797809,                 0.000681236034661289
         326,3058.09957939473,           1.00233560538483,                 0.000170233628631934
         327,3058.09868478947,           1.00206231878139,                 0.000680633261186208
         328,3058.09779018421,           1.00195935694993,                  0.00085041534285345
         329,3058.09689557895,           1.00168818120152,                 0.000850040886966663
         330,3058.09600097368,           1.00192534160794,                  0.00050979919009902
         331,3058.09510636842,           1.00199413649134,                                    0
         332,3058.09421176315,           1.00189308726029,                -0.000169783610788051
         333,3058.09331715789,           1.00230295480812,                -0.000169709271047768
         334,3058.09242255263,           1.00203222380925,                -0.000508904125855383
         335,3058.09152794737,           1.00210255018991,                 -0.00016956049918611
         336, 3058.0906333421,           1.00183384235735,                 0.000169486354653587
         337,3058.08973873684,           1.00224301852015,                 0.000338824549871585
         338,3058.08884413158,           1.00197448411099,                 0.000508014779843328
         339,3058.08794952631,           1.00238324147923,                 0.000338528619209468
         340,3058.08705492105,           1.00262414791329,                 0.000338381420152982
         341,3058.08616031579,           1.00235749341289,                -0.000169117174525542
         342,3058.08526571052,           1.00209107060448,                -0.000338087405737005
         343,3058.08437110526,           1.00199384948126,                 -0.00135176236017708
         344,    3058.0834765,           1.00223450666045,                 -0.00118227865632342
         345,3058.08258189473,           1.00230782347092,                 -0.00135059164355185
         346,3058.08168728947,           1.00221232591223,                -0.000506253069159232
         347,3058.08079268421,           1.00228558898194,                  0.00016867815364893
         348,3058.07989807895,           1.00219018345948,                  0.00118023743004986
         349,3058.07900347368,            1.0020965491206,                  0.00134826310006135
         350,3058.07810886842,            1.0020013072512,                  0.00303228371394109
         351,3058.07721426315,           1.00224461032521,                  0.00370453316988484
         352,3058.07631965789,           1.00215107334857,                  0.00403957436351456
         353,3058.07542505263,           1.00239578987039,                  0.00420609176682773
         354,3058.07453044737,           1.00230226812931,                  0.00403611651595695
         355, 3058.0736358421,           1.00237861099204,                  0.00319389461828757
         356,3058.07274123684,           1.00195080476998,                  0.00218436365286093
         357,3058.07184663158,           1.00219518872409,                  0.00134365032843853
         358,3058.07095202631,           1.00210359491444,                   0.0015109620295242
         359,3058.07005742105,           1.00234938748112,                  0.00184594730659507
         360,3058.06916281579,           1.00242554776115,                  0.00251612838293461
         361,3058.06826821053,           1.00250332407232,                  0.00268273175868157
         362,3058.06737360526,            1.0022475149122,                  0.00234639886434295
         363,     3058.066479,           1.00215777199989,                  0.00217787546573029
         364,3058.06558439474,           1.00240302094061,                  0.00100474743161438
         365,3058.06468978947,           1.00231496592832,                                    0
         366,3058.06379518421,           1.00256161855475,                -0.000669266768060582
         367,3058.06290057895,           1.00264249397913,                 -0.00167246454375167
         368,3058.06200597368,           1.00272162521816,                 -0.00284199193542994
         369,3058.06111136842,           1.00246815379756,                 -0.00401054103869671
         370,3058.06021676316,           1.00238025639955,                 -0.00450995949388232
         371,3058.05932215789,           1.00246107198552,                 -0.00500896604922812
         372,3058.05842755263,           1.00271038893414,                 -0.00534066785051471
         373,3058.05753294737,           1.00295782472261,                 -0.00483795357900128
         374, 3058.0566383421,           1.00287321341322,                 -0.00416891093038419
         375,3058.05574373684,           1.00262198567492,                 -0.00416717367279686
         376,3058.05484913157,           1.00253758474583,                 -0.00399882034799734
         377,3058.05395452632,           1.00278635038065,                 -0.00416370349767749
         378,3058.05305992105,            1.0030365787879,                 -0.00466141480598526
         379,3058.05216531578,           1.00312018970753,                 -0.00515871364978991
         380,3058.05127071052,           1.00320373136563,                 -0.00632096531120774
         381,3058.05037610526,           1.00295465919993,                 -0.00731598226206846
         382,    3058.0494815,            1.0030382002154,                 -0.00880878618250475
         383,3058.04858689474,           1.00279106858054,                 -0.00930356193514088
         384,3058.04769228947,           1.00287627373092,                 -0.00979793014574006
         385,3058.04679768421,           1.00296140872752,                  -0.0089639053411596
         386,3058.04590307895,           1.00288054371922,                 -0.00763277713618202
         387,3058.04500847368,           1.00313313241921,                 -0.00547344467093817
         388,3058.04411386842,           1.00305226316775,                 -0.00348166901264841
         389,3058.04321926316,           1.00297312257419,                 -0.00149153306397351
         390,3058.04232465789,           1.00306136648268,                 0.000165658359452135
         391,3058.04143005263,           1.00281669616939,                  0.00132472482981426
         392,3058.04053544737,           1.00307045494045,                   0.0013241854190633
         393, 3058.0396408421,           1.00282598048948,                 0.000992733193027042
         394,3058.03874623684,           1.00275041057692,                -0.000165388489291922
         395,3058.03785163158,           1.00300388670206,                -0.000661284909643683
         396,3058.03695702631,           1.00259614065761,                 -0.00165254020217177
         397,3058.03606242105,           1.00252075576421,                 -0.00247780710767228
         398,3058.03516781579,           1.00261055217885,                 -0.00313728598343183
         399,3058.03427321052,           1.00270027596952,                 -0.00396128504086726
         400,3058.03337860526,           1.00279158169831,                 -0.00478462584225914
         401,     3058.032484,           1.00288115998437,                 -0.00511253345823308
         402,3058.03158939473,             1.002642611157,                 -0.00511047697235562
         403,3058.03069478947,            1.0025690419731,                 -0.00494363432925593
         404,3058.02980018421,           1.00233081034781,                 -0.00428276106311307
         405,3058.02890557895,           1.00258838716476,                 -0.00279914642499605
         406,3058.02801097368,           1.00268116812685,                 -0.00115212872240446
         407,3058.02711636842,           1.00293839891809,                -0.000493572046711658
         408,3058.02622176315,           1.00270204931446,                 0.000657833064992262
         409,3058.02532715789,           1.00246588854184,                  0.00115074798619102
         410,3058.02443255263,           1.00256021770067,                  0.00164327195164837
         411,3058.02353794737,           1.00249020999238,                  0.00147835685563353
         412,3058.02264334211,           1.00258445452247,                  0.00131357281955122
         413,3058.02174873684,            1.0025144928012,                 0.000820656919450882
         414,3058.02085413158,           1.00260865285229,                 0.000820331085626159
         415,3058.01995952631,           1.00237637986654,                                    0
         416,3058.01906492105,           1.00230822699314,                -0.000491809728652179
         417,3058.01817031579,           1.00207625611856,                -0.000491615497686949
         418,3058.01727571052,           1.00217372430886,                 -0.00016380740835385
         419,3058.01638110526,           1.00227111589241,                -0.000654972139122632
         420,    3058.0154865,           1.00253046874233,                -0.000818392219381492
         421,3058.01459189473,           1.00246566960027,                 -0.00147252995371348
         422,3058.01369728947,           1.00223573147017,                 -0.00212615282459403
         423,3058.01280268421,           1.00200597378011,                 -0.00277926277602575
         424,3058.01190807895,           1.00194145563414,                 -0.00375871040280302
         425,3058.01101347368,            1.0022037046415,                 -0.00457403483780962
         426,3058.01011886842,           1.00213915968582,                 -0.00457224971015203
         427,3058.00922426315,           1.00207630078939,                 -0.00310139268854835
         428,3058.00832965789,           1.00185032290909,                 -0.00130534244027242
         429,3058.00743505263,           1.00178762493802,                 0.000815522325739189
         430,3058.00654044737,           1.00172497562534,                  0.00244561761627281
         431,3058.00564584211,           1.00166237491444,                  0.00374849245412171
         432,3058.00475123684,           1.00176436951078,                  0.00390996013469813
         433,3058.00385663157,           1.00202913750256,                  0.00358274679425588
         434,3058.00296202632,           1.00180533330295,                  0.00325578593858611
         435,3058.00206742105,           1.00158170172881,                  0.00244089772963966
         436,3058.00117281579,           1.00152090636259,                  0.00146397403886038
         437,3058.00027821052,             1.001461786241,                 0.000487804084871407
         438,3057.99938360526,           1.00124017248638,                -0.000325077978079992
         439,     3057.998489,           1.00150615867796,                -0.000974859985734549
         440,3057.99759439474,           1.00161115333892,                 -0.00129931720880677
         441,3057.99669978947,           1.00155208915096,                 -0.00178587663813593
         442,3057.99580518421,            1.0014946955349,                  -0.0022720670454527
         443,3057.99491057895,            1.0011128884159,                 -0.00275788674494739
         444,3057.99401597368,           1.00089516223194,                 -0.00243250606504846
         445,3057.99312136842,           1.00116229495707,                 -0.00194526352647098
         446,3057.99222676316,            1.0012688031605,                -0.000810219131866405
         447,3057.99133215789,           1.00153721302792,                 0.000323964810942235
         448,3057.99043755263,           1.00115773537246,                  0.00145728928001814
         449,3057.98954294737,           1.00110388496289,                  0.00178045961755727
         450, 3057.9886483421,           1.00104845546977,                   0.0016179868360591
         451,3057.98775373684,           1.00083294920627,                  0.00145563938960188
         452,3057.98685913158,            1.0011026356549,                  0.00129341425795207
         453,3057.98596452632,           1.00121212121212,                  0.00096969696969697
         454,3057.98506992105,           1.00115835168333,                 0.000969331952573819
         455,3057.98417531579,           1.00126773414727,                  0.00129195836664163
         456,3057.98328071052,           1.00089273174299,                  0.00145290880414305
         457,3057.98238610526,           1.00068099884133,                  0.00145236719715723
         458,    3057.9814915,           1.00095175106064,                  0.00145182365182043
         459,3057.98059689473,             1.001062661556,                  0.00209629745493364
         460,3057.97970228947,            1.0010122958483,                  0.00225671048983513
         461,3057.97880768421,            1.0009619676347,                  0.00273927132160173
         462,3057.97791307895,           1.00075060322083,                  0.00273825209315211
         463,3057.97701847368,           1.00070202104775,                  0.00209318202310873
         464,3057.97612386842,           1.00049252044926,                  0.00193145274218003
         465,3057.97522926316,           1.00076585940366,                  0.00128715866161242
         466,3057.97433465789,           1.00087816081601,                 0.000482505942864863
         467,3057.97344005263,           1.00099198852702,                                    0
         468,3057.97254544737,           1.00110573245132,                -0.000321433852127571
         469, 3057.9716508421,           1.00057515399025,                -0.000642630156705364
         470,3057.97075623684,           1.00052997574959,                -0.000963592271989979
         471,3057.96986163158,           1.00080430374748,                -0.000963238020931162
         472,3057.96896702631,           1.00075907479535,                -0.000641923716995091
         473,3057.96807242105,           1.00103472339197,                -0.000160422231312815
         474,3057.96717781579,           1.00082907968947,                                    0
         475,3057.96628321052,           1.00046328134643,                 0.000480914892491476
         476,3057.96538860526,           1.00058009287896,                   0.0011217265615235
         477,     3057.964494,           1.00069681945968,                 0.000961130289220123
         478,3057.96359939473,           1.00097359133504,                    0.001281041230312
         479,3057.96270478947,            1.0007699461678,                  0.00160071968356973
         480,3057.96181018421,           1.00072646276638,                  0.00208017972752846
         481,3057.96091557895,           1.00100452355512,                  0.00271925166194263
         482,3057.96002097369,           1.00048289249406,                  0.00303806535997877
         483,3057.95912636842,           1.00060099996164,                  0.00303696789125737
         484,3057.95823176316,           1.00055923943437,                  0.00335543660621555
         485, 3057.9573371579,           1.00083855768079,                  0.00383340654074991
         486,3057.95644255263,           1.00095800734472,                  0.00399169726967907
         487,3057.95554794737,           1.00107737121424,                  0.00414987430669167
         488,3057.95465334211,           1.00087754287994,                  0.00478659752692461
         489,3057.95375873684,           1.00067945401245,                   0.0046253911645459
         490,3057.95286413158,           1.00063935050917,                  0.00414541477266386
         491,3057.95196952632,           1.00091963475996,                  0.00318764214891708
         492,3057.95107492105,           1.00072333767761,                  0.00207123123544163
         493,3057.95018031579,           1.00116266106041,                 0.000637074553649641
         494,3057.94928571052,           1.00112562948481,                 0.000477636273609163
         495,3057.94839110526,            1.0007687202479,                 0.000318310661656457
         496,    3057.9474965,           1.00089095363859,                 0.000636395456136443
         497,3057.94660189474,           1.00069660698325,                 0.000318085380477828
         498,3057.94570728947,           1.00097776576548,                -0.000158986303329968
         499,3057.94481268421,           1.00094245613924,                -0.000476790626931995
         500,3057.94391807894,           1.00138379388303,                 -0.00142986738774349
         501,3057.94302347368,           1.00118954786064,                 -0.00158818138937284
         502,3057.94212886842,           1.00115420092622,                 -0.00158762163166226
         503,3057.94123426316,           1.00096176126102,                 -0.00142835830844287
         504,3057.94033965789,           1.00124540904151,                 -0.00126920666650802
         505,3057.93944505263,           1.00121166753365,                -0.000792976134590253
         506,3057.93855044736,           1.00133648932949,                -0.000317079318977039
         507, 3057.9376558421,           1.00130432646515,                  0.00015848438215656
         508,3057.93676123684,           1.00111217082437,                 0.000158428892360242
         509,3057.93586663158,             1.001080108581,                 0.000158373692229236
         510,3057.93497202632,           1.00073301595695,                 -0.00031663756239739
         511,3057.93407742105,           1.00085937166163,                -0.000474790973274016
         512,3057.93318281579,           1.00098722305546,                 0.000316417645979281
         513,3057.93228821052,           1.00142971013576,                -0.000158153776079558
         514,3057.93139360526,           1.00108297826929,                                    0
         515,     3057.930499,           1.00105415712473,                -0.000316089092871717
         516,3057.92960439474,           1.00102377431464,                 -0.00110592904359256
         517,3057.92870978947,           1.00115292891325,                 -0.00189522561081542
         518,3057.92781518421,           1.00128199460678,                 -0.00268397885656185
         519,3057.92692057895,           1.00141097148701,                 -0.00331436255338491
         520,3057.92602597368,           1.00153985964558,                 -0.00378654011208159
         521,3057.92513136842,           1.00119708346937,                 -0.00331208865041851
         522,3057.92423676316,            1.0011698709358,                 -0.00268029729226908
         523,3057.92334215789,           1.00114267701643,                 -0.00173371685251586
         524,3057.92244755263,           1.00111550169216,                 -0.00141801062562629
         525,3057.92155294737,            1.0014033507164,                 -0.00126002308992312
         526, 3057.9206583421,           1.00153513087975,                 -0.00188939185199764
         527,3057.91976373684,           1.00135202985483,                 -0.00236093688271338
         528,3057.91886913158,           1.00116905328712,                 -0.00251747679594434
         529,3057.91797452631,           1.00130077873707,                 -0.00267391034221334
         530,3057.91707992105,           1.00096228230721,                 -0.00314471342226583
         531,3057.91618531579,           1.00140992733451,                 -0.00314365069010992
         532,3057.91529071053,           1.00138588160611,                 -0.00345684754359556
         533,3057.91439610526,           1.00151892848784,                 -0.00329860374815632
         534,    3057.9135015,           1.00118081551642,                   -0.002512373439188
         535,3057.91260689474,           1.00131541357042,                 -0.00219758830380716
         536,3057.91171228947,           1.00097916758202,                 -0.00141226093560718
         537,3057.91081768421,           1.00095687775495,                 -0.00109805644010102
         538,3057.90992307895,           1.00124822801801,                 -0.00125450052061772
         539,3057.90902847368,           1.00138262284494,                 -0.00156759959744042
         540,3057.90813386842,            1.0012050817152,                 -0.00203719925845947
         541,3057.90723926316,           1.00118431441355,                 -0.00266314087701929
         542,3057.90634465789,            1.0013201640574,                 -0.00250564945650897
         543,3057.90545005263,            1.0011428213598,                 -0.00234826306808397
         544,3057.90455544737,            1.0012801612565,                  -0.0014084903800107
         545, 3057.9036608421,           1.00125939658477,                 -0.00125157424573096
         546,3057.90276623684,           1.00139660654325,                -0.000312789819316961
         547,3057.90187163158,           1.00122260474221,                                    0
         548,3057.90097702631,           1.00104715315006,                 0.000937749089601925
         549,3057.90008242105,           1.00071714155812,                  0.00124991992700468
         550,3057.89918781579,           1.00069816150803,                   0.0014056943114675
         551,3057.89829321052,           1.00099303005321,                 0.000936820804916436
         552,3057.89739860526,           1.00097709599578,                 0.000936513733973909
         553,     3057.896504,           1.00111564477246,                  0.00093620540346552
         554,3057.89560939474,           1.00109968101451,                 0.000935898735756791
         555,3057.89471478947,           1.00108216670357,                  0.00140338621500501
         556,3057.89382018421,           1.00059858210863,                  0.00171468833201354
         557,3057.89292557894,           1.00074019245004,                  0.00171412988429623
         558,3057.89203097368,            1.0008801514172,                 0.000934674071362365
         559,3057.89113636842,           1.00102157771466,                                    0
         560,3057.89024176316,           1.00085155669858,                 -0.00108974348995023
         561,3057.88934715789,           1.00083727329036,                 -0.00155627005643035
         562,3057.88845255263,           1.00066742276798,                 -0.00202249323631589
         563,3057.88755794737,           1.00065476477459,                 -0.00233289112086087
         564, 3057.8866633421,           1.00064055921441,                   -0.002332133062184
         565,3057.88576873684,           1.00078334338417,                 -0.00217595384491044
         566,3057.88487413158,           1.00092603526392,                 -0.00233062566422831
         567,3057.88397952631,           1.00075953967857,                 -0.00201922613934835
         568,3057.88308492105,           1.00074687237488,                 -0.00124219937610536
         569,3057.88219031579,           1.00027009155172,                -0.000776125148627966
         570,3057.88129571052,           1.00041431770254,                -0.000155175169490079
         571,3057.88040110526,           1.00040332588732,                 0.000155125341275751
         572,    3057.8795065,           1.00054741667403,                                    0
         573,3057.87861189474,           1.00053794029328,                -0.000310052042235289
         574,3057.87771728948,           1.00068189566996,                 -0.00061990515451136
         575,3057.87682268421,            1.0002076019496,                 -0.00170419510865018
         576,3057.87592807894,           1.00004336567173,                 -0.00294267058196731
         577,3057.87503347368,           1.00019043873679,                 -0.00402553427355363
         578,3057.87413886842,           1.00018109128394,                 -0.00448858737964008
         579,3057.87324426316,           1.00063748669324,                 -0.00402297427772139
         580, 3057.8723496579,           1.00001082765011,                 -0.00293893360020913
         581,3057.87145505263,           1.00000309263366,                 -0.00123705346235801
         582,3057.87056044737,          0.999995362519574,                 0.000309165361731202
         583, 3057.8696658421,          0.999834648674794,                  0.00185440738548648
         584,3057.86877123684,          0.999828521375351,                  0.00293521970119463
         585,3057.86787663158,          0.999822397936727,                  0.00386091441897099
         586,3057.86698202631,          0.999816278355275,                  0.00447725016558106
         587,3057.86608742105,          0.999810162627349,                  0.00463017982075031
         588,3057.86519281579,          0.999805593356847,                  0.00432014762561601
         589,3057.86429821052,          0.999490999953727,                  0.00416454583314053
         590,3057.86340360526,          0.999486533453194,                  0.00323807732220257
         591,     3057.862509,          0.999482069747941,                  0.00262048044196715
         592,3057.86161439474,          0.999941442788063,                  0.00169507718765121
         593,3057.86071978947,          0.999782789871538,                  0.00107834815548548
         594,3057.85982518421,          0.999471773777495,                  0.00107801269898959
         595,3057.85893057895,          0.999314905048919,                 0.000307907843182535
         596,3057.85803597368,          0.999312039917075,                -0.000461718176459453
         597,3057.85714136842,          0.999463034791961,                  -0.0013847240321933
         598,3057.85624676316,          0.999307852034146,                -0.000922863954472045
         599,3057.85535215789,          0.999458754643639,                                    0
         600,3057.85445755263,          0.999611100094842,                  0.00107600764272857
         601,3057.85356294737,          0.999302347738162,                  0.00261235428441469
         602, 3057.8526683421,          0.999147406502754,                  0.00368689079890315
         603,3057.85177373684,          0.999147668373889,                  0.00414647818107824
         604,3057.85087913158,          0.999299922008855,                  0.00383814688127537
         605,3057.84998452631,          0.999146658153712,                  0.00353001123464445
         606,3057.84908992105,          0.999300351665347,                  0.00322206469905916
         607,3057.84819531579,          0.999147181711649,                  0.00260753793200768
         608,3057.84730071053,          0.999148975320284,                  0.00230006670193436
         609,3057.84640610526,           0.99914923622874,                  0.00229936154394463
         610,    3057.8455115,          0.999151028114148,                   0.0026051483861872
         611,3057.84461689474,          0.999306016211339,                  0.00260435417378396
         612,3057.84372228947,           0.99915460860829,                  0.00290986167436504
         613,3057.84282768421,          0.999615709077993,                  0.00306207905981925
         614,3057.84193307895,          0.999618886689962,                  0.00367338130157083
         615,3057.84103847368,          0.999316040009364,                  0.00413130195686003
         616,3057.84014386842,          0.999164813245511,                  0.00428300899737819
         617,3057.83924926316,          0.999473961073119,                  0.00412879390284183
         618,3057.83835465789,            0.9996315779014,                  0.00366893376198709
         619,3057.83746005263,          0.999329093940603,                  0.00351499757770819
         620,3057.83656544737,          0.999639439236345,                  0.00320837967659533
         621, 3057.8356708421,          0.999338661714012,                   0.0024437442438368
         622,3057.83477623684,          0.999341915407883,                 0.000916127042390725
         623,3057.83388163158,          0.999348217979109,                 0.000457926478377475
         624,3057.83298702631,          0.999352991802528,                 0.000305192545977257
         625,3057.83209242105,          0.999511837930193,                 0.000305101293629485
         626,3057.83119781579,          0.999821569366053,                 0.000762524076697722
         627,3057.83030321053,          0.999827721054469,                 0.000762296219163212
         628,3057.82940860526,          0.999681455367934,                 0.000609654798211882
         629,     3057.828514,            0.9998400134084,                 0.000761840912380677
         630,3057.82761939474,            0.9996953541508,                 0.000456968773800457
         631,3057.82672478947,          0.999855336191078,                -0.000304555387204105
         632,3057.82583018421,          0.999861468645483,                -0.000456696773132833
         633,3057.82493557895,           1.00002130619127,                -0.000304374161068719
         634,3057.82404097368,          0.999878286270691,                 0.000152142161635833
         635,3057.82314636842,          0.999885927221567,                  0.00091258222746112
         636,3057.82225176316,           0.99989356364134,                  0.00152051940943026
         637,3057.82135715789,          0.999902715454866,                  0.00152007101771795
         638,3057.82046255263,           1.00021578645043,                  0.00121569831230682
         639,3057.81956794737,           1.00037675540674,                  0.00151917502719323
         640,3057.81867334211,           1.00053762950948,                  0.00136685468512224
         641,3057.81777873684,             1.000244443466,                 0.000910969438493621
         642,3057.81688413158,            1.0004052620315,                 0.000303567064794872
         643,3057.81598952632,           1.00056750416524,                -0.000303478163228765
         644,3057.81509492105,           1.00057795664263,                -0.000910167941154609
         645,3057.81420031579,           1.00058840300146,                 -0.00197145335541361
         646,3057.81330571053,           1.00075044913244,                  -0.0024256941654475
         647,3057.81241110526,           1.00076235569425,                 -0.00272811182833508
         648,    3057.8115165,            1.0007742553285,                 -0.00227276515214648
         649,3057.81062189474,           1.00063315873502,                 -0.00181768057899185
         650,3057.80972728947,           1.00079651833658,                 -0.00166572275710431
         651,3057.80883268421,           1.00080991272623,                 -0.00151385556304073
         652,3057.80793807895,           1.00082178471057,                -0.000908049403941237
         653,3057.80704347368,           1.00098494740139,                 0.000302595207799694
         654,3057.80614886842,            1.0009982757056,                 0.000605015579151163
         655,3057.80525426316,           1.00086038610015,                 0.000604840843692493
         656,3057.80435965789,           1.00072257611992,                 0.000755832761419877
         657,3057.80346505263,           1.00088709153364,                 0.000302245837697008
         658,3057.80257044737,            1.0009019448469,                 0.000453238616534447
         659, 3057.8016758421,           1.00151942171353,                  0.00030207191123919
         660,3057.80078123684,           1.00123209982424,                                    0
         661,3057.79988663158,           1.00139779070575,                -0.000452847960825632
         662,3057.79899202632,           1.00126157449326,                 -0.00120724831890672
         663,3057.79809742105,           1.00127629915487,                 -0.00211207897968482
         664,3057.79720281579,            1.0014433453034,                 -0.00316721539930291
         665,3057.79630821053,           1.00145800947782,                  -0.0040709675182025
         666,3057.79541360526,           1.00147417480879,                   -0.004823475856996
         667,     3057.794519,           1.00164102162261,                 -0.00482210210499826
         668,3057.79362439474,           1.00150647785478,                 -0.00497137692075926
         669,3057.79272978947,            1.0015226155855,                  -0.0045181471379797
         670,3057.79183518421,           1.00138968979655,                 -0.00481799279408953
         671,3057.79094057895,           1.00155637103645,                  -0.0040640249501028
         672,3057.79004597368,           1.00187494169022,                 -0.00346096780698032
         673,3057.78915136842,           1.00159159493458,                 -0.00300868607670344
         674,3057.78825676316,           1.00160919194502,                 -0.00240626832899704
         675,3057.78736215789,           1.00177712826897,                 -0.00210488965867711
         676,3057.78646755263,           1.00179616867452,                 -0.00240491203282705
         677,3057.78557294737,           1.00166342846581,                 -0.00225396811085917
         678, 3057.7846783421,           1.00168249008533,                 -0.00240355726475183
         679,3057.78378373684,           1.00170154099843,                 -0.00270324253942604
         680,3057.78288913158,           1.00187071919094,                 -0.00270248358241224
         681,3057.78199452632,           1.00158951490527,                 -0.00315201256001957
         682,3057.78109992105,           1.00161007882334,                 -0.00360129466543222
         683,3057.78020531579,           1.00162912870117,                 -0.00405031997527805
         684,3057.77931071053,           1.00179964007199,                 -0.00449910017996401
         685,3057.77841610526,           1.00182012815861,                 -0.00524748645398854
         686,    3057.7775215,           1.00184060482155,                 -0.00629522821701151
         687,3057.77662689474,            1.0017112254592,                 -0.00734238594577423
         688,3057.77573228947,            1.0017332216801,                 -0.00793956344385306
         689,3057.77483768421,           1.00145418275977,                 -0.00793735182985912
         690,3057.77394307895,           1.00147623795878,                 -0.00733627383166096
         691,3057.77304847368,           1.00179763777524,                 -0.00703488554839926
         692,3057.77215386842,           1.00152031172376,                 -0.00718257507287321
         693,3057.77125926316,           1.00154233031001,                 -0.00718058728228235
         694,3057.77036465789,           1.00171389089125,                 -0.00732815477062876
         695,3057.76947005263,           1.00143831540672,                 -0.00792419091020546
         696,3057.76857544737,            1.0013108667415,                 -0.00837041476899897
         697, 3057.7676808421,           1.00133441521084,                 -0.00866697449369179
         698,3057.76678623684,           1.00135795073432,                 -0.00851520262447508
         699,3057.76589163158,           1.00153082178994,                 -0.00806481723481313
         700,3057.76499702632,           1.00155429042387,                 -0.00701744956021494
         701,3057.76410242105,           1.00142997453511,                 -0.00626919942323365
         702,3057.76320781579,           1.00115500667039,                  -0.0050736727122959
         703,3057.76231321053,           1.00103086785348,                 -0.00387880813177206
         704,3057.76141860526,           1.00135422943152,                 -0.00268459578936065
         705,     3057.760524,            1.0012301039997,                 -0.00134193163603832
         706,3057.75962939474,           1.00125510912891,                 0.000149062841912894
         707,3057.75873478947,           1.00113257033858,                 0.000745112064854554
         708,3057.75784018421,           1.00085962489366,                 0.000744908919986353
         709,3057.75694557895,           1.00058831852608,                 0.000446824197019683
         710,3057.75605097368,           1.00061347135446,                -0.000148900814189652
         711,3057.75515636842,           1.00064010003424,                                    0
         712,3057.75426176316,           1.00096435459676,                -0.000297640307641022
         713,3057.75336715789,           1.00084358304086,                -0.000595120311009875
         714,3057.75247255263,           1.00087012784186,                -0.000892438812163941
         715,3057.75157794737,           1.00060074706764,                -0.000743498846089791
         716,3057.75068334211,           1.00062734324595,                 -0.00118927629564219
         717,3057.74978873684,           1.00050679265641,                 -0.00104033683134208
         718,3057.74889413158,           1.00068346606442,                 -0.00133721621300368
         719,3057.74799952632,           1.00071150484016,                -0.000891237795612436
         720,3057.74710492105,           1.00074101464061,                -0.000445499783932605
         721,3057.74621031579,           1.00032364285269,                 0.000296920048338584
         722,3057.74531571053,           1.00020482009968,                  0.00118736289669052
         723,3057.74442110526,            1.0002329573866,                   0.0023740880163456
         724,    3057.7435265,            1.0002625633601,                  0.00311515850964883
         725,3057.74263189474,           1.00044045481037,                  0.00311432694204238
         726,3057.74173728947,           1.00032172790122,                  0.00266871070138165
         727,3057.74084268421,            1.0002045468694,                  0.00192689079865177
         728,3057.73994807895,           1.00038231171148,                   0.0013336455051701
         729,3057.73905347368,             1.000117033396,                  0.00118514831390431
         730,3057.73815886842,          0.999998518959539,                  0.00133293641448991
         731,3057.73726426316,           1.00032574254494,                  0.00192484231099529
         732,3057.73636965789,           1.00035674160214,                  0.00236840897686212
         733,3057.73547505263,           1.00023973788658,                   0.0035516723937384
         734,3057.73458044737,           1.00027222317566,                   0.0047343160984501
         735, 3057.7336858421,           1.00015530361857,                  0.00502887907764441
         736,3057.73279123684,           1.00003992470496,                  0.00487968616224513
         737,3057.73189663158,           1.00021878862063,                  0.00428707432308575
         738,3057.73100202632,           1.00010345388174,                  0.00354699023099774
         739,3057.73010742105,           1.00043143698065,                  0.00295504781267361
         740,3057.72921281579,           1.00046382052214,                    0.002658843757478
         741,3057.72831821053,           1.00049618703889,                  0.00236279542326526
         742,3057.72742360526,           1.00008710531328,                  0.00206690573876378
         743,     3057.726529,           1.00011955384277,                   0.0013283760307829
         744,3057.72565691111,           1.00030101992634,                 0.000885352724525451
         745,3057.72478482222,           1.00048239124438,                   0.0007376012910973
         746,3057.72391273333,           1.00036870437283,                 0.000147481749133545
         747,3057.72304064444,            1.0004025201002,                -0.000442329780442241
         748,3057.72216855556,           1.00043631818209,                -0.000884428747472008
         749,3057.72129646667,           1.00017536594747,                 -0.00103156439688114
         750,3057.72042437778,           1.00035800735757,                 -0.00132595317617351
         751,3057.71955228889,           1.00024450093824,                 -0.00206205610560084
         752,    3057.7186802,           1.00072153259413,                 -0.00250327634698355
         753,3057.71780811111,           1.00075667686365,                 -0.00323869474713155
         754,3057.71693602222,            1.0006446276613,                 -0.00382655689354224
         755,3057.71606393333,           1.00038549933935,                 -0.00397270311548207
         756,3057.71519184444,           1.00071490142892,                 -0.00397167460511257
         757,3057.71431975556,           1.00075001102957,                 -0.00367652465477434
         758,3057.71344766667,           1.00049252754846,                 -0.00323450927348511
         759,3057.71257557778,           1.00052767656219,                 -0.00220477672226134
         760,3057.71170348889,           1.00056427769516,                 -0.00146947316448107
         761,    3057.7108314,           1.00045395047092,                 -0.00058763815005634
         762,3057.70995931111,           1.00049055173852,                 -0.00029374355600074
         763,3057.70908722222,           1.00052713419603,                -0.000146834037891992
         764,3057.70821513333,           1.00041690154077,                -0.000880777903043969
         765,3057.70734304444,           1.00074847003918,                 -0.00102731181848868
         766,3057.70647095556,           1.00063823699867,                 -0.00132049034208036
         767,3057.70559886667,           1.00052952816254,                 -0.00146683701533871
         768,3057.70472677778,           1.00056605378391,                -0.000879876348043888
         769,3057.70385468889,            1.0006040276328,                -0.000586434594949625
         770,    3057.7029826,           1.00049541085389,                -0.000439713775646306
         771,3057.70211051111,           1.00053338335023,                -0.000439601662280419
         772,3057.70123842222,           1.00086579579232,                 -0.00073248374984801
         773,3057.70036633333,             1.000757195185,                 -0.00175751300193473
         774,3057.69949424444,           1.00079507201771,                 -0.00219633154063872
         775,3057.69862215556,           1.00054162458097,                 -0.00263493039392209
         776,3057.69775006667,           1.00072734936039,                 -0.00321965511639785
         777,3057.69687797778,           1.00076520497398,                 -0.00321883545459467
         778,3057.69600588889,           1.00080450522928,                 -0.00307174723908433
         779,    3057.6951338,           1.00099002227185,                 -0.00248602343003964
         780,3057.69426171111,           1.00103070928881,                 -0.00160819889034277
         781,3057.69338962222,           1.00063142386081,                -0.000438488792226471
         782,3057.69251753333,           1.00096297021514,                 0.000292251962106611
         783,3057.69164544444,           1.00071145471306,                  0.00116871410769408
         784,3057.69077335556,           1.00060465673316,                  0.00204473291406572
         785,3057.68990126667,           1.00093742060398,                  0.00335836041924019
         786,3057.68902917778,           1.00068610133863,                  0.00408741223012131
         787,3057.68815708889,           1.00087273533936,                  0.00452421329768448
         788,     3057.687285,           1.00076746418744,                  0.00481488938885922
         789,3057.68641291111,           1.00080811499155,                  0.00393846656533624
         790,3057.68554082222,           1.00070291285922,                  0.00277081832473407
         791,3057.68466873333,           1.00089081469451,                  0.00131216567112171
         792,3057.68379664444,           1.00107716369244,                -0.000728798168092925
         793,3057.68292455556,           1.00097343172571,                 -0.00189440305902377
         794,3057.68205246667,           1.00086829330831,                 -0.00276804913724279
         795,3057.68118037778,           1.00091031569748,                 -0.00276735972035102
         796,3057.68030828889,           1.00080670291491,                 -0.00232982791308577
         797,    3057.6794362,           1.00099429770991,                 -0.00276598191630139
         798,3057.67856411111,           1.00118179912908,                 -0.00334746058729013
         799,3057.67769202222,           1.00107965276505,                 -0.00363764408708229
         800,3057.67681993333,           1.00112157037309,                 -0.00421861748631495
         801,3057.67594784444,           1.00116346713205,                 -0.00421756835369401
         802,3057.67507575556,           1.00077060645274,                 -0.00407112842956221
         803,3057.67420366667,           1.00081402447888,                 -0.00348867633805274
         804,3057.67333157778,           1.00100129194272,                 -0.00261585703469353
         805,3057.67245948889,           1.00104463148046,                 -0.00174347395903708
         806,    3057.6715874,           1.00094269599434,                -0.000726268100416733
         807,3057.67071531111,           1.00098602859919,                -0.000145217761293948
         808,3057.66984322222,           1.00088415789405,                 0.000145181920205113
         809,3057.66897113333,           1.00078379006038,                -0.000145146307477938
         810,3057.66809904444,           1.00097224036103,                -0.000145110501647004
         811,3057.66722695556,           1.00101697521685,                -0.000580299695777884
         812,3057.66635486667,           1.00106023621077,                -0.000580156613277754
         813,3057.66548277778,           1.00139493473387,                 -0.00145003610589904
         814,3057.66461068889,           1.00085966074569,                 -0.00202955319386437
         815,    3057.6637386,           1.00090292864835,                 -0.00217398550966192
         816,3057.66286651111,           1.00094762557488,                 -0.00231835003028345
         817,3057.66199442222,           1.00099230061639,                 -0.00188319825007424
         818,3057.66112233333,           1.00118322971022,                 -0.00144826157921339
         819,3057.66025024444,           1.00108303458182,                 -0.00159269791443448
         820,3057.65937815555,           1.00098288847618,                 -0.00188181887927553
         821,3057.65850606667,           1.00102751125197,                 -0.00202607852501483
         822,3057.65763397778,           1.00078419116902,                 -0.00217027076298039
         823,3057.65676188889,           1.00054098934511,                 -0.00231439292027206
         824,    3057.6558898,           1.00073030173754,                 -0.00260305569816123
         825,3057.65501771111,           1.00077638965797,                 -0.00245784435483754
         826,3057.65414562222,           1.00111154313698,                 -0.00274633544897526
         827,3057.65327353333,           1.00072398948553,                 -0.00289017758696183
         828,3057.65240144444,           1.00077004537922,                   -0.003033949899374
         829,3057.65152935556,           1.00067164017419,                 -0.00303321368990445
         830,3057.65065726667,           1.00057328271502,                 -0.00259926671797812
         831,3057.64978517778,           1.00062078623298,                 -0.00202116447947796
         832,3057.64891308889,           1.00081115643195,                 -0.00115467107751018
         833,     3057.648041,           1.00085713543606,                                    0
         834,3057.64716891111,           1.00061600783643,                  0.00158690543341994
         835,3057.64629682222,           1.00051922577668,                  0.00288458764819569
         836,3057.64542473333,           1.00027685333118,                   0.0036048610830733
         837,3057.64455264444,           1.00018019966122,                  0.00403647241143187
         838,3057.64368055556,           1.00037184258088,                  0.00389137584637425
         839,3057.64280846667,            1.0004193029197,                  0.00288180700826646
         840,3057.64193637778,           1.00061079610934,                  0.00201677960632462
         841,3057.64106428889,           1.00051415510778,                  0.00129618934733986
         842,    3057.6401922,           1.00012958776691,                 0.000719932038415574
         843,3057.63932011111,           1.00003454848015,                  0.00028790400128981
         844,3057.63844802222,           1.00008203291967,                -0.000143917402924114
         845,3057.63757593333,           1.00027481658511,                -0.000143883028852864
         846,3057.63670384444,           1.00032222055997,                                    0
         847,3057.63583175556,           1.00022722631453,                 0.000287628246244294
         848,3057.63495966667,           1.00027461902003,                 0.000143779591637204
         849,3057.63408757778,            1.0001796816042,                  0.00014374528335789
         850,3057.63321548889,            1.0002285004764,                                    0
         851,    3057.6323434,           1.00013361934578,                                    0
         852,3057.63147131111,           1.00061335329006,                -0.000574569826752833
         853,3057.63059922222,           1.00023120922424,                 -0.00129247392433858
         854,3057.62972713333,           1.00027996927517,                 -0.00258433177076977
         855,3057.62885504444,           1.00004162653534,                 -0.00330141487158214
         856,3057.62798295556,          0.999948337915952,                  -0.0034441389365647
         857,3057.62711086667,          0.999997130567775,                 -0.00329984705926238
         858,3057.62623877778,           1.00018933743373,                 -0.00272531154614096
         859,3057.62536668889,          0.999952676841624,                 -0.00143403510231123
         860,    3057.6244946,           1.00014480307499,                 -0.00057347752469896
         861,3057.62362251111,           1.00005160077057,                 0.000286670947619484
         862,3057.62275042222,          0.999958442541081,                 0.000716507912396877
         863,3057.62187833333,          0.999720628371263,                 0.000859605011497217
         864,3057.62100624445,           1.00005729345709,                -0.000143233642718002
         865,3057.62013415556,            0.9998210002506,                -0.000572799198081123
         866,3057.61926206667,          0.999871150624919,                 -0.00100216180618191
         867,3057.61838997778,          0.999635012989244,                 -0.00143132161080934
         868,3057.61751788889,          0.999685183595203,                 -0.00128788529234996
         869,    3057.6166458,          0.999735330514961,                 -0.00114451669206063
         870,3057.61577371111,          0.999499392119002,                -0.000858184938854323
         871,3057.61490162222,           0.99969398582039,                -0.000142997280191731
         872,3057.61402953333,          0.999744095248035,                 0.000285927097168035
         873,3057.61315744444,          0.999794181040644,                  0.00128636849597795
         874,3057.61228535556,          0.999845671955736,                  0.00142896337281083
         875,3057.61141326667,          0.999467122303289,                    0.001857214492559
         876,3057.61054117778,          0.999375836443439,                  0.00214243783716615
         877,3057.60966908889,          0.999568757478916,                  0.00157075090460973
         878,     3057.608797,          0.999477490699049,                  0.00157038314493494
         879,3057.60792491111,          0.999671724019811,                 0.000999100809271655
         880,3057.60705282222,          0.999437780574605,                 0.000713476428165766
         881,3057.60618073333,          0.999487844510164,                 0.000998631874332165
         882,3057.60530864444,          0.999254053853603,                  0.00128365493643769
         883,3057.60443655556,           0.99916296751544,                  0.00185373463360935
         884,3057.60356446667,           0.99935704703536,                  0.00213842449436953
         885,3057.60269237778,           0.99926597920512,                  0.00213792464528267
         886,3057.60182028889,          0.999317448940478,                  0.00242241503379269
         887,    3057.6009482,          0.999512780258198,                  0.00227939060492177
         888,3057.60007611111,          0.999279311101173,                  0.00227885817810986
         889,3057.59920402222,           0.99918834636251,                   0.0021359306249733
         890,3057.59833193333,          0.999097424099631,                  0.00156598342335365
         891,3057.59745984444,          0.999150295261722,                  0.00156562012078048
         892,3057.59658775555,          0.999201720072685,                  0.00184984653388563
         893,3057.59571566667,          0.999254542454092,                  0.00213394335660754
         894,3057.59484357778,          0.999163689324807,                  0.00256013471997815
         895,3057.59397148889,          0.998932102478347,                  0.00270173807075994
         896,    3057.5930994,          0.998841366760732,                  0.00270110816516566
         897,3057.59222731111,          0.999178484830396,                   0.0027004823914335
         898,3057.59135522222,          0.998947055806042,                   0.0026998569075839
         899,3057.59048313333,           0.99928257364275,                  0.00198890475277204
         900,3057.58961104444,          0.999193259741957,                  0.00156234909128096
         901,3057.58873895555,          0.999103987186023,                 0.000993992028183934
         902,3057.58786686667,          0.999156721948228,                 0.000425898005945536
         903,3057.58699477778,          0.998783632835952,                 0.000141933157998572
         904,3057.58612268889,          0.998978317629697,                -0.000141900329208764
         905,    3057.5852506,          0.999031044868439,                 -0.00014186751560188
         906,3057.58437851111,          0.998941913009931,                  0.00014183471716739
         907,3057.58350642222,          0.998994624288686,                 0.000567207735579098
         908,3057.58263433333,          0.999047311206002,                 0.000425307497320563
         909,3057.58176224444,          0.998674764540384,                -0.000283472825586257
         910,3057.58089015556,          0.998869204673954,                -0.000850222049658636
         911,3057.58001806667,          0.998923299237809,                 -0.00155838268211827
         912,3057.57914597778,          0.998975954041157,                 -0.00254949201371627
         913,3057.57827388889,          0.998886978784626,                 -0.00297372080443396
         914,    3057.5774018,          0.998939617667754,                 -0.00311460765145842
         915,3057.57652971111,          0.998852105628929,                 -0.00297235287207135
         916,3057.57565762222,          0.998621712416192,                 -0.00240563541321741
         917,3057.57478553333,          0.998958740075491,                 -0.00226360853154056
         918,3057.57391344444,           0.99872842818731,                 -0.00141442915760843
         919,3057.57304135556,          0.999065276507047,                -0.000848463079836134
         920,3057.57216926667,          0.998835045891275,                                    0
         921,3057.57129717778,          0.998889023952418,                 0.000848073318765318
         922,3057.57042508889,          0.998517626676502,                  0.00169575594680414
         923,     3057.569553,          0.998571652602178,                  0.00268433239946822
         924,3057.56868091111,          0.998766902127624,                  0.00367245643548553
         925,3057.56780882222,          0.998678220002937,                  0.00395404272625597
         926,3057.56693673333,          0.998732172051876,                  0.00381195485515983
         927,3057.56606464444,          0.998644948197499,                  0.00239957090026254
         928,3057.56519255555,          0.998698883184547,                  0.00127007064415161
         929,3057.56432046667,           0.99861029790416,                 0.000282173014383769
         930,3057.56344837778,          0.998664216083854,                -0.000564217071233816
         931,3057.56257628889,          0.998718109627716,                -0.000705110215777828
         932,    3057.5617042,          0.998771978552627,                -0.000704949166115631
         933,3057.56083211111,          0.998825822875451,                -0.000422872914003155
         934,3057.55996002222,           0.99887964261304,                 0.000704627287396332
         935,3057.55908793333,          0.998792544490579,                  0.00112714633318164
         936,3057.55821584444,          0.998564624978343,                  0.00183119482645203
         937,3057.55734375555,          0.998477638466597,                  0.00183077705219545
         938,3057.55647166666,          0.998672285400912,                  0.00140796882193841
         939,3057.55559957778,          0.998726078786045,                 0.000703823875113492
         940,3057.55472748889,          0.998779847642798,                 0.000703663412457939
         941,    3057.5538554,          0.998833591987945,                 0.000281401209180996
         942,3057.55298331111,          0.998746643296933,                -0.000140668541309427
         943,3057.55211122222,          0.998942412088005,                -0.000140636690424892
         944,3057.55123913333,          0.998996082754276,                -0.000562418625055187
         945,3057.55036704445,          0.998909156339264,                -0.000843435820156991
         946,3057.54949495555,          0.998962810138039,                 -0.00154594694872235
         947,3057.54862286667,          0.998875930869748,                 -0.00196712097794014
         948,3057.54775077778,          0.998650017348893,                 -0.00196667607861647
         949,3057.54687868889,          0.998703693560461,                 -0.00182578371766081
         950,    3057.5460066,          0.998757345352682,                 -0.00210619431748773
         951,3057.54513451111,          0.998812374885238,                 -0.00196533706934551
         952,3057.54426242222,          0.999006326946504,                 -0.00196489021877649
         953,3057.54339033333,          0.998919556035753,                 -0.00196444357135841
         954,3057.54251824445,          0.998974511490101,                 -0.00154314276455429
         955,3057.54164615556,          0.998607279454356,                -0.000981776819688272
         956,3057.54077406667,          0.998801102144695,                -0.000560887885522783
         957,3057.53990197778,          0.998715856646984,                -0.000140190322381665
         958,3057.53902988889,           0.99862924995585,                 0.000420475473665621
         959,    3057.5381578,          0.998684208682541,                 0.000700634354344423
         960,3057.53728571111,          0.998737743432693,                 0.000980665479594453
         961,3057.53641362222,          0.998792652830263,                  0.00140063476767671
         962,3057.53554153333,          0.998566075359461,                  0.00154034873495359
         963,3057.53466944445,          0.998480998480998,                   0.0014000014000014
         964,3057.53379735556,          0.998394562507786,                   0.0012597155562274
         965,3057.53292526667,          0.998729373306764,                 0.000839621162931285
         966,3057.53205317778,          0.998642920100172,                 0.000559620577248625
         967,3057.53118108889,          0.998697776428774,                 0.000139873638155291
         968,     3057.530309,          0.998471527479643,                -0.000419525851882203
         969,3057.52943691111,           0.99838658714247,                 -0.00139810472922906
         970,3057.52856482222,          0.998300289621703,                 -0.00125800932604247
         971,3057.52769273333,          0.998355173517315,                 -0.00181671574128291
         972,3057.52682064444,          0.998270316791899,                 -0.00195602301400792
         973,3057.52594855555,          0.998463472552032,                 -0.00223494901522559
         974,3057.52507646667,          0.998518282660276,                 -0.00265340522664968
         975,3057.52420437778,          0.998293825098922,                 -0.00321129482199653
         976,3057.52333228889,          0.998347255103408,                 -0.00293138875240095
         977,    3057.5224602,          0.998262495726019,                 -0.00279117152446811
         978,3057.52158811111,          0.998456828881019,                 -0.00251149006705678
         979,3057.52071602222,          0.998231194585335,                  -0.0023714268177684
         980,3057.51984393333,          0.998425447227379,                 -0.00251035871631412
         981,3057.51897184444,          0.998201313459474,                 -0.00264922823798436
         982,3057.51809975555,          0.998254692257079,                 -0.00320623626894467
         983,3057.51722766667,          0.998170067998768,                  -0.0030661465367178
         984,3057.51635557778,          0.998224820740336,                 -0.00236876353330342
         985,3057.51548348889,          0.998278158242273,                 -0.00181099861249645
         986,    3057.5146114,          0.998193585767071,                -0.000835658087707887
         987,3057.51373931111,           0.99796980608724,                 0.000278490248663943
         988,3057.51286722222,          0.997885340635567,                 0.000974497402964421
         989,3057.51199513333,          0.997938706799484,                  0.00153100777891134
         990,3057.51112304445,          0.997854286278843,                  0.00166981612541432
         991,3057.51025095555,          0.997769903575806,                  0.00139120176181791
         992,3057.50937886667,          0.997824647687506,                 0.000417267067613956
         993,3057.50850677778,          0.997738921969168,                 -0.00027811537894611
         994,3057.50763468889,          0.997793648432406,                -0.000695132819027732
         995,    3057.5067626,          0.997709354949906,                -0.000972968164481658
         996,3057.50589051111,          0.997486134831554,                 -0.00125067918828141
         997,3057.50501842222,          0.997539495200557,                 -0.00125039769593385
         998,3057.50414633333,          0.997733119239039,                 -0.00166682408894173
         999,3057.50327424444,           0.99764891479295,                 -0.00180532236808301
        1000,3057.50240215556,          0.997564747991681,                 -0.00138839909254235
        1001,3057.50153006667,          0.997340425531915,                 -0.00111046950650735
        1002,3057.50065797778,          0.997395143058965,                -0.000138777674002917
        1003,3057.49978588889,           0.99731108946663,                 0.000277493347097003
        1004,    3057.4989138,          0.997365789104993,                 0.000554862747763556
        1005,3057.49804171111,          0.997559149030594,                  0.00069342357085402
        1006,3057.49716962222,          0.997196424956532,                  0.00110922850384486
        1007,3057.49629753333,          0.997251113486179,                  0.00138622617943589
        1008,3057.49542544444,           0.99716718592352,                  0.00166310024059517
        1009,3057.49455335555,          0.997083295806458,                  0.00193985077005148
        1010,3057.49368126667,           0.99699944310994,                  0.00193941811915231
        1011,3057.49280917778,          0.997329743444853,                  0.00166198540776812
        1012,3057.49193708889,          0.997384341218158,                  0.00124621117186775
        1013,     3057.491065,          0.997300477607808,                 0.000830622274520662
        1014,3057.49019291111,          0.997355057570058,                 0.000415218591827668
        1015,3057.48932082222,          0.996994487125556,                                    0
        1016,3057.48844873333,          0.996909387217535,                -0.000415033050465252
        1017,3057.48757664445,          0.997102331274767,                 -0.00041494062891168
        1018,3057.48670455555,                          1,                                    0
        1019,3057.48583246667,                          1,                                    0
        1020,3057.48496037778,                          1,                                    0
        1021,3057.48408828889,                          1,                                    0
        1022,    3057.4832162,                          1,                                    0
        1023,3057.48234411111,                          1,                                    0
