"SCAN INDEX",      WAVENUMBER,"SCIENCE DIRECT ABSORPTION","SCIENCE HARMONIC ABSORPTION SPECTRA"
           0,3058.39122071052,                          1,                                    0
           1,3058.39032610526,                          1,                                    0
           2,3058.38943149999,                          1,                                    0
           3,3058.38853689474,                          1,                                    0
           4,3058.38764228947,                          1,                                    0
           5,3058.38674768421,                          1,                                    0
           6,3058.38585307894,                          1,                                    0
           7,3058.38495847368,                          1,                                    0
           8,3058.38406386842,                          1,                                    0
           9,3058.38316926315,                          1,                                    0
          10,3058.38227465789,                          1,                                    0
          11,3058.38138005263,                          1,                                    0
          12,3058.38048544736,                          1,                                    0
          13, 3058.3795908421,                          1,                                    0
          14,3058.37869623684,                          1,                                    0
          15,3058.37780163157,                          1,                                    0
          16,3058.37690702632,                          1,                                    0
          17,3058.37601242105,                          1,                                    0
          18,3058.37511781578,                          1,                                    0
          19,3058.37422321052,                          1,                                    0
          20,3058.37332860526,                          1,                                    0
          21,     3058.372434,                          1,                                    0
          22,3058.37153939473,                          1,                                    0
          23,3058.37064478947,                          1,                                    0
          24, 3058.3697501842,                          1,                                    0
          25,3058.36885557895,                          1,                                    0
          26,3058.36796097368,                          1,                                    0
          27,3058.36706636842,                          1,                                    0
          28,3058.36617176315,                          1,                                    0
          29,3058.36527715789,                          1,                                    0
          30,3058.36438255263,                          1,                                    0
          31,3058.36348794736,                          1,                                    0
          32,3058.36259334211,                          1,                                    0
          33,3058.36169873684,                          1,                                    0
          34,3058.36080413157,                          1,                                    0
          35,3058.35990952631,                          1,                                    0
          36,3058.35901492105,                          1,                                    0
          37,3058.35812031579,                          1,                                    0
          38,3058.35722571053,                          1,                                    0
          39,3058.35633110526,                          1,                                    0
          40,3058.35543649999,                          1,                                    0
          41,3058.35454189473,                          1,                                    0
          42,3058.35364728947,                          1,                                    0
          43,3058.35275268421,                          1,                                    0
          44,3058.35185807894,                          1,                                    0
          45,3058.35096347368,                          1,                                    0
          46,3058.35006886841,                          1,                                    0
          47,3058.34917426315,                          1,                                    0
          48,3058.34827965789,                          1,                                    0
          49,3058.34738505263,                          1,                                    0
          50,3058.34649044737,                          1,                                    0
          51, 3058.3455958421,                          1,                                    0
          52,3058.34470123683,                          1,                                    0
          53,3058.34380663157,                          1,                                    0
          54,3058.34291202632,                          1,                                    0
          55,3058.34201742105,                          1,                                    0
          56,3058.34112281579,                          1,                                    0
          57,3058.34022821052,                          1,                                    0
          58,3058.33933360526,                          1,                                    0
          59,     3058.338439,                          1,                                    0
          60,3058.33754439473,                          1,                                    0
          61,3058.33664978947,                          1,                                    0
          62,3058.33575518421,                          1,                                    0
          63,3058.33486057894,                          1,                                    0
          64,3058.33396597368,                          1,                                    0
          65,3058.33307136841,                          1,                                    0
          66,3058.33217676316,                          1,                                    0
          67,3058.33128215789,                          1,                                    0
          68,3058.33038755263,                          1,                                    0
          69,3058.32949294736,                          1,                                    0
          70, 3058.3285983421,                          1,                                    0
          71,3058.32770373684,                          1,                                    0
          72,3058.32680913158,          0.987221015361066,                 0.000773078320564656
          73,3058.32591452631,          0.991124117482301,                -0.000386327857135958
          74,3058.32501992105,          0.995214091690976,                -0.000965290098633342
          75,3058.32412531578,          0.998143795995076,                -0.000771810397057859
          76,3058.32323071052,          0.999718443493923,                -0.000771387687881114
          77,3058.32233610526,           1.00052233009334,                                    0
          78,3058.32144149999,           1.00055286613897,                  0.00115581771213589
          79,3058.32054689473,           1.00000770125299,                  0.00154025059877242
          80,3058.31965228947,          0.999076354679803,                  0.00230911330049261
          81,3058.31875768421,          0.998340266518964,                  0.00230785652056012
          82,3058.31786307894,          0.997026412454084,                  0.00211438028474936
          83,3058.31696847369,          0.996292240600926,                  0.00172900697366146
          84,3058.31607386842,          0.995940969328781,                  0.00172806414574109
          85,3058.31517926315,          0.995975797212419,                  0.00172712565990593
          86,3058.31428465789,          0.995625080315547,                 0.000767193280921246
          87,3058.31339005263,          0.995660041712673,                 0.000191694270641639
          88,3058.31249544737,          0.995884647512779,                -0.000574769900449853
          89, 3058.3116008421,          0.996110916433532,                -0.000957430715526271
          90,3058.31070623684,          0.996335033444016,                 -0.00133967445910644
          91,3058.30981163157,          0.996178256228983,                 -0.00095639233508927
          92,3058.30891702631,          0.996210919129314,                -0.000955873075349563
          93,3058.30802242105,          0.996245450116076,                -0.000764284963648696
          94,3058.30712781578,          0.996469008820794,                 0.000190967613802375
          95,3058.30623321052,          0.996312498568517,                  0.00114518677996381
          96,3058.30533860526,          0.996346918726095,                  0.00228913709069752
          97,3058.30444399999,          0.996379402057964,                  0.00247855572651235
          98,3058.30354939473,          0.996032638314576,                  0.00266777442823877
          99,3058.30265478946,          0.996065256558223,                  0.00228542697489458
         100,3058.30176018421,          0.996099735604332,                  0.00152279722622485
         101,3058.30086557895,           0.99613228240997,                  0.00114148084309775
         102,3058.29997097368,          0.996356832650081,                 0.000190144433711848
         103,3058.29907636841,          0.996391099184909,                -0.000570126511072807
         104,3058.29818176314,          0.996043556961953,                -0.000569818968513703
         105,3058.29728715789,          0.995888117304458,                -0.000379675225811841
         106,3058.29639255263,          0.996300161275021,                -0.000189735319229675
         107,3058.29549794736,          0.996524018030353,                 0.000758533981374198
         108, 3058.2946033421,          0.996368571081999,                  0.00151625424551189
         109,3058.29370873684,          0.996211403674938,                  0.00208372797878386
         110,3058.29281413159,          0.996434947735917,                  0.00227193983903306
         111,3058.29191952631,          0.996090571578872,                  0.00283840398436229
         112,3058.29102492105,           0.99612293144208,                  0.00283687943262411
         113,3058.29013031578,          0.996346163660868,                  0.00302438600238548
         114,3058.28923571053,           0.99638023411346,                  0.00377846125943671
         115,3058.28834110526,          0.996603090262633,                  0.00434290850247074
         116,    3058.2874465,          0.996635106240434,                  0.00434058084520545
         117,3058.28655189474,          0.996480347664694,                  0.00546998487266252
         118,3058.28565728946,          0.996137234682316,                  0.00584410565388944
         119,3058.28476268421,          0.996736582682032,                  0.00565257041218544
         120,3058.28386807894,          0.996768458954156,                  0.00546122904017958
         121,3058.28297347368,          0.996613959371277,                   0.0050818842120915
         122,3058.28207886841,          0.996835859754469,                  0.00376235463202291
         123,3058.28118426315,          0.996681488723642,                  0.00263224690475967
         124,3058.28028965789,          0.996715199530958,                  0.00150334117576313
         125,3058.27939505263,          0.996561056737868,                 0.000563453292539315
         126,3058.27850044736,          0.996782513694027,                 0.000375435975025999
         127, 3058.2776058421,          0.996816117163886,                 0.000562854950403098
         128,3058.27671123685,          0.996847815691915,                 0.000750073600972095
         129,3058.27581663158,          0.997256186699253,                 0.000374837882615769
         130,3058.27492202631,          0.996914846388572,                 0.000374639175643958
         131,3058.27402742104,          0.996948308464232,                 0.000187220339617696
         132,3058.27313281578,          0.997170722214322,                -0.000187121546671856
         133,3058.27223821053,          0.997016990994866,                -0.000374045016317714
         134,3058.27134360526,          0.997050345995536,                -0.000747694297709439
         135,     3058.270449,          0.997083665725693,                   -0.001120948471867
         136,3058.26955439473,           0.99711695024125,                 -0.00112035612386657
         137,3058.26865978947,          0.997150199598005,                -0.000559882200784955
         138, 3058.2677651842,          0.996996884967637,                -0.000746115535990748
         139,3058.26687057895,          0.997218452176766,                -0.000372861638503184
         140,3058.26597597368,          0.997437927982485,                -0.000186332510364746
         141,3058.26508136842,          0.997470938136689,                -0.000372468610207875
         142,3058.26418676315,          0.997317777310369,                 0.000186136203305407
         143,3058.26329215789,          0.996980594318755,                                    0
         144,3058.26239755263,          0.997013793077801,                 0.000185940655180493
         145,3058.26150294736,            0.9972346530679,                 0.000371686415604882
         146, 3058.2606083421,          0.997267683437629,                 0.000928727587481495
         147,3058.25971373684,          0.997116882297138,                  0.00129953792144479
         148,3058.25881913157,          0.997149939881544,                  0.00166995710065759
         149,3058.25792452631,          0.997184812079715,                  0.00185453749689365
         150,3058.25702992105,          0.997403155879229,                  0.00222427761950395
         151,3058.25613531579,          0.997437859287899,                  0.00185259632111423
         152,3058.25524071052,          0.997472526455149,                  0.00203679186764556
         153,3058.25434610526,           0.99787544323288,                  0.00185065920480875
         154,    3058.2534515,          0.998094815308066,                  0.00110981632539815
         155,3058.25255689473,          0.997759339781702,                   0.0012941106871358
         156,3058.25166228948,          0.997608990491395,                  0.00147821298831842
         157,3058.25076768421,          0.997643478196633,                  0.00184680392113409
         158,3058.24987307894,          0.997862514259134,                  0.00203042686956169
         159,3058.24897847368,          0.997896834181979,                  0.00166039406685853
         160,3058.24808386841,          0.997931118413046,                  0.00147513838641988
         161,3058.24718926316,          0.997781070541316,                  0.00110577880000885
         162,3058.24629465789,           0.99763117855314,                 0.000921003672962648
         163,3058.24540005263,          0.998033757511488,                  0.00128873571344409
         164,3058.24450544736,          0.997883889962278,                  0.00165608611647806
         165, 3058.2436108421,          0.997736012844587,                  0.00294263155861998
         166,3058.24271623684,          0.997954093008807,                  0.00404402100685094
         167,3058.24182163157,          0.998355671097475,                  0.00459309749308739
         168,3058.24092702632,           0.99820777999765,                  0.00550887295804442
         169,3058.24003242105,          0.998058209661967,                  0.00568955581087182
         170,3058.23913781578,          0.998277503535795,                   0.0055031835917078
         171,3058.23824321052,           0.99849474075989,                  0.00495030444372329
         172,3058.23734860526,          0.998347083206585,                  0.00366500397652931
         173,     3058.236454,          0.998565889414139,                  0.00293049417289549
         174,3058.23555939473,           0.99823528550298,                  0.00219674003778393
         175,3058.23466478947,          0.998636891747249,                  0.00146374040563906
         176, 3058.2337701842,          0.998489464656033,                 0.000548620584975842
         177,3058.23287557894,          0.998707748210131,                                    0
         178,3058.23198097368,          0.998377750334315,                -0.000548057319488188
         179,3058.23108636842,          0.998413275171682,                 -0.00127814428057823
         180,3058.23019176316,          0.998631261976458,                -0.000547495209416918
         181,3058.22929715789,          0.998666620457435,                 0.000547214586552019
         182,3058.22840255262,          0.998886075210889,                  0.00145849399556253
         183,3058.22750794737,          0.998739048674179,                  0.00218662079622152
         184, 3058.2266133421,          0.998956422916443,                  0.00327825261850428
         185,3058.22571873684,           0.99917539359938,                   0.0030945494063016
         186,3058.22482413158,          0.999212201596338,                  0.00272909377712037
         187,3058.22392952631,          0.999065308393676,                  0.00272769924024484
         188,3058.22303492105,          0.999465643027732,                  0.00254455701079983
         189,3058.22214031578,          0.998957262286684,                  0.00272492433793422
         190,3058.22124571053,          0.999357244795317,                  0.00326824680347306
         191,3058.22035110526,          0.999212389798089,                  0.00362954010097381
         192,    3058.2194565,          0.999249066775014,                  0.00326492706515706
         193,3058.21856189473,          0.999466999278455,                  0.00308197696131575
         194,3058.21766728947,          0.999503509859134,                  0.00199320859471546
         195,3058.21677268421,          0.999722902891047,                 0.000724436886152932
         196,3058.21587807895,          0.999578229396144,                -0.000181017426547654
         197,3058.21498347368,          0.999797362821867,                                    0
         198,3058.21408886842,            1.0000144667554,                 0.000361668884902494
         199,3058.21319426315,          0.999871672290794,                 0.000542229757207589
         200,3058.21229965789,          0.999729021768585,                 0.000903260771384699
         201,3058.21140505263,           1.00012819841503,                  0.00108336688761332
         202,3058.21051044737,          0.999805092148101,                  0.00108282139943838
         203, 3058.2096158421,          0.999843069913256,                  0.00126265587035771
         204,3058.20872123684,            1.0000612981506,                  0.00126202074762109
         205,3058.20782663157,            1.0000991089207,                  0.00072079215057348
         206,3058.20693202631,           1.00013688169099,                 0.000540322464446782
         207,3058.20603742105,            1.0001764170066,                 0.000360034707345788
         208,3058.20514281579,            1.0002141131129,                -0.000179926985629232
         209,3058.20424821052,           1.00025357021467,                 -0.00071934812672756
         210,3058.20335360526,           1.00029298788324,                -0.000718988670536024
         211,3058.20245899999,           1.00033056900987,                -0.000898285352918349
         212,3058.20156439474,           1.00019034142943,                -0.000718269545012157
         213,3058.20066978947,           1.00022973157302,                 -0.00017947779141809
         214,3058.19977518421,           1.00026908242892,                                    0
         215,3058.19888057894,           1.00013088840956,                -0.000179299191181349
         216,3058.19798597367,           1.00052866909795,                 0.000179209863710899
         217,3058.19709136842,           1.00021136271633,                 0.000716483784180755
         218,3058.19619676315,           1.00025064451447,                  0.00089515898023489
         219, 3058.1953021579,           1.00029167717957,                  0.00125260138466136
         220,3058.19440755263,           1.00051152358911,                  0.00107312641071409
         221,3058.19351294737,           1.00037183227504,                  0.00125135861792804
         222, 3058.1926183421,           1.00041274396116,                 0.000536031118393193
         223,3058.19172373684,           1.00045540186983,                -0.000535766905678236
         224,3058.19082913158,           1.00049623185094,                -0.000892503329037417
         225,3058.18993452632,           1.00035860902517,                  -0.0010704747020066
         226,3058.18903992105,           1.00057955508002,                  -0.0016049217600642
         227,3058.18814531578,           1.00044202676401,                 -0.00142589278712134
         228,3058.18725071052,           1.00048456517402,                 -0.00178148961035259
         229,3058.18635610526,           1.00070512318288,                 -0.00106836845891411
         230,    3058.1854615,           1.00056951662277,                 0.000177973944614508
         231,3058.18456689474,           1.00078981634991,                  0.00106731939177026
         232,3058.18367228947,           1.00065430131998,                  0.00248918980427856
         233,3058.18277768421,           1.00069663129012,                  0.00319881714850331
         234,3058.18188307895,           1.00074069732123,                   0.0031972546240295
         235,3058.18098847368,           1.00096048176771,                  0.00284061151264338
         236,3058.18009386842,           1.00082692437368,                  0.00301667689970791
         237,3058.17919926316,           1.00087086229556,                  0.00354730059293129
         238,3058.17830465789,           1.00073570472535,                  0.00354556494145386
         239,3058.17741005263,            1.0009586096793,                  0.00354384354639511
         240,3058.17651544736,           1.00100241926629,                  0.00389632930358427
         241,3058.17562084211,           1.00086916653833,                  0.00336337356990241
         242,3058.17472623684,           1.00109168180925,                  0.00265400764000333
         243,3058.17383163158,           1.00095851504444,                   0.0019453257359521
         244,3058.17293702631,           1.00118077110717,                  0.00123733499254064
         245,3058.17204242104,           1.00104945883966,                   0.0015900891509984
         246,3058.17114781579,           1.00109486473123,                  0.00194250194250194
         247,3058.17025321052,            1.0011402267039,                  0.00176505681717895
         248,3058.16935860526,           1.00118554482136,                   0.0015877832428885
         249,3058.16846399999,           1.00140892010418,                  0.00123434802618934
         250,3058.16756939474,           1.00127781449659,                 0.000881251376955276
         251,3058.16667478947,           1.00114859913186,                 0.000176165511020914
         252,3058.16578018421,           1.00119558882309,                -0.000176080828143351
         253,3058.16488557895,           1.00141852958673,                 0.000175996226640901
         254,3058.16399097368,           1.00146534451428,                -0.000175911706396326
         255,3058.16309636841,           1.00151211449872,                -0.000175827267292612
         256,3058.16220176315,           1.00120735378629,                 0.000351485818425941
         257,3058.16130715789,            1.0014316203659,                 0.000175658940600929
         258,3058.16041255263,           1.00148009768996,                                    0
         259,3058.15951794737,           1.00117754624633,                -0.000526473731593162
         260, 3058.1586233421,           1.00122609853342,                -0.000877037577552048
         261,3058.15772873684,           1.00162525224721,                 -0.00122726706909338
         262,3058.15683413158,           1.00184878514663,                  -0.0014019223860719
         263,3058.15593952632,           1.00172354602078,                 -0.00175157115932992
         264,3058.15504492105,           1.00177174590503,                  -0.0022759581783931
         265,3058.15415031579,           1.00164666231523,                 -0.00279985090793915
         266,3058.15325571052,            1.0013467895685,                 -0.00192398509786088
         267,3058.15236110525,           1.00174650044318,                -0.000699299476749167
         268,    3058.1514665,           1.00162160650879,                 0.000349484161377806
         269,3058.15057189473,           1.00149858001684,                   0.0013972774049764
         270,3058.14967728948,           1.00172307541903,                  0.00296780973895495
         271,3058.14878268421,           1.00177461205445,                   0.0038388854668521
         272,3058.14788807894,           1.00130286228554,                  0.00418590292542291
         273,3058.14699347368,           1.00135454819629,                  0.00435826317982368
         274,3058.14609886842,           1.00158043398334,                  0.00435621274349051
         275,3058.14520426316,           1.00180785213929,                  0.00400583807357505
         276,3058.14430965789,           1.00168514288898,                  0.00365578519302546
         277,3058.14341505263,           1.00173829521786,                   0.0022620458290485
         278,3058.14252044736,           1.00161747569438,                  0.00104353270605423
         279, 3058.1416258421,           1.00149676916899,                 0.000347681572355143
         280,3058.14073123684,           1.00172369454465,                 0.000347519061420519
         281,3058.13983663157,           1.00160305118127,                 0.000347356702334411
         282,3058.13894202631,           1.00165785659106,                 0.000694390195210444
         283,3058.13804742105,           1.00171261102908,                  0.00104110092952961
         284,3058.13715281578,            1.0019407507358,                  0.00173436169419388
         285,3058.13625821052,           1.00164861168174,                  0.00208026710629645
         286,3058.13536360526,           1.00170329413273,                  0.00207930107759778
         287,     3058.134469,           1.00175792582073,                  0.00155875195926462
         288,3058.13357439473,           1.00181424110018,                  0.00121180226156925
         289,3058.13267978947,           1.00187050434403,                  0.00086517314710193
         290,3058.13178518421,           1.00192671562438,                -0.000345909447824748
         291,3058.13089057894,           1.00181000012101,                 -0.00086437446084643
         292,3058.12999597369,           1.00152059717998,                 -0.00155515620680122
         293,3058.12910136842,           1.00192405343134,                 -0.00155444173088814
         294,3058.12820676315,           1.00180750034959,                 -0.00172636136541373
         295,3058.12731215789,           1.00169278315293,                 -0.00155301206690376
         296,3058.12641755262,           1.00192312667627,                -0.000862388644066335
         297,3058.12552294737,           1.00198086030366,                                    0
         298, 3058.1246283421,           1.00186794780775,                 0.000861599542318323
         299,3058.12373373684,            1.0019256539128,                  0.00120568670747629
         300,3058.12283913157,           1.00181286982631,                  0.00120513663667024
         301,3058.12194452632,           1.00187227247071,                 0.000860419333966602
         302,3058.12104992105,           1.00193162096196,                 0.000688021713965293
         303,3058.12015531578,           1.00199263807056,                 0.000171927357253013
         304,3058.11926071053,           1.00188002873316,                 0.000171849061532275
         305,3058.11836610526,           1.00176924266108,                 0.000171771132143532
         306,    3058.1174715,           1.00183025029445,                 0.000171693273400935
         307,3058.11657689473,             1.001891202647,                 0.000686461940833845
         308,3058.11568228947,           1.00195209979381,                 0.000343075534940528
         309,3058.11478768421,           1.00184319945133,                   0.0001714604140769
         310,3058.11389307894,           1.00173268047898,                 0.000342765673388873
         311,3058.11299847368,           1.00213789417424,                 0.000856528114678836
         312,3058.11210386842,            1.0016866005154,                  0.00102737087232348
         313,3058.11120926315,           1.00209147015633,                   0.0010269084237298
         314,3058.11031465789,           1.00181339172683,                  0.00068429876484073
         315,3058.10942005263,           1.00221784087975,                                    0
         316,3058.10852544737,           1.00245271892867,                -0.000512763539093947
         317, 3058.1076308421,           1.00200400801603,                 -0.00102506803889108
         318,3058.10673623684,           1.00189894601665,                 -0.00119537968674221
         319,3058.10584163158,             1.001962959802,                  -0.0013655372535632
         320,3058.10494702631,           1.00202862597699,                -0.000511848438265107
         321,3058.10405242105,           1.00209252472402,                -0.000170539912308377
         322,3058.10315781579,           1.00215807471098,                 0.000170464037202071
         323,3058.10226321053,           1.00188449703013,                   0.0010223311194185
         324,3058.10136860526,           1.00229070688319,                  0.00187344057361344
         325,     3058.100474,           1.00184707574713,                  0.00255356094073185
         326,3058.09957939473,           1.00225294209735,                  0.00255242684744655
         327,3058.09868478947,             1.002149893866,                  0.00187095194034725
         328,3058.09779018421,           1.00221865197766,                 0.000850058228988686
         329,3058.09689557895,           1.00279545589722,                -0.000339873057413056
         330,3058.09600097368,           1.00235428408361,                 -0.00135889413195541
         331,3058.09510636842,           1.00208158594437,                 -0.00237701494463253
         332,3058.09421176315,           1.00231996510718,                  -0.0033942430244063
         333,3058.09331715789,           1.00239019764509,                 -0.00322311960657584
         334,3058.09242255263,           1.00245866892751,                 -0.00305214073760068
         335,3058.09152794737,           1.00235929004352,                 -0.00271182763623544
         336, 3058.0906333421,           1.00225830005743,                 -0.00220239315428442
         337,3058.08973873684,           1.00249777740146,                 -0.00152406756699547
         338,3058.08884413158,           1.00223094136247,                  -0.0016926717469388
         339,3058.08794952631,           1.00247022198159,                 -0.00169193286410395
         340,3058.08705492105,           1.00254186982176,                 -0.00169119748620406
         341,3058.08616031579,           1.00244440913256,                -0.000845231373636219
         342,3058.08526571052,            1.0028539516839,                                    0
         343,3058.08437110526,           1.00258754062033,                  0.00135119614638859
         344,    3058.0834765,           1.00249018697506,                  0.00253239353395518
         345,3058.08258189473,           1.00205710274207,                  0.00354381932596556
         346,3058.08168728947,           1.00229911425906,                  0.00438569117649539
         347,3058.08079268421,           1.00237230923312,                  0.00522683626345278
         348,3058.07989807895,           1.00227690617158,                  0.00573018577599356
         349,3058.07900347368,           1.00252019865095,                   0.0053907992533743
         350,3058.07810886842,            1.0025948920535,                   0.0043781436334214
         351,3058.07721426315,           1.00233288560781,                  0.00302972156858785
         352,3058.07631965789,           1.00240759528172,                  0.00235543912956429
         353,3058.07542505263,           1.00214589387579,                  0.00184990851361533
         354,3058.07453044737,           1.00239040610007,                  0.00100861016880772
         355, 3058.0736358421,           1.00246667966098,                 0.000840149748291135
         356,3058.07274123684,           1.00237492987742,                 0.000503874797190394
         357,3058.07184663158,           1.00261903162984,                -0.000335773285877376
         358,3058.07095202631,           1.00219166496055,                -0.000167815081205718
         359,3058.07005742105,           1.00260506217426,                -0.000167743861832736
         360,3058.06916281579,           1.00234741784038,                 0.000503018108651912
         361,3058.06826821053,           1.00242519521397,                  0.00184361764710812
         362,3058.06737360526,           1.00267043722127,                  0.00335061131903516
         363,     3058.066479,           1.00274969103654,                  0.00385157696957924
         364,3058.06558439474,           1.00265981041528,                  0.00418472374964639
         365,3058.06468978947,           1.00257168337341,                  0.00368100417793974
         366,3058.06379518421,           1.00248363061639,                  0.00301046135320238
         367,3058.06290057895,           1.00256450550516,                  0.00167177673087404
         368,3058.06200597368,           1.00264363705637,                   0.0011697509098991
         369,3058.06111136842,           1.00272437690944,                 0.000501111632638403
         370,3058.06021676316,           1.00280504908836,                                    0
         371,3058.05932215789,           1.00271875641511,                 0.000166897263051783
         372,3058.05842755263,            1.0028010363334,                -0.000333655310708167
         373,3058.05753294737,           1.00271648954177,                 -0.00100054863416774
         374, 3058.0566383421,            1.0027970302806,                 -0.00133350668920293
         375,3058.05574373684,           1.00321408398606,                 -0.00149957262180279
         376,3058.05484913157,           1.00296292101709,                 -0.00249824706331058
         377,3058.05395452632,           1.00304492808875,                 -0.00332960971979669
         378,3058.05305992105,           1.00312853624443,                    -0.00382746455435
         379,3058.05216531578,           1.00304573256439,                 -0.00415856439703311
         380,3058.05127071052,           1.00312927115584,                 -0.00448939007478991
         381,3058.05037610526,            1.0032144079938,                 -0.00398892408745051
         382,    3058.0494815,           1.00296720129454,                 -0.00348887050309513
         383,3058.04858689474,           1.00338280498802,                 -0.00332135983114207
         384,3058.04769228947,            1.0029697332884,                 -0.00232399474777187
         385,3058.04679768421,           1.00305645988272,                 -0.00232304225613864
         386,3058.04590307895,           1.00314145156956,                 -0.00265381336394065
         387,3058.04500847368,           1.00322803666731,                 -0.00265272658844439
         388,3058.04411386842,           1.00331455087836,                 -0.00331455087835598
         389,3058.04321926316,           1.00323533455811,                 -0.00414149328995257
         390,3058.04232465789,           1.00315784418763,                 -0.00480217521978231
         391,3058.04143005263,            1.0030787565796,                 -0.00546231006058198
         392,3058.04053544737,           1.00316685032413,                 -0.00579100111518136
         393, 3058.0396408421,           1.00308948252822,                  -0.0051270855660964
         394,3058.03874623684,           1.00301383587076,                 -0.00380242594775467
         395,3058.03785163158,           1.00293659305629,                 -0.00198306790520274
         396,3058.03695702631,           1.00319144718584,                 0.000330377555470392
         397,3058.03606242105,           1.00311585121191,                  0.00214658536061808
         398,3058.03516781579,           1.00304031637777,                  0.00297099320302777
         399,3058.03427321052,           1.00296484260926,                  0.00263981534491662
         400,3058.03337860526,           1.00289108381834,                  0.00214398685900977
         401,     3058.032484,           1.00314709581909,                 0.000989134359065664
         402,3058.03158939473,           1.00290853362117,                -0.000164789440292666
         403,3058.03069478947,             1.002999609606,                -0.000494169622075545
         404,3058.02980018421,           1.00292760677203,                 -0.00115260109134858
         405,3058.02890557895,           1.00285566153416,                 -0.00213968875758149
         406,3058.02801097368,           1.00278377382331,                 -0.00279693587448668
         407,3058.02711636842,           1.00304086334863,                 -0.00328919778110718
         408,3058.02622176315,           1.00280456489789,                 -0.00345227801030423
         409,3058.02532715789,            1.0030630891188,                 -0.00377956275388802
         410,3058.02443255263,           1.00299288082027,                 -0.00361379681920175
         411,3058.02353794737,           1.00292272831762,                 -0.00344816262191718
         412,3058.02264334211,           1.00301676454465,                 -0.00311852700480253
         413,3058.02174873684,           1.00278423568055,                 -0.00229695341942534
         414,3058.02085413158,           1.00304390039098,                 -0.00246004880736834
         415,3058.01995952631,           1.00264760608867,                 -0.00295089223505496
         416,3058.01906492105,           1.00274324594495,                  -0.0032774742472461
         417,3058.01817031579,           1.00251119225118,                 -0.00343998938517561
         418,3058.01727571052,           1.00244470752751,                 -0.00343863751357034
         419,3058.01638110526,           1.00254195535783,                  -0.0029462457463577
         420,    3058.0154865,           1.00280274285939,                   -0.003272320909967
         421,3058.01459189473,           1.00257430989196,                  -0.0029439376146909
         422,3058.01369728947,           1.00250790464077,                 -0.00261580666572934
         423,3058.01280268421,           1.00244318971082,                 -0.00228793685294286
         424,3058.01190807895,           1.00254188556941,                 -0.00179696280613712
         425,3058.01101347368,           1.00231391139205,                -0.000653185996345424
         426,3058.01011886842,           1.00241421694653,                 0.000326466118530054
         427,3058.00922426315,           1.00251444459492,                 0.000815848343583108
         428,3058.00832965789,           1.00212527544581,                  0.00114174429168631
         429,3058.00743505263,           1.00238858046581,                  0.00130434428167315
         430,3058.00654044737,           1.00232572163377,                  0.00146681812922016
         431,3058.00564584211,           1.00210162753947,                 0.000977501181147261
         432,3058.00475123684,           1.00220341439662,                 0.000814269917449316
         433,3058.00385663157,              1.00214233156,                 0.000488373455925923
         434,3058.00296202632,           1.00224402420747,                 0.000325456737849479
         435,3058.00206742105,           1.00202193712312,                                    0
         436,3058.00117281579,           1.00196262396483,                -0.000650413907150163
         437,3058.00027821052,           1.00174081520865,                -0.000650164410325261
         438,3057.99938360526,            1.0021690916624,                 -0.00064991510483943
         439,     3057.998489,           1.00162254081121,                 -0.00081208248809081
         440,3057.99759439474,           1.00172745220283,                -0.000324709060681629
         441,3057.99669978947,            1.0016699909603,                 0.000649170441322295
         442,3057.99580518421,           1.00177480426862,                  0.00178453811286717
         443,3057.99491057895,           1.00155519986508,                  0.00308120932600979
         444,3057.99401597368,           1.00149949341439,                  0.00372847011144883
         445,3057.99312136842,           1.00144382921007,                  0.00356501039524622
         446,3057.99222676316,           1.00155019170866,                  0.00275373657755899
         447,3057.99133215789,           1.00165647360572,                  0.00178115441475314
         448,3057.99043755263,            1.0016024344054,                  0.00097117236690892
         449,3057.98954294737,           1.00138663491052,                 0.000647204158933925
         450, 3057.9886483421,            1.0013327381299,                   0.0012939205144628
         451,3057.98775373684,           1.00160224022609,                  0.00210182875269398
         452,3057.98685913158,           1.00154830284674,                  0.00258589201961399
         453,3057.98596452632,           1.00133446639116,                  0.00323115348948421
         454,3057.98506992105,           1.00128228731634,                   0.0033914400054263
         455,3057.98417531579,           1.00155302064129,                  0.00290585982777937
         456,3057.98328071052,           1.00117804637952,                  0.00306614811109139
         457,3057.98238610526,             1.001127599407,                  0.00258105729785885
         458,    3057.9814915,           1.00107719001761,                  0.00258009585056085
         459,3057.98059689473,           1.00118801411432,                  0.00225674322936732
         460,3057.97970228947,           1.00113761976429,                  0.00225590321530663
         461,3057.97880768421,           1.00124833890388,                  0.00209398783876294
         462,3057.97791307895,           1.00103855536144,                  0.00193219602128636
         463,3057.97701847368,           1.00098988386972,                  0.00225339417497606
         464,3057.97612386842,           1.00110214556366,                  0.00193076595094246
         465,3057.97522926316,           1.00121593453254,                 0.000965027406778353
         466,3057.97433465789,            1.0011672513642,                 0.000482335274464849
         467,3057.97344005263,           1.00112021317801,                -0.000160719250791141
         468,3057.97254544737,           1.00107320960362,                -0.000963960721813789
         469, 3057.9716508421,           1.00086563956953,                 -0.00096360619984229
         470,3057.97075623684,            1.0009809131322,                -0.000963253484970837
         471,3057.96986163158,           1.00077513532772,                -0.000320967009405938
         472,3057.96896702631,            1.0008903576671,                 0.000802124024416655
         473,3057.96807242105,           1.00100549574789,                   0.0014432953319018
         474,3057.96717781579,           1.00112054966247,                  0.00176338287370492
         475,3057.96628321052,           1.00123712397521,                  0.00240373829379451
         476,3057.96538860526,           1.00087304066447,                  0.00256305516175281
         477,     3057.964494,           1.00066935476123,                  0.00240199076995013
         478,3057.96359939473,           1.00078596594574,                  0.00144067077631345
         479,3057.96270478947,           1.00074407738405,                  0.00096009985038444
         480,3057.96181018421,           1.00086217790297,                 0.000639835178458029
         481,3057.96091557895,           1.00082029207515,                 0.000319801978614842
         482,3057.96002097369,           1.00093827973524,                 -0.00015984322576417
         483,3057.95912636842,           1.00105618218104,                 0.000319571007879023
         484,3057.95823176316,             1.000856142503,                 0.000798640394592246
         485, 3057.9573371579,           1.00097558794742,                  0.00175637764674136
         486,3057.95644255263,           1.00109494759894,                  0.00191536023137552
         487,3057.95554794737,           1.00121422154996,                  0.00175511656367324
         488,3057.95465334211,           1.00133500700998,                  0.00143549140858392
         489,3057.95375873684,           1.00097737995207,                  0.00111609456190897
         490,3057.95286413158,           1.00077939341197,                 0.000318770311645795
         491,3057.95196952632,           1.00090020473683,                 0.000159328272005226
         492,3057.95107492105,           1.00102092985846,                 0.000159271428776206
         493,3057.95018031579,           1.00098394795584,                 0.000636859518343146
         494,3057.94928571052,           1.00094699230469,                 0.000954950223219615
         495,3057.94839110526,           1.00106916477866,                  0.00127281521268742
         496,    3057.9474965,           1.00119125059046,                  0.00174950019960207
         497,3057.94660189474,           1.00099686314039,                  0.00158989336585195
         498,3057.94570728947,           1.00112047934265,                 0.000794666200462496
         499,3057.94481268421,           1.00124400834423,                 -0.00111214028219765
         500,3057.94391807894,           1.00136745023736,                 -0.00254113865246594
         501,3057.94302347368,           1.00133203992627,                 -0.00285777338174613
         502,3057.94212886842,           1.00145695322196,                  -0.0030154805247571
         503,3057.94123426316,           1.00110581736086,                 -0.00349038478319158
         504,3057.94033965789,           1.00107212413802,                 -0.00269617016957324
         505,3057.93944505263,           1.00135553987745,                  -0.0020610547844216
         506,3057.93855044736,           1.00116488236273,                 -0.00079243698144905
         507, 3057.9376558421,           1.00113278991104,                 0.000316864310780516
         508,3057.93676123684,           1.00125909677624,                  0.00126701562388641
         509,3057.93586663158,            1.0015436374431,                  0.00237482683554324
         510,3057.93497202632,           1.00103664664593,                  0.00300706660652533
         511,3057.93407742105,           1.00116443904415,                  0.00379708383961118
         512,3057.93318281579,           1.00129214291702,                  0.00363761163909199
         513,3057.93228821052,           1.00126165608963,                  0.00268773853679514
         514,3057.93139360526,           1.00138923791055,                  0.00158047543862145
         515,     3057.930499,           1.00151831377115,                -0.000157993108340614
         516,3057.92960439474,           1.00132984184043,                   -0.001421446147723
         517,3057.92870978947,           1.00145884908806,                 -0.00252614560703279
         518,3057.92781518421,           1.00143151834064,                 -0.00236745039796841
         519,3057.92692057895,           1.00171817781642,                 -0.00236663611076488
         520,3057.92602597368,           1.00137533358148,                 -0.00173493915095232
         521,3057.92513136842,           1.00134648070307,                 -0.00141900776670251
         522,3057.92423676316,           1.00131922586502,                -0.000945681623672302
         523,3057.92334215789,           1.00145112726276,                -0.000787799816915323
         524,3057.92244755263,           1.00173886746806,                 -0.00078753055618558
         525,3057.92155294737,           1.00124072604517,                -0.000944715262819786
         526, 3057.9206583421,           1.00137251939156,                 -0.00125919210234713
         527,3057.91976373684,           1.00134687763554,                 -0.00125876414536208
         528,3057.91886913158,           1.00147854536303,                 -0.00110104441927771
         529,3057.91797452631,            1.0012972208027,                -0.000786194425881521
         530,3057.91707992105,           1.00142881618885,                 -0.00125748399458653
         531,3057.91618531579,           1.00156189602235,                 -0.00141419156953266
         532,3057.91529071053,           1.00185353900286,                 -0.00219911407118846
         533,3057.91439610526,           1.00135827961717,                  -0.0029835043614123
         534,    3057.9135015,           1.00133584700706,                 -0.00423829250183267
         535,3057.91260689474,           1.00146877903035,                 -0.00517838760702001
         536,3057.91171228947,           1.00144632442218,                 -0.00564725370914761
         537,3057.91081768421,           1.00158227103723,                 -0.00533173590343913
         538,3057.90992307895,           1.00124626707739,                 -0.00485965778603397
         539,3057.90902847368,           1.00153890032878,                 -0.00470132483333803
         540,3057.90813386842,           1.00136136267861,                 -0.00438643901048202
         541,3057.90723926316,           1.00149715602997,                 -0.00391515698213436
         542,3057.90634465789,           1.00147630476065,                 -0.00344418926133099
         543,3057.90545005263,           1.00145546739284,                 -0.00328653927414433
         544,3057.90455544737,           1.00159266061935,                 -0.00281609932695226
         545, 3057.9036608421,           1.00172976286922,                 -0.00250236943105503
         546,3057.90276623684,           1.00124138923024,                 -0.00171980875726619
         547,3057.90187163158,           1.00153637680774,                 -0.00171924159564375
         548,3057.90097702631,           1.00151711875556,                 -0.00187491504291212
         549,3057.90008242105,           1.00134324628264,                 -0.00187429713857304
         550,3057.89918781579,           1.00132562834627,                  -0.0015613997011481
         551,3057.89829321052,           1.00115193346882,                 -0.00171697400501356
         552,3057.89739860526,           1.00129042727654,                 -0.00202848302237729
         553,     3057.896504,           1.00111841992379,                 -0.00233979063553393
         554,3057.89560939474,           1.00125839514855,                 -0.00202715451439514
         555,3057.89471478947,           1.00124239481343,                 -0.00171472308001677
         556,3057.89382018421,            1.0012264049505,                 -0.00124666322795393
         557,3057.89292557894,           1.00136620747348,                 -0.00109047346800161
         558,3057.89203097368,           1.00135174699283,                -0.000934387322232812
         559,3057.89113636842,           1.00118161537252,                  -0.0010897638481741
         560,3057.89024176316,           1.00132285425259,                  -0.0014006692086219
         561,3057.88934715789,           1.00130842197464,                 -0.00186695168795769
         562,3057.88845255263,           1.00144952781476,                 -0.00264398850331587
         563,3057.88755794737,           1.00097018545468,                 -0.00295409032675349
         564, 3057.8866633421,           1.00126829389602,                 -0.00326399164418139
         565,3057.88576873684,           1.00110007582444,                 -0.00326293676739301
         566,3057.88487413158,           1.00124262193228,                 -0.00341721031376204
         567,3057.88397952631,           1.00123135307535,                   -0.003105556306065
         568,3057.88308492105,           1.00121853728957,                 -0.00341500896439853
         569,3057.88219031579,           1.00105210560782,                 -0.00387944545654866
         570,3057.88129571052,           1.00104090880181,                 -0.00496409562709714
         571,3057.88040110526,           1.00102971918441,                 -0.00527265847440279
         572,    3057.8795065,           1.00086505994958,                 -0.00542600326800425
         573,3057.87861189474,            1.0010089128383,                 -0.00480434684904587
         574,3057.87771728948,           1.00084436560256,                 -0.00418309564570729
         575,3057.87682268421,           1.00083480340302,                 -0.00418176101700428
         576,3057.87592807894,           1.00051558602623,                 -0.00387076596265175
         577,3057.87503347368,           1.00097202788544,                 -0.00402431927091717
         578,3057.87413886842,           1.00065296977462,                 -0.00340410782975747
         579,3057.87324426316,           1.00079971167069,                 -0.00309366216899748
         580, 3057.8723496579,           1.00063709238458,                 -0.00216487703498441
         581,3057.87145505263,           1.00078374630735,                 -0.00170043577531369
         582,3057.87056044737,           1.00046824510081,                 -0.00108175435831104
         583, 3057.8696658421,           1.00030743039173,                   -0.001390388706336
         584,3057.86877123684,           1.00045404984664,                  -0.0012355097867819
         585,3057.86787663158,           1.00029334115576,                  -0.0013895107378302
         586,3057.86698202631,           1.00028707513651,                -0.000926048827467843
         587,3057.86608742105,           1.00028235642639,                 -0.00030858625834533
         588,3057.86519281579,           1.00027609779723,                 0.000462733738379599
         589,3057.86429821052,           1.00011718918652,                  0.00123357038444221
         590,3057.86340360526,           1.00026667612108,                  0.00138733242180455
         591,     3057.862509,           0.99995377005224,                  0.00231149738800795
         592,3057.86161439474,            1.0001047552732,                  0.00215672621285039
         593,3057.86071978947,           1.00010010241247,                  0.00246405938383115
         594,3057.85982518421,           0.99978908052967,                  0.00261724890191013
         595,3057.85893057895,          0.999786067944205,                  0.00323206702999204
         596,3057.85803597368,          0.999629197111738,                  0.00415422322949314
         597,3057.85714136842,          0.999780048389354,                  0.00569105566006248
         598,3057.85624676316,           0.99962481394462,                   0.0067656501789822
         599,3057.85535215789,          0.999775573133952,                  0.00799328564006235
         600,3057.85445755263,          0.999620436206391,                  0.00875916446791149
         601,3057.85356294737,          0.999465395085322,                  0.00906370401322379
         602, 3057.8526683421,          0.999465559289132,                  0.00890734518112626
         603,3057.85177373684,          0.999310661411931,                  0.00875106893539408
         604,3057.85087913158,          0.999310873011853,                  0.00752053951429593
         605,3057.84998452631,           0.99931108448191,                  0.00644419861020117
         606,3057.84908992105,          0.999464682053351,                  0.00536851808960517
         607,3057.84819531579,          0.999464846223793,                  0.00398681896315106
         608,3057.84730071053,           0.99946501029357,                  0.00306584358985758
         609,3057.84640610526,          0.999619951329251,                  0.00214543604455151
         610,    3057.8455115,          0.999466869297187,                  0.00183838173383909
         611,3057.84461689474,          0.999468563298399,                  0.00183782144645737
         612,3057.84372228947,          0.999623361392399,                  0.00260278712569625
         613,3057.84282768421,          0.999473477984033,                  0.00352035068815203
         614,3057.84193307895,          0.999475168428091,                  0.00489638784288103
         615,3057.84103847368,          0.999325420923577,                  0.00565973374776861
         616,3057.84014386842,          0.999481603024135,                  0.00657553686200089
         617,3057.83924926316,          0.999484817400636,                  0.00657354652007148
         618,3057.83835465789,          0.999335202915937,                  0.00596024971918054
         619,3057.83746005263,          0.999644021004289,                  0.00504176260020503
         620,3057.83656544737,          0.999495975440258,                  0.00397110259190811
         621, 3057.8356708421,          0.999806085258357,                  0.00335915300483871
         622,3057.83477623684,          0.999505437138618,                  0.00259492859367082
         623,3057.83388163158,          0.999510163721291,                  0.00228895457340754
         624,3057.83298702631,          0.999667438575295,                  0.00213571557150223
         625,3057.83209242105,          0.999673638202021,                  0.00213507718304017
         626,3057.83119781579,          0.999678310014621,                  0.00228689563065721
         627,3057.83030321053,          0.999836916844356,                  0.00320069744721516
         628,3057.82940860526,          0.999690691646998,                  0.00350447887637265
         629,     3057.828514,          0.999849200074943,                  0.00365575575895774
         630,3057.82761939474,          0.999856858750042,                  0.00350239228620941
         631,3057.82672478947,          0.999862990759488,                    0.003044649789158
         632,3057.82583018421,           1.00032720272111,                  0.00258718430644437
         633,3057.82493557895,           1.00003042843233,                  0.00182570593962999
         634,3057.82404097368,            1.0003422183353,                  0.00121677630328149
         635,3057.82314636842,           1.00019766752323,                 0.000608207763772105
         636,3057.82225176316,           1.00020672965841,                 0.000152007101771795
         637,3057.82135715789,           1.00021426650194,                -0.000455886174339991
         638,3057.82046255263,           1.00037523566167,                 -0.00136725544737358
         639,3057.81956794737,           1.00023236494357,                 -0.00227808768207616
         640,3057.81867334211,           1.00054506172558,                 -0.00242924445942479
         641,3057.81777873684,            1.0002504420682,                 -0.00212496300287629
         642,3057.81688413158,           1.00026099042833,                 -0.00166912483232882
         643,3057.81598952632,           1.00072661520188,                -0.000606776786540477
         644,3057.81509492105,           1.00058385083748,                                    0
         645,3057.81420031579,           1.00044268717177,                  0.00121284156650617
         646,3057.81330571053,           1.00045468323734,                   0.0018187329493786
         647,3057.81241110526,           1.00061667320714,                   0.0024242681361772
         648,    3057.8115165,           1.00077856846404,                  0.00257503188495363
         649,3057.81062189474,           1.00094188479931,                  0.00211999794057343
         650,3057.80972728947,           1.00110510619616,                  0.00121107528346731
         651,3057.80883268421,             1.000814211471,                 0.000908042532712232
         652,3057.80793807895,           1.00082607866811,                -0.000302592918720516
         653,3057.80704347368,           1.00098919149477,                 -0.00105876765495065
         654,3057.80614886842,           1.00115372344206,                 -0.00136087955157507
         655,3057.80525426316,           1.00101583001778,                 -0.00181398217460183
         656,3057.80435965789,           1.00133138084293,                 -0.00181345858287279
         657,3057.80346505263,           1.00104243779366,                  -0.0024172470577571
         658,3057.80257044737,           1.00090469580925,                 -0.00181241230567542
         659, 3057.8016758421,           1.00106901487561,                 -0.00150990801640364
         660,3057.80078123684,           1.00123475052907,                 -0.00135852747697296
         661,3057.79988663158,           1.00124797600023,                 -0.00135813591318795
         662,3057.79899202632,           1.00141356509565,                  -0.0018103288311461
         663,3057.79809742105,           1.00142824178459,                 -0.00271471511327149
         664,3057.79720281579,           1.00144441998547,                    -0.00286471604633
         665,3057.79630821053,           1.00145907945351,                 -0.00316535831856166
         666,3057.79541360526,            1.0016244187203,                 -0.00286307566656922
         667,     3057.794519,           1.00164052719825,                 -0.00256096991462931
         668,3057.79362439474,           1.00150602409639,                  -0.0019578313253012
         669,3057.79272978947,           1.00167271665143,                 -0.00165615510043075
         670,3057.79183518421,           1.00168879764231,                 -0.00195671741087152
         671,3057.79094057895,           1.00155439556884,                 -0.00120379134082794
         672,3057.79004597368,           1.00157200773217,                 -0.00165474498123369
         673,3057.78915136842,           1.00173999876681,                 -0.00195505479417033
         674,3057.78825676316,           1.00175604240963,                 -0.00285657583757811
         675,3057.78736215789,           1.00192388625023,                 -0.00420850117236818
         676,3057.78646755263,           1.00164235687979,                 -0.00540940966811769
         677,3057.78557294737,           1.00181013827654,                 -0.00615897670855272
         678, 3057.7846783421,           1.00182764840069,                 -0.00690812049564263
         679,3057.78378373684,           1.00199678712448,                 -0.00630564355097813
         680,3057.78288913158,           1.00201573867141,                 -0.00525322810867278
         681,3057.78199452632,            1.0017345793495,                 -0.00465155361890872
         682,3057.78109992105,            1.0019036018427,                 -0.00390020866116337
         683,3057.78020531579,           1.00192256357807,                 -0.00389911490091749
         684,3057.77931071053,           1.00179159076769,                 -0.00314840218589066
         685,3057.77841610526,           1.00181207480317,                 -0.00314752447200277
         686,    3057.7775215,           1.00183254742072,                 -0.00314664724735794
         687,3057.77662689474,           1.00170170949901,                 -0.00359516091341055
         688,3057.77573228947,           1.00187195806814,                 -0.00374391613627855
         689,3057.77483768421,           1.00174418169433,                  -0.0041920246730595
         690,3057.77394307895,           1.00176465041512,                 -0.00449020461862447
         691,3057.77304847368,           1.00193473957328,                 -0.00433932309552346
         692,3057.77215386842,           1.00150787144798,                 -0.00403894137850565
         693,3057.77125926316,           1.00167943566176,                 -0.00358917683724728
         694,3057.77036465789,           1.00155188962746,                 -0.00313966109601084
         695,3057.76947005263,           1.00157388045982,                 -0.00239146128747308
         696,3057.76857544737,            1.0017452841466,                 -0.00179310015062041
         697, 3057.7676808421,           1.00146844194277,                 -0.00164322089220919
         698,3057.76678623684,           1.00149193325577,                  -0.0017921120189486
         699,3057.76589163158,           1.00166471330352,                 -0.00179161969885859
         700,3057.76499702632,           1.00153738227085,                 -0.00238816663432691
         701,3057.76410242105,            1.0015608352707,                 -0.00238751093032348
         702,3057.76320781579,           1.00143659084908,                 -0.00253603784365178
         703,3057.76231321053,           1.00160919643084,                 -0.00298275520080654
         704,3057.76141860526,           1.00163261046213,                 -0.00328013060883697
         705,     3057.760524,           1.00135939232778,                 -0.00342829205470958
         706,3057.75962939474,           1.00153336979247,                 -0.00402341928052322
         707,3057.75873478947,           1.00140781074256,                 -0.00491616449784359
         708,3057.75784018421,           1.00143274583804,                 -0.00551056091552757
         709,3057.75694557895,           1.00160805217236,                 -0.00595574878651618
         710,3057.75605097368,           1.00133521285258,                 -0.00610297959372018
         711,3057.75515636842,           1.00106252213588,                 -0.00595250496290101
         712,3057.75426176316,           1.00123778579165,                 -0.00520703157543947
         713,3057.75336715789,           1.00126422250316,                 -0.00461069383505615
         714,3057.75247255263,           1.00114195309666,                 -0.00371729523650919
         715,3057.75157794737,           1.00116840143062,                 -0.00252707688557099
         716,3057.75068334211,           1.00104622408218,                 -0.00178333650370934
         717,3057.74978873684,           1.00092411280713,                -0.000891427145145139
         718,3057.74889413158,           1.00095059858004,                 -0.00044559308439533
         719,3057.74799952632,           1.00097855639915,                                    0
         720,3057.74710492105,           1.00085804798537,                -0.000296902417082577
         721,3057.74621031579,           1.00088601564552,                -0.000445233992724877
         722,3057.74531571053,           1.00091396828411,                -0.000593485898775045
         723,3057.74442110526,           1.00079357427336,                -0.000741658199402224
         724,    3057.7435265,           1.00052495306564,                 -0.00103804278515777
         725,3057.74263189474,           1.00070123212266,                 -0.00133426830949688
         726,3057.74173728947,           1.00073068754289,                 -0.00118569986675698
         727,3057.74084268421,           1.00061195429753,                -0.000296345906796249
         728,3057.73994807895,           1.00034366908223,                 0.000444399675291971
         729,3057.73905347368,            1.0006693836931,                  0.00133284363670829
         730,3057.73815886842,            1.0004027076165,                  0.00207275979082893
         731,3057.73726426316,           1.00043368407965,                  0.00236824070798556
         732,3057.73636965789,           1.00016721245008,                   0.0035514148688862
         733,3057.73547505263,           1.00034617125713,                  0.00399428373616425
         734,3057.73458044737,            1.0002277614598,                   0.0042890145027849
         735, 3057.7336858421,           1.00040660924851,                  0.00517502679924592
         736,3057.73279123684,           1.00043754360654,                  0.00591275143975498
         737,3057.73189663158,           1.00032068191457,                  0.00635452641783523
         738,3057.73100202632,             1.000499363238,                  0.00694380833907059
         739,3057.73010742105,           1.00023484545249,                  0.00738507712236039
         740,3057.72921281579,           1.00056259496559,                  0.00782612419320781
         741,3057.72831821053,           1.00044582357787,                  0.00870979837554879
         742,3057.72742360526,           1.00047817514198,                  0.00900268014215379
         743,     3057.726529,           1.00051050971296,                  0.00870522342914981
         744,3057.72565691111,           1.00054282730421,                  0.00737537098116035
         745,3057.72478482222,            1.0005751279291,                  0.00575127929097049
         746,3057.72391273333,           1.00060741160097,                  0.00353832000566131
         747,3057.72304064444,           1.00063967833318,                  0.00117913056807563
         748,3057.72216855556,           1.00052604977875,                -0.000442058637604749
         749,3057.72129646667,           1.00055832097121,                 -0.00162045664468247
         750,3057.72042437778,           1.00059204887201,                  -0.0022091375821431
         751,3057.71955228889,           1.00062575919314,                 -0.00265027422976405
         752,    3057.7186802,           1.00065945194833,                 -0.00235518552974011
         753,3057.71780811111,           1.00069312715131,                 -0.00206025055589975
         754,3057.71693602222,           1.00087390724813,                 -0.00176546918814899
         755,3057.71606393333,           1.00076042495547,                 -0.00161792543717081
         756,3057.71519184444,           1.00094256527742,                 -0.00161750671632902
         757,3057.71431975556,            1.0008291240099,                 -0.00176409363809031
         758,3057.71344766667,           1.00086418228955,                 -0.00191060710275539
         759,3057.71257557778,           1.00089922243707,                 -0.00191011301991807
         760,3057.71170348889,           1.00093424446651,                 -0.00235030054468215
         761,    3057.7108314,           1.00082239257497,                 -0.00205598143742474
         762,3057.70995931111,           1.00085741635786,                 -0.00190863230345492
         763,3057.70908722222,           1.00089242204517,                 -0.00146779941640295
         764,3057.70821513333,           1.00078213618561,                 -0.00146742248707568
         765,3057.70734304444,           1.00096384764459,                 -0.00117363487925498
         766,3057.70647095556,           1.00070693352185,                -0.000880000234666729
         767,3057.70559886667,           1.00103666753178,                -0.000146629070972869
         768,3057.70472677778,           1.00077986654314,                 0.000732957277386216
         769,3057.70385468889,           1.00081630499617,                  0.00161209245203659
         770,    3057.7029826,           1.00070620848095,                  0.00234426051767133
         771,3057.70211051111,           1.00074264713422,                  0.00219718087046447
         772,3057.70123842222,           1.00063262592478,                  0.00161085304919838
         773,3057.70036633333,              1.00096333754,                  0.00102482717021794
         774,3057.69949424444,           1.00085331600355,                                    0
         775,3057.69862215556,           1.00089114430831,                -0.000877974687989745
         776,3057.69775006667,           1.00107524522174,                 -0.00175550240284391
         777,3057.69687797778,           1.00096674315784,                 -0.00204756493340295
         778,3057.69600588889,           1.00100451373201,                 -0.00204704399536198
         779,    3057.6951338,           1.00104226509201,                 -0.00131562213578098
         780,3057.69426171111,           1.00078771112193,                -0.000584572261169349
         781,3057.69338962222,           1.00111771022814,                 0.000584423648702945
         782,3057.69251753333,           1.00101079741984,                  0.00204496587828363
         783,3057.69164544444,           1.00090247699268,                  0.00335873314427073
         784,3057.69077335556,           1.00079567270843,                  0.00481783474826813
         785,3057.68990126667,           1.00068892236195,                  0.00613024135635969
         786,3057.68902917778,           1.00101998975633,                  0.00744198534658493
         787,3057.68815708889,           1.00091323668002,                  0.00758599159122009
         788,     3057.687285,           1.00095238511946,                  0.00714653458703969
         789,3057.68641291111,           1.00099151380829,                  0.00612405587471931
         790,3057.68554082222,           1.00103062276146,                  0.00422744838504183
         791,3057.68466873333,           1.00107117092828,                  0.00204032557766718
         792,3057.68379664444,           1.00125594095038,                -0.000437102418924786
         793,3057.68292455556,           1.00100508368414,                 -0.00305895034303943
         794,3057.68205246667,            1.0013368633516,                 -0.00495134574664838
         795,3057.68118037778,           1.00108611145891,                  -0.0062604279803277
         796,3057.68030828889,           1.00112659491781,                 -0.00654997045235551
         797,    3057.6794362,            1.0010215396436,                 -0.00582073870994968
         798,3057.67856411111,           1.00106201899996,                  -0.0045099436984448
         799,3057.67769202222,           1.00139336942325,                 -0.00276346754089205
         800,3057.67681993333,           1.00114291696839,                 -0.00203572996914415
         801,3057.67594784444,           1.00103941792596,                 -0.00159910450147917
         802,3057.67507575556,           1.00122518919217,                 -0.00145336796224731
         803,3057.67420366667,           1.00112172129004,                 -0.00188890890809441
         804,3057.67333157778,           1.00130883397565,                 -0.00188843969848881
         805,3057.67245948889,           1.00120394265806,                 -0.00246888120469785
         806,    3057.6715874,           1.00110055724785,                 -0.00362980622642441
         807,3057.67071531111,           1.00143269179127,                 -0.00420953008580184
         808,3057.66984322222,           1.00133075406011,                  -0.0050792139698701
         809,3057.66897113333,           1.00122741398672,                 -0.00536812263693791
         810,3057.66809904444,           1.00112412517678,                 -0.00551183957645864
         811,3057.66722695556,           1.00116590003422,                 -0.00551047279856612
         812,3057.66635486667,            1.0014990591012,                 -0.00536413798302613
         813,3057.66548277778,           1.00139723104752,                 -0.00507293430115257
         814,3057.66461068889,           1.00114909716899,                 -0.00492677222517668
         815,    3057.6637386,           1.00119227498526,                  -0.0046358201127953
         816,3057.66286651111,           1.00123543153928,                 -0.00420017756612745
         817,3057.66199442222,           1.00127856684675,                 -0.00376474949212081
         818,3057.66112233333,           1.00103215607705,                 -0.00289524846298497
         819,3057.66025024444,           1.00122004697832,                 -0.00202617529021343
         820,3057.65937815555,           1.00126315423938,                 -0.00101283845082018
         821,3057.65850606667,            1.0015955515502,                                    0
         822,3057.65763397778,           1.00120613305643,                  0.00115696216444482
         823,3057.65676188889,            1.0011046272895,                  0.00130126251380784
         824,    3057.6558898,           1.00100461835344,                  0.00144549403372338
         825,3057.65501771111,           1.00090465826751,                  0.00115611280192608
         826,3057.65414562222,           1.00123673686401,                 0.000288957211216163
         827,3057.65327353333,            1.0009923257255,                -0.000433330011136581
         828,3057.65240144444,           1.00089244196961,                 -0.00158848894267288
         829,3057.65152935556,           1.00093697980657,                 -0.00245433847637555
         830,3057.65065726667,           1.00083715828065,                 -0.00288675269189689
         831,3057.64978517778,           1.00059308300709,                 -0.00274174626148467
         832,3057.64891308889,           1.00092619575912,                 -0.00274107779178773
         833,     3057.648041,           1.00097212566671,                 -0.00302887819005778
         834,3057.64716891111,           1.00116078702802,                  -0.0033165343657849
         835,3057.64629682222,           1.00091831335966,                 -0.00331573112592138
         836,3057.64542473333,           1.00067451486815,                 -0.00389143193164916
         837,3057.64455264444,            1.0007204610951,                 -0.00302593659942363
         838,3057.64368055556,           1.00076638508257,                 -0.00216086019522652
         839,3057.64280846667,           1.00081084545401,                 -0.00129620054814881
         840,3057.64193637778,           1.00071273784926,                -0.000719937221474287
         841,3057.64106428889,           1.00047072507496,                -0.000143952622312944
         842,    3057.6401922,           1.00066058278081,                 0.000143917817169683
         843,3057.63932011111,           1.00070646567167,                 0.000287766057705728
         844,3057.63844802222,           1.00046462987124,                 0.000575393029401145
         845,3057.63757593333,            1.0006557905152,                 0.000719068547366483
         846,3057.63670384444,           1.00041408343781,                 0.000862673828776498
         847,3057.63583175556,           1.00060372585097,                 0.000718721251149954
         848,3057.63495966667,           1.00050729542557,                   0.0010059682660125
         849,3057.63408757778,           1.00040947393375,                 0.000862050386845111
         850,3057.63321548889,           1.00045677710714,                 0.000861843598369392
         851,    3057.6323434,           1.00050405759181,                 0.000574424606052425
         852,3057.63147131111,            1.0005513154041,                 0.000143571719816917
         853,3057.63059922222,           1.00045357723157,                -0.000287074197197008
         854,3057.62972713333,           1.00035732172301,                -0.000574010800013202
         855,3057.62885504444,           1.00040458065645,                 -0.00114774654313088
         856,3057.62798295556,           1.00030838299734,                 -0.00129090557025754
         857,3057.62711086667,           1.00035563101561,                 -0.00114719682455919
         858,3057.62623877778,           1.00025949113931,                -0.000573461081346888
         859,3057.62536668889,            1.0001648308334,                -0.000143331159477415
         860,    3057.6244946,           1.00006878249256,                -0.000429890578518081
         861,3057.62362251111,           1.00025930526246,                -0.000573050303788292
         862,3057.62275042222,           1.00016471279102,                 -0.00114582811146043
         863,3057.62187833333,          0.999925538983206,                 -0.00171833115678053
         864,3057.62100624445,          0.999974231157966,                  -0.0015747625687527
         865,3057.62013415556,          0.999878342886995,                 -0.00143126015300171
         866,3057.61926206667,           1.00007011508891,                 -0.00143092018184134
         867,3057.61838997778,          0.999975680133673,                 -0.00200281252101165
         868,3057.61751788889,          0.999881290019923,                 -0.00228838515810596
         869,    3057.6166458,          0.999928505040395,                 -0.00257381854579252
         870,3057.61577371111,          0.999977127042126,                 -0.00243025177408379
         871,3057.61490162222,           1.00002572597266,                  -0.0017150648437433
         872,3057.61402953333,          0.999788525508396,                 -0.00142888170002629
         873,3057.61315744444,           0.99983714611422,                 -0.00128568857194285
         874,3057.61228535556,           1.00002999233053,                -0.000999744351087365
         875,3057.61141326667,           0.99993574595378,                -0.000999507385645646
         876,3057.61054117778,          0.999556038377699,                -0.000856517599295372
         877,3057.60966908889,          0.999604668056751,                -0.000428157339259031
         878,     3057.608797,          0.999512015547013,                -0.000285371025138334
         879,3057.60792491111,          0.999845936137676,                 0.000427955173122133
         880,3057.60705282222,          0.999609226811034,                 0.000570471808709393
         881,3057.60618073333,          0.999516638886473,                 0.000285168798541076
         882,3057.60530864444,          0.999565220490232,                -0.000285101317880842
         883,3057.60443655556,          0.999472686590563,                -0.000997619963800647
         884,3057.60356446667,           0.99980764709654,                -0.000712418160963759
         885,3057.60269237778,          0.999428775742485,                -0.000712249697650003
         886,3057.60182028889,          0.999478755735823,                -0.000427249396866268
         887,    3057.6009482,          0.999528712245366,                 -0.00014238300744236
         888,3057.60007611111,           0.99957864528766,                 0.000142349564979729
         889,3057.59920402222,          0.999486238741015,                 0.000569264552892504
         890,3057.59833193333,          0.999251592855131,                  0.00071141363580744
         891,3057.59745984444,          0.999159306449158,                 0.000426747995351292
         892,3057.59658775555,          0.999635927162678,                                    0
         893,3057.59571566667,          0.999259228716333,                 -0.00071091294017952
         894,3057.59484357778,          0.999309154695332,                 -0.00127934315679345
         895,3057.59397148889,          0.999216941353029,                 -0.00113692725513074
         896,    3057.5930994,           0.99912477124703,                 -0.00113666071814224
         897,3057.59222731111,          0.999600841499984,                -0.000426147864786123
         898,3057.59135522222,          0.999226011687934,                 0.000426048612146646
         899,3057.59048313333,          0.999275887038378,                  0.00127784640286238
         900,3057.58961104444,          0.999041839667838,                  0.00170339614606622
         901,3057.58873895555,          0.999093152663988,                  0.00269641617906474
         902,3057.58786686667,          0.998859257325441,                  0.00340520201360946
         903,3057.58699477778,          0.999052439259654,                  0.00425551230694159
         904,3057.58612268889,           0.99896047979601,                  0.00510541982859971
         905,    3057.5852506,          0.998869979597248,                  0.00524601692620272
         906,3057.58437851111,          0.998919856774709,                  0.00510303885964092
         907,3057.58350642222,          0.999112844481354,                  0.00453498028700756
         908,3057.58263433333,          0.999020956628804,                  0.00340044007361953
         909,3057.58176224444,           0.99893052673329,                  0.00226643341289459
         910,3057.58089015556,          0.998840138843453,                  0.00169943026600332
         911,3057.58001806667,          0.999032965539309,                   0.0011326904371194
         912,3057.57914597778,          0.999082735034992,                 0.000849319412044482
         913,3057.57827388889,            0.9987093341183,                 0.000141520381765382
         914,    3057.5774018,          0.998760569119495,                -0.000282975086873352
         915,3057.57652971111,           0.99881178034911,                -0.000424364161032054
         916,3057.57565762222,           0.99872154591121,                -0.000282843824953614
         917,3057.57478553333,          0.998772742439924,                 0.000282778239648903
         918,3057.57391344444,          0.998682558889052,                 0.000565425369505479
         919,3057.57304135556,          0.998733740722107,                 0.000989265060853934
         920,3057.57216926667,          0.998926189668814,                  0.00169548999660902
         921,3057.57129717778,          0.998836033246507,                  0.00183635531497731
         922,3057.57042508889,          0.998604693201975,                  0.00197715538181695
         923,     3057.569553,          0.998655845659455,                  0.00254146829094729
         924,3057.56868091111,          0.998848134429488,                  0.00239971993856717
         925,3057.56780882222,          0.999040334189506,                  0.00268141917638093
         926,3057.56693673333,          0.998669475395171,                  0.00253970762321462
         927,3057.56606464444,          0.998720565603105,                  0.00225699562848159
         928,3057.56519255555,          0.998771632177878,                  0.00183338480913759
         929,3057.56432046667,          0.998681678146171,                  0.00126897290742843
         930,3057.56344837778,          0.998875102551741,                  0.00056385837005461
         931,3057.56257628889,          0.998785166060189,                -0.000140932011578974
         932,    3057.5617042,          0.998695271132803,                -0.000563597782806322
         933,3057.56083211111,          0.999029425727121,                -0.000563468373224546
         934,3057.55996002222,          0.998939515782625,                -0.000704172787101808
         935,3057.55908793333,          0.998708845324739,                -0.000563208146242627
         936,3057.55821584444,             0.998620456657,                -0.000422309186632507
         937,3057.55734375555,          0.998812177711725,                -0.000281474475894526
         938,3057.55647166666,          0.999005215932867,                                    0
         939,3057.55559957778,           0.99863407003521,                -0.000281344997896946
         940,3057.55472748889,          0.998967700560029,                -0.000421920752031548
         941,    3057.5538554,          0.998737341781051,                -0.000984254736374399
         942,3057.55298331111,          0.998789644076636,                 -0.00126518040769736
         943,3057.55211122222,           0.99869997540494,                 -0.00140543199465936
         944,3057.55123913333,          0.998752262227268,                 -0.00140511010442778
         945,3057.55036704445,          0.998943600636087,                 -0.00126430774936363
         946,3057.54949495555,          0.998855361193233,                -0.000842678876147272
         947,3057.54862286667,           0.99862674780743,                -0.000280828669237185
         948,3057.54775077778,          0.998817983496691,                  0.00014038200751886
         949,3057.54687868889,          0.998729833474853,                 0.000280699784562915
         950,    3057.5460066,          0.998641723776008,                  0.00126286012561249
         951,3057.54513451111,          0.998552253546418,                  0.00224456814508889
         952,3057.54426242222,          0.998464224854312,                  0.00252456188332316
         953,3057.54339033333,          0.998516457783549,                  0.00294464901185992
         954,3057.54251824445,          0.998567266956578,                   0.0026635937206479
         955,3057.54164615556,          0.998759609522274,                  0.00252282809028921
         956,3057.54077406667,          0.998531488913302,                   0.0023821267627738
         957,3057.53990197778,          0.998443565593694,                  0.00182121037641617
         958,3057.53902988889,          0.998634405966595,                 0.000700304632515144
         959,    3057.5381578,          0.998546499416079,                -0.000280057915977024
         960,3057.53728571111,          0.998598629989318,                -0.000699985020320565
         961,3057.53641362222,          0.998790701840821,                -0.000559860258879384
         962,3057.53554153333,          0.998422953512812,                -0.000559732559782936
         963,3057.53466944445,          0.998613580752975,                -0.000139901034008542
         964,3057.53379735556,          0.998525779280905,                 0.000139869138434081
         965,3057.53292526667,          0.998577855092244,                -0.000139837257399838
         966,3057.53205317778,           0.99862990716922,                -0.000279610781791746
         967,3057.53118108889,          0.998542161989145,                 -0.00097841477238578
         968,     3057.530309,          0.998594198483523,                 -0.00097819191007342
         969,3057.52943691111,          0.998506501399195,                 -0.00111767902773101
         970,3057.52856482222,          0.998277771802669,                 -0.00153645662373434
         971,3057.52769273333,          0.998469478952543,                 -0.00209469121458575
         972,3057.52682064444,          0.998521484546791,                 -0.00223382882448947
         973,3057.52594855555,          0.998294301403363,                 -0.00209373804824531
         974,3057.52507646667,          0.998625424757705,                 -0.00181416021825743
         975,3057.52420437778,           0.99825880225686,                 -0.00209278574896616
         976,3057.52333228889,           0.99845029578288,                  -0.0026502592371996
         977,    3057.5224602,          0.998362791009017,                  -0.0032074792838675
         978,3057.52158811111,             0.998275326008,                 -0.00460098963104246
         979,3057.52071602222,          0.998327293002509,                 -0.00543629774184555
         980,3057.51984393333,          0.998239875801846,                 -0.00668930811649988
         981,3057.51897184444,          0.998152498307153,                 -0.00682711786949337
         982,3057.51809975555,          0.998204457792221,                 -0.00654697313930148
         983,3057.51722766667,          0.997838596647596,                  -0.0055706271969161
         984,3057.51635557778,          0.998308306008647,                 -0.00473395849432273
         985,3057.51548348889,          0.998081789809822,                 -0.00361926450977062
         986,    3057.5146114,          0.998133718187271,                  -0.0030617598717401
         987,3057.51373931111,          0.998185623010307,                 -0.00208709009550524
         988,3057.51286722222,          0.998098396504499,                 -0.00264304801861819
         989,3057.51199513333,          0.998011209546194,                 -0.00319875387675062
         990,3057.51112304445,          0.997924062108502,                 -0.00417134204587642
         991,3057.51025095555,          0.997836954164558,                 -0.00458743654046119
         992,3057.50937886667,          0.997888867423932,                  -0.0052813059835807
         993,3057.50850677778,          0.997801806909163,                 -0.00528010982628439
         994,3057.50763468889,          0.997575867026929,                 -0.00500107662066139
         995,    3057.5067626,          0.997766691481206,                 -0.00430550771658093
         996,3057.50589051111,          0.997679717733705,                 -0.00305483003342262
         997,3057.50501842222,          0.997592783347725,                 -0.00180471836675764
         998,3057.50414633333,          0.997505888296551,                -0.000555172332431641
         999,3057.50327424444,          0.997557794244165,                -0.000277523381344878
        1000,3057.50240215556,          0.997470946404318,                  0.00041619093730361
        1001,3057.50153006667,          0.997384137833467,                -0.000138698948384573
        1002,3057.50065797778,          0.997436036103496,                -0.000277335197025857
        1003,3057.49978588889,          0.997210638392263,                -0.000693181314049953
        1004,    3057.4989138,          0.997123947468727,                -0.000693024706330781
        1005,3057.49804171111,          0.997175869341692,                 -0.00110858907097464
        1006,3057.49716962222,          0.997090606816293,                 -0.00152396785813245
        1007,3057.49629753333,          0.996865490336762,                 -0.00166213504016134
        1008,3057.49542544444,          0.997194395437915,                 -0.00152327987082587
        1009,3057.49455335555,          0.997107805878256,                 -0.00110758989822633
        1010,3057.49368126667,          0.997159672891763,                -0.000692087502007054
        1011,3057.49280917778,          0.997073130228407,                -0.000415158832850135
        1012,3057.49193708889,          0.997401691805783,                                    0
        1013,     3057.491065,          0.997176809725828,                  0.00124491486857157
        1014,3057.49019291111,          0.996952029030402,                  0.00193609771208568
        1015,3057.48932082222,          0.997003872705377,                  0.00290349207139272
        1016,3057.48844873333,          0.996917462643241,                   0.0033175289938211
        1017,3057.48757664445,          0.996692892275077,                  0.00373137938039754
        1018,3057.48670455555,          0.996744759283515,                  0.00359237090953305
        1019,3057.48583246667,          0.996796602934859,                  0.00290087703182262
        1020,3057.48496037778,          0.996572211434617,                  0.00179537676671979
        1021,3057.48408828889,          0.996762145406596,                 0.000276149645492893
        1022,    3057.4832162,                          1,                                    0
        1023,3057.48234411111,                          1,                                    0
