"SCAN INDEX",      WAVENUMBER,"SCIENCE DIRECT ABSORPTION","SCIENCE HARMONIC ABSORPTION SPECTRA"
           0,3058.41469805405,                          1,                                    0
           1,3058.41377927027,                          1,                                    0
           2,3058.41286048648,                          1,                                    0
           3, 3058.4119417027,                          1,                                    0
           4,3058.41102291891,                          1,                                    0
           5,3058.41010413513,                          1,                                    0
           6,3058.40918535135,                          1,                                    0
           7,3058.40826656757,                          1,                                    0
           8,3058.40734778377,                          1,                                    0
           9,     3058.406429,                          1,                                    0
          10,3058.40551021621,                          1,                                    0
          11,3058.40459143243,                          1,                                    0
          12,3058.40367264864,                          1,                                    0
          13,3058.40275386486,                          1,                                    0
          14,3058.40183508107,                          1,                                    0
          15,3058.40091629729,                          1,                                    0
          16,3058.39999751351,                          1,                                    0
          17,3058.39907872973,                          1,                                    0
          18,3058.39815994594,                          1,                                    0
          19,3058.39724116216,                          1,                                    0
          20,3058.39632237837,                          1,                                    0
          21,3058.39540359459,                          1,                                    0
          22,3058.39448481081,                          1,                                    0
          23,3058.39356602702,                          1,                                    0
          24,3058.39264724324,                          1,                                    0
          25,3058.39172845946,                          1,                                    0
          26,3058.39080967567,                          1,                                    0
          27,3058.38989089189,                          1,                                    0
          28,3058.38897210811,                          1,                                    0
          29,3058.38805332432,                          1,                                    0
          30,3058.38713454054,                          1,                                    0
          31,3058.38621575675,                          1,                                    0
          32,3058.38529697297,                          1,                                    0
          33,3058.38437818918,                          1,                                    0
          34, 3058.3834594054,                          1,                                    0
          35,3058.38254062161,                          1,                                    0
          36,3058.38162183783,                          1,                                    0
          37,3058.38070305405,                          1,                                    0
          38,3058.37978427027,                          1,                                    0
          39,3058.37886548648,                          1,                                    0
          40, 3058.3779467027,                          1,                                    0
          41,3058.37702791892,                          1,                                    0
          42,3058.37610913513,                          1,                                    0
          43,3058.37519035135,                          1,                                    0
          44,3058.37427156757,                          1,                                    0
          45,3058.37335278378,                          1,                                    0
          46,     3058.372434,                          1,                                    0
          47,3058.37151521621,                          1,                                    0
          48,3058.37059643243,                          1,                                    0
          49,3058.36967764864,                          1,                                    0
          50,3058.36875886486,                          1,                                    0
          51,3058.36784008107,                          1,                                    0
          52,3058.36692129729,                          1,                                    0
          53, 3058.3660025135,                          1,                                    0
          54,3058.36508372972,                          1,                                    0
          55,3058.36416494595,                          1,                                    0
          56,3058.36324616216,                          1,                                    0
          57,3058.36232737837,                          1,                                    0
          58,3058.36140859459,                          1,                                    0
          59,3058.36048981081,                          1,                                    0
          60,3058.35957102702,                          1,                                    0
          61,3058.35865224324,                          1,                                    0
          62,3058.35773345945,                          1,                                    0
          63,3058.35681467567,                          1,                                    0
          64,3058.35589589189,                          1,                                    0
          65, 3058.3549771081,                          1,                                    0
          66,3058.35405832432,                          1,                                    0
          67,3058.35313954054,                          1,                                    0
          68,3058.35222075675,                          1,                                    0
          69,3058.35130197297,                          1,                                    0
          70,3058.35038318919,                          1,                                    0
          71,3058.34946440541,                          1,                                    0
          72,3058.34854562161,                          1,                                    0
          73,3058.34762683784,                          1,                                    0
          74,3058.34670805405,                          1,                                    0
          75,3058.34578927026,                          1,                                    0
          76,3058.34487048648,          0.982732381405555,                 0.000786500505326575
          77, 3058.3439517027,          0.986937134344901,                  0.00255479544931974
          78,3058.34303291892,           0.99054824871541,                  0.00392840868021182
          79,3058.34211413513,          0.993764920216108,                  0.00431900992587008
          80,3058.34119535134,          0.995014137402603,                   0.0045129807060264
          81,3058.34027656756,          0.995869826987719,                  0.00372617698163975
          82,3058.33935778379,          0.995940576786999,                  0.00254816522303306
          83,     3058.338439,          0.995621381762614,                 0.000587733991595404
          84,3058.33752021621,          0.994125709810065,                -0.000783238691991384
          85,3058.33660143243,           0.99341442173143,                 -0.00136995684635934
          86,3058.33568264865,          0.992510205798184,                 -0.00156485645376143
          87,3058.33476386486,          0.991995996042964,                 -0.00175955143168835
          88,3058.33384508108,          0.991482318825854,                -0.000977022387490987
          89,3058.33292629729,          0.991361716172906,                -0.000390607453180814
          90,3058.33200751351,          0.991239302892123,                 0.000585608095446311
          91,3058.33108872973,          0.991702321516019,                 0.000585305324522537
          92,3058.33016994594,          0.991579858741308,                  0.00136500668853277
          93,3058.32925116215,          0.991654355444159,                  0.00214390682191151
          94,3058.32833237837,          0.991726843635981,                  0.00311680013713921
          95,3058.32741359459,          0.992188656028286,                  0.00369929051501912
          96,3058.32649481081,          0.992068125384334,                  0.00389198950719629
          97,3058.32557602703,          0.991945789190125,                  0.00427898183572211
          98,3058.32465724323,          0.992212376994047,                  0.00427677748704331
          99,3058.32373845945,          0.992286319389123,                  0.00369168593467659
         100,3058.32281967568,          0.992358258809364,                  0.00407818462524396
         101,3058.32190089189,          0.992430124223602,                  0.00446428571428571
         102, 3058.3209821081,          0.991921841292505,                  0.00484999922400012
         103,3058.32006332432,          0.992381657808655,                  0.00484750712098796
         104,3058.31914454054,          0.992259599917829,                  0.00465121687461482
         105,3058.31822575675,          0.992139589120169,                  0.00387403197625993
         106,3058.31730697297,          0.992211382648982,                  0.00348483997808423
         107,3058.31638818918,          0.992672029288662,                  0.00251554315414281
         108, 3058.3154694054,           0.99255007233315,                  0.00290106217556455
         109,3058.31455062162,          0.992814850468861,                  0.00328618622624039
         110,3058.31363183784,          0.992501656745514,                  0.00367092300528806
         111,3058.31271305405,           0.99315240438277,                  0.00405525967179432
         112,3058.31179427027,          0.993032367643937,                  0.00386018413078304
         113,3058.31087548648,          0.992910537738124,                  0.00347238967928623
         114, 3058.3099567027,          0.992790746550105,                  0.00308499746451771
         115,3058.30903791892,          0.993247305860044,                  0.00250528036014369
         116,3058.30811913513,          0.993127465483235,                  0.00231139053254438
         117,3058.30720035134,          0.993775905650969,                  0.00211769371603267
         118,3058.30628156757,          0.993271079109558,                  0.00211661795238379
         119,3058.30536278378,          0.993726464626261,                  0.00230786095907009
         120,3058.30444399999,          0.993991073110533,                  0.00211446563608893
         121,3058.30352521621,          0.994061376661652,                  0.00288189421142729
         122,3058.30260643244,          0.993941488799916,                  0.00288043321715586
         123,3058.30168764865,          0.994395608613873,                  0.00307089938965875
         124,3058.30076886486,          0.994275673145541,                  0.00364484618749089
         125,3058.29985008107,          0.994539332908956,                  0.00402647503202006
         126,3058.29893129729,          0.994225900849538,                  0.00459934880886448
         127,3058.29801251351,          0.994489318625413,                   0.0055547361787629
         128,3058.29709372972,          0.994752470129666,                  0.00593482035681672
         129,3058.29617494595,           0.99482210307574,                  0.00631450844421993
         130,3058.29525616216,          0.994702316063266,                  0.00592881595807753
         131,3058.29433737837,          0.994964961176295,                  0.00497004591557804
         132,3058.29341859459,          0.995034381036265,                  0.00401223540740429
         133,3058.29249981081,          0.995296593419814,                  0.00267347511663035
         134,3058.29158102702,          0.995176808982931,                  0.00114519770884112
         135,3058.29066224323,          0.995629455675508,                 0.000190770158205692
         136,3058.28974345946,           0.99550962427663,                 -0.00114404477028534
         137,3058.28882467568,          0.995769172129898,                 -0.00190577831986583
         138,3058.28790589188,          0.995649391219542,                 -0.00247626594334304
         139,3058.28698710811,          0.996100889484586,                  -0.0028557938345315
         140,3058.28606832432,          0.996171352890134,                 -0.00361552162462513
         141,3058.28514954054,          0.996431940598278,                 -0.00418429140926935
         142,3058.28423075676,          0.996121967911186,                 -0.00494258991711657
         143,3058.28331197297,          0.996382318963945,                 -0.00494011065847875
         144,3058.28239318918,          0.996452499962018,                 -0.00531745187706051
         145, 3058.2814744054,          0.996522610623501,                 -0.00512497342606372
         146,3058.28055562162,          0.996592651054077,                 -0.00493268778362955
         147,3058.27963683783,          0.996852245145631,                 -0.00379247572815534
         148,3058.27871805405,          0.996732521644201,                 -0.00322199141813109
         149,3058.27779927028,          0.996802352014064,                 -0.00284151183584397
         150,3058.27688048648,          0.996872112573653,                 -0.00227207319105106
         151, 3058.2759617027,          0.996941803427603,                 -0.00208169321140919
         152,3058.27504291892,          0.997202461228836,                  -0.0022698083336013
         153,3058.27412413513,          0.997271917768077,                 -0.00283584431592818
         154,3058.27320535135,          0.997341305009193,                 -0.00302339160290775
         155,3058.27228656756,          0.997599490812528,                  -0.0024552808369108
         156,3058.27136778378,          0.997292981005561,                 -0.00188773988454583
         157,     3058.270449,          0.997362254197186,                    -0.00132075970098
         158,3058.26953021622,          0.997244753055571,                 0.000188586375388724
         159,3058.26861143243,          0.997502473964469,                  0.00169643277885114
         160,3058.26769264865,          0.997759938506638,                  0.00282598169894252
         161,3058.26677386486,          0.997830720908687,                  0.00338949858017671
         162,3058.26585508108,          0.997711343155486,                   0.0031996024964428
         163, 3058.2649362973,          0.997782079427517,                  0.00300990069208904
         164,3058.26401751351,          0.997850869523525,                  0.00263235578920847
         165,3058.26309872972,          0.997921466775417,                   0.0016913923165685
         166,3058.26217994594,          0.997804154637103,                  0.00112703782526781
         167,3058.26126116216,          0.998060578296876,                 0.000187746534668336
         168,3058.26034237837,          0.998130967393262,                -0.000750615504713865
         169,3058.25942359459,          0.998201287045703,                 -0.00168805178192622
         170,3058.25850481081,          0.998084068523608,                  -0.0029995013329034
         171,3058.25758602702,          0.998152471678103,                 -0.00374752195110983
         172,3058.25666724324,          0.998222676697587,                 -0.00449481130220302
         173,3058.25574845945,          0.998292812591256,                 -0.00524136485140731
         174,3058.25482967567,             0.998175779971,                 -0.00542588521446279
         175,3058.25391089189,          0.998245869940045,                 -0.00561022407234945
         176,3058.25299210811,           0.99850280653681,                 -0.00504671953884198
         177,3058.25207332431,          0.998199019549232,                 -0.00429694505888683
         178,3058.25115454054,          0.998455726788752,                 -0.00298771117049187
         179,3058.25023575675,          0.998712182011609,                 -0.00186640288172605
         180,3058.24931697297,          0.998408739434347,                 -0.00130584102691338
         181,3058.24839818919,           0.99848037067768,                 -0.00111874551336435
         182, 3058.2474794054,          0.998363704810857,                 -0.00130456336264252
         183,3058.24656062161,          0.998247153253943,                 -0.00149019914648844
         184,3058.24564183784,          0.998875450564509,                 -0.00204802049509965
         185,3058.24472305406,           0.99838843544251,                 -0.00167483614519713
         186,3058.24380427027,          0.998458044487928,                 -0.00148801496943059
         187,3058.24288548648,          0.998715353110574,                -0.000929556359931659
         188, 3058.2419667027,          0.998598914065491,                -0.000743281662869736
         189,3058.24104791892,          0.998484443255773,                 -0.00111437995899082
         190,3058.24012913513,          0.998368230430368,                -0.000928196569756757
         191,3058.23921035135,          0.998253983274607,                 -0.00111329440513897
         192,3058.23829156756,          0.998696223871158,                 -0.00129821236157811
         193,3058.23737278378,          0.998396559554373,                 -0.00111221302586822
         194,     3058.236454,          0.998651172442416,                  -0.0009263925532861
         195,3058.23553521621,          0.998722198559233,                                    0
         196,3058.23461643243,          0.998608056980816,                 0.000555296417227516
         197,3058.23369764865,          0.998494026056679,                  0.00111005450367613
         198,3058.23277886486,          0.998195186176901,                  0.00203411393996775
         199,3058.23186008108,          0.998266295528225,                  0.00221795881250485
         200,3058.23094129729,          0.998522076482542,                  0.00221688527618696
         201,3058.23002251351,          0.998223656755829,                   0.0020311617137096
         202,3058.22910372973,          0.998481053775864,                  0.00166105905434062
         203,3058.22818494595,          0.998182941789572,                  0.00166025623287861
         204,3058.22726616215,          0.998253885427595,                   0.0014750703885151
         205,3058.22634737838,          0.998326600418718,                  0.00184295108070651
         206,3058.22542859459,          0.998028994050141,                  0.00294729861661171
         207,3058.22450981081,          0.998285864736132,                  0.00368235287619377
         208,3058.22359102702,           0.99798856444599,                   0.0046007217612299
         209,3058.22267224324,          0.998061266908732,                  0.00515033458780769
         210,3058.22175345945,          0.998132064509961,                  0.00514785371270564
         211,3058.22083467567,          0.998204628273521,                  0.00514538468182227
         212,3058.21991589189,          0.998277122463899,                  0.00459189108769043
         213, 3058.2189971081,          0.998349547181104,                  0.00385534028885678
         214,3058.21807832432,          0.997871403405755,                  0.00293599530240752
         215,3058.21715954054,          0.998310776730904,                  0.00183411864179846
         216,3058.21624075675,          0.998016433172864,                 0.000916620530099985
         217,3058.21532197297,          0.998088844016323,                 0.000732945727201265
         218,3058.21440318918,           0.99834433447374,                  0.00109889304840258
         219, 3058.2134844054,          0.998233458120143,                  0.00183061334700191
         220,3058.21256562162,          0.998307488221033,                  0.00182974246374823
         221,3058.21164683784,          0.998196735102947,                  0.00182886906394824
         222,3058.21072805405,          0.998268887316812,                  0.00146239719804697
         223,3058.20980927027,          0.997977369191331,                  0.00200984091195618
         224,3058.20889048649,          0.997868753960703,                  0.00237413868987722
         225, 3058.2079717027,          0.998123498616354,                  0.00328570281183145
         226,3058.20705291892,          0.998014917312548,                  0.00419640641648786
         227,3058.20613413513,          0.998271170862299,                  0.00492388045547718
         228,3058.20521535135,          0.997980342977135,                   0.0054683854409706
         229,3058.20429656756,          0.998236370129066,                  0.00564798822303359
         230,3058.20337778379,          0.998310047930537,                  0.00528110021707143
         231,3058.20245899999,           0.99820163527416,                  0.00527860091592827
         232,3058.20154021621,          0.998093325182662,                  0.00454836549937414
         233,3058.20062143243,          0.998348814710824,                  0.00436436640310743
         234,3058.19970264865,          0.998240537435838,                  0.00436230387808815
         235,3058.19878386486,          0.998134175830764,                  0.00454192835743886
         236,3058.19786508108,          0.998026101941756,                  0.00490296665801081
         237,3058.19694629729,          0.998282953320289,                   0.0054451797453834
         238,3058.19602751351,          0.998537751766127,                  0.00562403166874091
         239,3058.19510872973,          0.998250115601171,                  0.00652806615107033
         240,3058.19418994594,          0.998325249581312,                  0.00652500163125041
         241,3058.19327116216,          0.998762643052413,                  0.00670310498692895
         242,3058.19235237838,           0.99865638614955,                  0.00615672114761282
         243,3058.19143359459,          0.998369233720844,                  0.00524885927808275
         244,3058.19051481081,          0.998444171068818,                  0.00452275852087705
         245,3058.18959602702,          0.998699863838313,                  0.00433981472607632
         246,3058.18867724324,          0.998774576252806,                  0.00433778317590795
         247,3058.18775845946,           0.99848970979304,                  0.00523904497629784
         248,3058.18683967568,          0.998745022977817,                  0.00577831146904541
         249,3058.18592089189,          0.998821412391955,                  0.00649757333684684
         250, 3058.1850021081,          0.998715524830781,                  0.00685534500425753
         251,3058.18408332433,          0.998791856753881,                  0.00703247561173522
         252,3058.18316454054,          0.998868117686923,                  0.00684896941033978
         253,3058.18224575675,          0.998944307728893,                  0.00612517699960006
         254,3058.18132697297,          0.999380564118816,                  0.00486185139301046
         255,3058.18040818918,          0.999096475534645,                  0.00377968401841606
         256, 3058.1794894054,          0.999172453495484,                  0.00287842262440183
         257,3058.17857062162,          0.999248360959365,                  0.00233763337996612
         258,3058.17765183783,           0.99914625926758,                  0.00233655358346439
         259,3058.17673305405,          0.999401760226217,                  0.00233547058834097
         260,3058.17581427027,          0.999299682163443,                  0.00233439278852197
         261,3058.17489548649,          0.999375390381012,                  0.00179485522697739
         262, 3058.1739767027,          0.999632224325221,                  0.00107641660910828
         263,3058.17305791892,          0.999350861274392,                 0.000358640179893914
         264,3058.17213913513,          0.999786707389424,                 -0.00035847497575813
         265,3058.17122035135,          0.999684687267098,                -0.000716619847503296
         266,3058.17030156756,          0.999582761047431,                  -0.0010744350709933
         267,3058.16938278378,          0.999838908876121,                -0.000894950688217079
         268,3058.16846399999,          0.999737005476369,                 -0.00107344703522874
         269,3058.16754521622,           1.00017346115811,                                    0
         270,3058.16662643243,           1.00025024130411,                  0.00107246273192007
         271,3058.16570764864,          0.999971414074281,                   0.0014292962859736
         272,3058.16478886486,           1.00022858285771,                  0.00160722321830377
         273,3058.16387008108,           1.00012851910294,                  0.00107099252447218
         274,3058.16295129729,            1.0002051794428,                 0.000178416906786087
         275,3058.16203251352,           1.00046188882211,                -0.000891677262764806
         276,3058.16111372972,           1.00036363895643,                 -0.00213905268486763
         277,3058.16019494594,           1.00079821541839,                  -0.0023162500979952
         278,3058.15927616216,           1.00087621191506,                 -0.00195901037919317
         279,3058.15835737837,           1.00059989710964,                 -0.00213613214113425
         280,3058.15743859459,           1.00085584295193,                 -0.00160136934872309
         281,3058.15651981081,           1.00075763773534,                 -0.00106709540188591
         282,3058.15560102702,           1.00083729016637,                -0.000355537225636367
         283,3058.15468224324,           1.00091687041565,                -0.000355376130096094
         284,3058.15376345946,           1.00099637858124,                 -0.00106564554142786
         285,3058.15284467567,           1.00107581476103,                 -0.00142021750631109
         286,3058.15192589189,           1.00133262591186,                  -0.0017744685910187
         287,3058.15100710811,           1.00070237174621,                 -0.00212839923093841
         288,3058.15008832433,           1.00113818082538,                 -0.00159558059632165
         289,3058.14916954053,           1.00121740948729,                 -0.00141765296918554
         290,3058.14825075676,           1.00129834014386,                -0.000708507581916761
         291,3058.14733197297,           1.00137919801141,                -0.000177047241515454
         292,3058.14641318919,           1.00110604786975,                -0.000176967659160288
         293, 3058.1454944054,           1.00118691947521,                                    0
         294,3058.14457562162,           1.00162133586052,                -0.000176808708889765
         295,3058.14365683783,            1.0009949861886,                 -0.00106037604469132
         296,3058.14273805406,            1.0014308678832,                 -0.00123655249165327
         297,3058.14181927027,           1.00115830661224,                 -0.00194228242905372
         298,3058.14090048648,           1.00124074077342,                 -0.00264738429606934
         299, 3058.1399817027,           1.00149951486284,                 -0.00335185675222722
         300,3058.13906291892,           1.00157995711545,                 -0.00423202798781176
         301,3058.13814413513,           1.00166209282692,                 -0.00458265254504659
         302,3058.13722535135,            1.0019220977821,                 -0.00563768368718607
         303,3058.13630656756,           1.00147571064801,                 -0.00598737017092181
         304,3058.13538778378,           1.00190982459537,                 -0.00580868310113269
         305,     3058.134469,           1.00164154498766,                 -0.00563016501661778
         306,3058.13355021621,           1.00154760648588,                 -0.00510006682846189
         307,3058.13263143243,           1.00163129842917,                  -0.0045704481851805
         308,3058.13171264865,           1.00189062489018,                 -0.00404129855708071
         309,3058.13079386486,            1.0016228292025,                 -0.00351261732141854
         310,3058.12987508108,           1.00153082362524,                 -0.00315995702458447
         311, 3058.1289562973,           1.00161437495613,                 -0.00263213308064856
         312,3058.12803751351,           1.00169960938802,                  -0.0028063725705145
         313,3058.12711872972,           1.00160769167384,                 -0.00315577427798514
         314,3058.12619994595,           1.00151761023703,                 -0.00315438617397491
         315,3058.12528116215,           1.00160277463938,                 -0.00332816591782933
         316,3058.12436237837,           1.00186295383236,                  -0.0031516136261766
         317,3058.12344359459,           1.00159786624477,                 -0.00315022917917278
         318,3058.12252481081,            1.0016828832233,                 -0.00314884594796007
         319,3058.12160602703,           1.00159296646727,                 -0.00279774571638902
         320,3058.12068724324,           1.00150312860489,                 -0.00244695354283917
         321,3058.11976845946,           1.00158982511924,                 -0.00244588479882598
         322,3058.11884967567,           1.00150181614976,                 -0.00227018720312937
         323,3058.11793089189,           1.00158843757091,                 -0.00226919652987485
         324,3058.11701210811,           1.00167498342464,                 -0.00157029696060299
         325,3058.11609332432,           1.00158705244249,                 -0.00139521093845376
         326,3058.11517454054,           1.00167352346419,                 -0.00139460288682798
         327,3058.11425575675,           1.00141142030703,                 -0.00104549652372406
         328,3058.11333697297,           1.00132546299764,                -0.000696695399546103
         329,3058.11241818918,           1.00141367855874,                -0.000174098344672939
         330, 3058.1114994054,           1.00150007482972,                  0.00069609040822222
         331,3058.11058062162,           1.00141419096275,                  0.00139157782312002
         332,3058.10966183784,           1.00132838146108,                  0.00191259110888555
         333,3058.10874305405,           1.00124438635763,                  0.00225936070519861
         334,3058.10782427026,           1.00133244619402,                   0.0022583833796881
         335,3058.10690548649,            1.0010731365106,                  0.00208376021476622
         336, 3058.1059867027,           1.00133650391405,                  0.00173571936889244
         337,3058.10506791892,           1.00125265017055,                 0.000867486267692382
         338,3058.10414913513,           1.00134229119048,                 0.000520267903285665
         339,3058.10323035135,           1.00143185513648,                                    0
         340,3058.10231156757,           1.00134806851931,                -0.000693094354399936
         341,3058.10139278378,             1.001266088065,                 -0.00103919677017644
         342,     3058.100474,           1.00135556952098,                  -0.0015581258861841
         343,3058.09955521621,           1.00110060498664,                 -0.00190356208381211
         344,3058.09863643243,           1.00119181264498,                 -0.00224870310372921
         345,3058.09771764865,             1.001282942399,                 -0.00311225918894526
         346,3058.09679886487,           1.00120116487068,                 -0.00311093060032319
         347,3058.09588008108,            1.0012922128627,                 -0.00328235887584391
         348,3058.09496129729,           1.00103781909484,                 -0.00259023068594489
         349,3058.09404251351,           1.00130319585049,                 -0.00172608721918719
         350,3058.09312372973,           1.00087820549318,                -0.000517606381051466
         351,3058.09220494595,           1.00114342479007,                 0.000517386782837246
         352,3058.09128616216,           1.00106364089277,                  0.00120672386537789
         353,3058.09036737838,           1.00132855673247,                   0.0018954765314158
         354,3058.08944859459,           1.00090427593334,                  0.00258364552383413
         355,3058.08852981081,           1.00082641782308,                  0.00378774835577287
         356,3058.08761102703,           1.00074690310567,                  0.00499082720379441
         357,3058.08669224324,           1.00101322699897,                  0.00602087350832859
         358,3058.08577345945,           1.00076346903824,                  0.00636224198529462
         359,3058.08485467567,           1.00085768157841,                  0.00618768273000562
         360,3058.08393589189,           1.00112362253155,                  0.00584146270226065
         361, 3058.0830171081,           1.00121932370468,                  0.00549554345772725
         362,3058.08209832432,           1.00079823529917,                  0.00566489567150472
         363,3058.08117954054,           1.00072240077285,                  0.00566252387268587
         364,3058.08026075675,            1.0006466297213,                   0.0058316738790751
         365,3058.07934197297,           1.00108526626742,                  0.00548633816073942
         366,3058.07842318918,           1.00066665409907,                  0.00531266762751688
         367,3058.07750440541,            1.0009353254967,                  0.00513915108076347
         368,3058.07658562162,            1.0008595919849,                  0.00547947082010555
         369,3058.07566683784,           1.00112795918123,                   0.0054771917753119
         370,3058.07474805405,           1.00088282998337,                  0.00615927895374381
         371,3058.07382927027,           1.00063790452639,                   0.0059856993092503
         372,3058.07291048648,           1.00090602936903,                  0.00512846812657059
         373, 3058.0719917027,           1.00117393154287,                  0.00375931498445865
         374,3058.07107291892,           1.00093089989837,                    0.002220495170423
         375,3058.07015413513,           1.00119856991146,                  0.00068294581849349
         376,3058.06923535135,           1.00095572925556,                -0.000511997815475987
         377,3058.06831656757,            1.0012248755506,                -0.000682381922338113
         378,3058.06739778378,           1.00132327462723,                 0.000341050161657777
         379,     3058.066479,           1.00108238943861,                  0.00102273017821073
         380,3058.06556021622,           1.00101038154256,                  0.00153346271215031
         381,3058.06464143243,           1.00128076737041,                  0.00204377771873531
         382,3058.06372264865,             1.001208736955,                  0.00221318034014879
         383,3058.06280386486,           1.00164899401155,                  0.00187192302652515
         384,3058.06188508108,            1.0012400679741,                  0.00136084276992742
         385,3058.06096629729,           1.00150991647849,                   0.0015303207552303
         386,3058.06004751351,           1.00160957792346,                  0.00186962588785984
         387,3058.05912872973,           1.00137106625461,                  0.00118927680077745
         388,3058.05820994594,           1.00147240389041,                 0.000169827438339903
         389,3058.05729116216,           1.00157365895229,                                    0
         390,3058.05637237837,           1.00150514242856,                -0.000169689112576848
         391,3058.05545359459,           1.00177592175767,                -0.000169620034161475
         392,3058.05453481081,           1.00153952579893,                 0.000339102598882318
         393,3058.05361602702,           1.00181176921213,                 0.000508447861214072
         394,3058.05269724324,           1.00157385336566,                -0.000338827419947787
         395,3058.05177845946,           1.00167651690911,                -0.000508035427003776
         396,3058.05085967567,            1.0016115162472,                  -0.0011849384170577
         397,3058.04994089189,           1.00171408169723,                 -0.00186129305720769
         398,3058.04902210811,           1.00181825870016,                 -0.00270624550720961
         399,3058.04810332432,           1.00208972989058,                 -0.00338143995238933
         400,3058.04718454054,           1.00185566383078,                 -0.00321107584561147
         401,3058.04626575676,           1.00212859411427,                 -0.00337872081629895
         402,3058.04534697297,           1.00189639246374,                 -0.00405284230897181
         403,3058.04442818919,             1.002000286961,                 -0.00388241351079902
         404, 3058.0435094054,           1.00210578889466,                 -0.00388086094369039
         405,3058.04259062162,           1.00220951609911,                 -0.00404796842584628
         406,3058.04167183784,           1.00214625198313,                 -0.00421494890638936
         407,3058.04075305405,            1.0024200996353,                 -0.00404473476651769
         408,3058.03983427027,           1.00219002695418,                 -0.00269541778975741
         409,3058.03891548649,           1.00246363901205,                 -0.00168396378130699
         410, 3058.0379967027,           1.00240206169949,                 -0.00134663585114961
         411,3058.03707791892,            1.0023405332916,                -0.000168262637786068
         412,3058.03615913513,           1.00244724957741,                -0.000168195847244532
         413,3058.03524035135,           1.00255388117643,                -0.000336258219411851
         414,3058.03432156756,           1.00266042818945,                 -0.00100837455064309
         415,3058.03340278378,           1.00276857532608,                 -0.00201595290734008
         416,     3058.032484,           1.00254077754846,                 -0.00268687645574127
         417,3058.03156521622,           1.00264888656118,                 -0.00335727067323349
         418,3058.03064643243,             1.002756910314,                 -0.00385933884491666
         419,3058.02972764865,           1.00269711770705,                 -0.00301916161236649
         420,3058.02880886486,           1.00280503733064,                 -0.00184431623652182
         421,3058.02789008108,           1.00274695346269,                -0.000837996785444331
         422, 3058.0269712973,           1.00268891513583,                 0.000335067306645222
         423,3058.02605251351,           1.00279839029757,                 0.000669872004206796
         424,3058.02513372973,           1.00257297489131,                  0.00133921920172491
         425,3058.02421494594,           1.00268240971759,                  0.00167336850753936
         426,3058.02329616216,           1.00279343626114,                  0.00150544469163475
         427,3058.02237737838,           1.00256996336506,                  0.00167206464870758
         428,3058.02145859459,           1.00268094722345,                  0.00200569617714309
         429,3058.02053981081,            1.0026247683905,                   0.0026732205122893
         430,3058.01962102702,           1.00273564454658,                  0.00350723659818091
         431,3058.01870224324,           1.00284810866219,                  0.00367282476953025
         432,3058.01778345946,           1.00262504860429,                  0.00400515998110899
         433,3058.01686467567,           1.00290428536397,                  0.00400360992161265
         434,3058.01594589189,           1.00301655352507,                  0.00300154579608498
         435, 3058.0150271081,            1.0027953587377,                  0.00250032087451223
         436,3058.01410832433,           1.00290925329166,                  0.00183286289852271
         437,3058.01318954054,           1.00268827054595,                  0.00166559513379726
         438,3058.01227075676,           1.00313510939584,                  0.00199794544609959
         439,3058.01135197297,           1.00308231033473,                  0.00233004020983676
         440,3058.01043318919,           1.00302955185591,                  0.00349371713202424
         441, 3058.0095144054,           1.00281219805458,                  0.00415759617767238
         442,3058.00859562162,           1.00292582371912,                  0.00415599960102404
         443,3058.00767683784,           1.00270867607225,                  0.00432058759991359
         444,3058.00675805406,           1.00299003322259,                  0.00332225913621262
         445,3058.00583927027,           1.00260697740066,                  0.00215864370755359
         446,3058.00492048648,           1.00305414467351,                 0.000663944494240281
         447, 3058.0040017027,            1.0030048665232,                -0.000829615274212737
         448,3058.00308291892,           1.00312148584053,                 -0.00165860034034479
         449,3058.00216413514,           1.00290475969414,                 -0.00315013893770683
         450,3058.00124535135,           1.00318706215186,                 -0.00364614494752037
         451,3058.00032656757,           1.00297379909046,                 -0.00414178146304288
         452,3057.99940778378,           1.00309025328153,                 -0.00480264443539118
         453,     3057.998489,           1.00287718810321,                 -0.00529746946505491
         454,3057.99757021622,           1.00332621754456,                 -0.00546095417762995
         455,3057.99665143243,           1.00344406618165,                 -0.00545889452423253
         456,3057.99573264865,           1.00356182595668,                 -0.00463004302632841
         457,3057.99481386486,           1.00318360789059,                 -0.00446300171577622
         458,3057.99389508108,           1.00313780049934,                 -0.00313945284293978
         459,3057.99297629729,            1.0029268550513,                 -0.00247758610437575
         460,3057.99205751351,           1.00304628872873,                 -0.00148599450182034
         461,3057.99113872973,           1.00300058427218,                 -0.00115534047883911
         462,3057.99021994594,           1.00311990087592,                -0.000989920954811758
         463,3057.98930116216,           1.00324078273562,                 -0.00148432797051135
         464,3057.98838237837,           1.00319505672957,                 -0.00115404525835776
         465,3057.98746359459,           1.00282141373923,                 -0.00148321983954857
         466,3057.98654481081,           1.00310701235886,                 -0.00115318592322418
         467,3057.98562602703,           1.00290001136291,                 -0.00164679804821495
         468,3057.98470724324,           1.00302075016668,                 -0.00197542245232236
         469,3057.98378845946,           1.00297849232339,                 -0.00263292139084072
         470,3057.98286967567,           1.00293626576084,                 -0.00345443030686856
         471,3057.98195089189,            1.0032229420857,                 -0.00411089551747953
         472,3057.98103210811,            1.0031806563494,                 -0.00493125015410157
         473,3057.98011332432,           1.00297573567712,                 -0.00575100765869906
         474,3057.97919454054,           1.00309782626549,                 -0.00607738981035259
         475,3057.97827575676,           1.00272889376361,                 -0.00607515458805526
         476,3057.97735697297,           1.00268849854414,                 -0.00492399000758294
         477,3057.97643818919,           1.00281385103817,                 -0.00344553188347539
         478,3057.97551940541,            1.0027734542216,                 -0.00196815202006203
         479,3057.97460062162,            1.0028986837877,                -0.000983716217545562
         480,3057.97368183784,           1.00253214347174,                                    0
         481,3057.97276305405,           1.00249353679196,                 0.000327665807090033
         482,3057.97184427027,           1.00261873138105,                                    0
         483,3057.97092548648,           1.00274383455791,                -0.000491139837334486
         484, 3057.9700067027,           1.00254318005518,                -0.000490961400614684
         485,3057.96908791892,           1.00250626566416,                -0.000490783093503995
         486,3057.96816913513,           1.00263291304846,                -0.000327069943907505
         487,3057.96725035135,           1.00292294413057,                -0.000817378112575853
         488,3057.96633156756,           1.00223226687845,                -0.000817081580693343
         489,3057.96541278378,           1.00219715594907,                -0.000980143917798597
         490,     3057.964494,           1.00232536872771,                 -0.00130638692567965
         491,3057.96357521621,           1.00245348899848,                -0.000979436725938912
         492,3057.96265643243,            1.0022551556906,                -0.000326361170853337
         493,3057.96173764865,           1.00205859995628,                 0.000652488100248272
         494,3057.96081886486,           1.00251280454099,                  0.00130450592653349
         495,3057.95990008108,           1.00247930247001,                   0.0016300476462927
         496, 3057.9589812973,           1.00211993175808,                   0.0024441949555075
         497,3057.95806251351,           1.00192370654761,                  0.00293198288373548
         498,3057.95714372973,           1.00205491273948,                  0.00276810749375547
         499,3057.95622494594,           1.00234716565911,                  0.00292988778529782
         500,3057.95530616216,           1.00198998660868,                  0.00325427082367222
         501,3057.95438737838,           1.00212102876401,                  0.00309045602118426
         502,3057.95346859459,           1.00225197759404,                  0.00292675788395405
         503,3057.95254981081,           1.00222029341681,                  0.00195047737933859
         504,3057.95163102703,           1.00202777795831,                  0.00178730429018023
         505,3057.95071224324,           1.00183539883379,                  0.00178667143112382
         506,3057.94979345946,           1.00180552308212,                  0.00178603902008157
         507,3057.94887467568,           1.00210028793747,                  0.00227233625382645
         508,3057.94795589189,           1.00190808730473,                  0.00275828947112233
         509,3057.94703710811,            1.0020420377558,                  0.00275731865358508
         510,3057.94611832432,           1.00217426904188,                  0.00356703347660918
         511,3057.94519954054,           1.00198386971292,                  0.00372785975467441
         512,3057.94428075676,           1.00179360426965,                  0.00469869230532427
         513,3057.94336197297,           1.00176706202857,                  0.00566885160404205
         514,3057.94244318919,           1.00173891643163,                  0.00631450100870106
         515, 3057.9415244054,           1.00219797294454,                  0.00679785446764707
         516,3057.94060562162,           1.00184772302923,                  0.00679547874147734
         517,3057.93968683784,           1.00182119901532,                  0.00614614232524738
         518,3057.93876805405,           1.00163300942618,                  0.00533557535287555
         519,3057.93784927027,           1.00176982568429,                   0.0040406979093429
         520,3057.93693048648,            1.0019049280926,                  0.00210042961864277
         521, 3057.9360117027,           1.00171852387844,                 0.000484546206326235
         522,3057.93509291892,           1.00185516774818,                 -0.00129167467235865
         523,3057.93417413513,           1.00183193046734,                  -0.0024210534810714
         524,3057.93325535135,           1.00180709283939,                 -0.00290425634902707
         525,3057.93233656757,           1.00178388823118,                 -0.00338712955286664
         526,3057.93141778378,           1.00176069963625,                 -0.00322472460851843
         527,     3057.930499,            1.0020598882696,                 -0.00241770923661637
         528,3057.92958021621,           1.00203662049897,                 -0.00241687559213452
         529,3057.92866143243,           1.00185229926713,                 -0.00144962551340904
         530,3057.92774264865,           1.00183073214795,                  -0.0012881140882648
         531,3057.92682386486,           1.00180917981702,                -0.000482877175361675
         532,3057.92590508108,           1.00178764225915,                 0.000321807787426648
         533, 3057.9249862973,           1.00176611945916,                 0.000804243833862526
         534,3057.92406751351,           1.00174461140188,                 0.000643174710370388
         535,3057.92314872973,           1.00188546711524,                 0.000482216653512868
         536,3057.92222994595,           1.00202622686349,                -0.000482052386239654
         537,3057.92131116216,           1.00168500251385,                -0.000642517641124984
         538,3057.92039237838,           1.00182573466953,                  -0.0014451725616326
         539,3057.91947359459,            1.0018058509571,                 -0.00160520085075645
         540,3057.91855481081,           1.00146665682477,                 -0.00176512309326589
         541,3057.91763602702,           1.00144690871642,                 -0.00208534515670567
         542,3057.91671724324,           1.00158913678282,                 -0.00224499646413057
         543,3057.91579845946,           1.00157096598378,                  -0.0017633291654644
         544,3057.91487967567,           1.00171466115411,                 -0.00128198964793359
         545,3057.91396089189,           1.00153626564099,                -0.000640778160998717
         546,3057.91304210811,           1.00151973493517,                                    0
         547,3057.91212332432,             1.001503215344,                 0.000800434155485936
         548,3057.91120454054,           1.00132667382548,                  0.00160033030817561
         549,3057.91028575676,           1.00131023019417,                  0.00207973046693149
         550,3057.90936697297,           1.00129379760783,                  0.00239888308003793
         551,3057.90844818919,           1.00127897681855,                  0.00303756994404476
         552, 3057.9075294054,           1.00142398463183,                  0.00351601143662629
         553,3057.90661062162,           1.00108959959611,                  0.00463319476353133
         554,3057.90569183784,           1.00123457381649,                  0.00511078423386949
         555,3057.90477305405,           1.00137945128493,                  0.00558805497368824
         556,3057.90385427027,           1.00120661916801,                  0.00542659414183202
         557,3057.90293548649,           1.00135300725008,                   0.0044674767691208
         558, 3057.9020167027,           1.00133979839224,                  0.00318999617200459
         559,3057.90109791892,           1.00116715138527,                  0.00207280983723659
         560,3057.90017913513,           1.00163219504731,                  0.00127515238070949
         561,3057.89926035135,           1.00162050278609,                 0.000318682947116158
         562,3057.89834156757,           1.00144793410546,                   -0.000318577360937
         563,3057.89742278378,           1.00143631030672,                -0.000477708527734165
         564,     3057.896504,           1.00126551046235,                -0.000477551117867575
         565,3057.89558521621,           1.00141467924654,                -0.000795657618978662
         566,3057.89466643243,           1.00124399874009,                 -0.00127263298219268
         567,3057.89374764865,           1.00139307660013,                 -0.00222637812806127
         568,3057.89282886486,           1.00122410695833,                 -0.00317949859307187
         569,3057.89191008108,              1.00137309372,                 -0.00397307210649105
         570, 3057.8909912973,           1.00136311208976,                 -0.00397177182329746
         571,3057.89007251351,           1.00135313699083,                 -0.00397047239092318
         572,3057.88915372973,           1.00118599101695,                 -0.00365164570145732
         573,3057.88823494595,           1.00117608033533,                 -0.00285687530850285
         574,3057.88731616216,           1.00116776461927,                 -0.00190396405315868
         575,3057.88639737838,           1.00131806639184,                   -0.001268896646782
         576,3057.88547859459,           1.00115273683827,                 -0.00110992542886726
         577,3057.88455981081,           1.00130294605296,                  -0.0012680740174804
         578,3057.88364102703,           1.00129618654945,                 -0.00142612212042175
         579,3057.88272224324,            1.0012894314146,                 -0.00142566126921871
         580,3057.88180345946,           1.00112432500911,                 -0.00142520071576747
         581,3057.88088467567,           1.00111762973845,                 -0.00142474045977958
         582,3057.87996589189,           1.00126919217975,                  -0.0012660271119706
         583,3057.87904710811,           1.00110583593445,                 -0.00126562052583369
         584,3057.87812832432,           1.00110073635466,                 -0.00142336597585971
         585,3057.87720954054,           1.00125374106532,                -0.000948606102383057
         586,3057.87629075676,           1.00109054701206,                                    0
         587,3057.87537197297,           1.00092745764426,                 0.000947997592086116
         588,3057.87445318919,           1.00092242179948,                  0.00189538725920684
         589,3057.87353440541,           1.00076107105751,                  0.00300007263333744
         590,3057.87261562162,           1.00091551963632,                  0.00394620532895568
         591,3057.87169683784,           1.00075427395609,                  0.00489173486165858
         592,3057.87077805405,           1.00075087865422,                  0.00489017610943899
         593,3057.86985927027,            1.0007474855155,                  0.00425782888574195
         594,3057.86894048649,           1.00074567218485,                  0.00331059532386293
         595, 3057.8680217027,           1.00058626254476,                   0.0022063644157547
         596,3057.86710291892,           1.00074047232682,                 0.000787736517889496
         597,3057.86618413513,           1.00074023908147,                -0.000472493030727797
         598,3057.86526535135,           1.00089587817316,                 -0.00204682183675494
         599,3057.86434656757,           1.00073662274213,                  -0.0033053584582549
         600,3057.86342778378,           1.00073639092917,                 -0.00456310618505441
         601,     3057.862509,           1.00073615926208,                 -0.00550546456683005
         602,3057.86159021621,           1.00089160336073,                 -0.00597547225887004
         603,3057.86067143243,           1.00057849628693,                 -0.00613080304087831
         604,3057.85975264865,           1.00089261580433,                 -0.00597172545149387
         605,3057.85883386486,           1.00057813275688,                 -0.00565564653465969
         606,3057.85791508108,           1.00057952259274,                 -0.00502567018097124
         607, 3057.8569962973,           1.00042390843578,                 -0.00423908435777872
         608,3057.85607751351,           1.00042534557366,                 -0.00329603581064431
         609,3057.85515872973,           1.00042678181407,                 -0.00219667110185022
         610,3057.85423994595,           1.00027136105608,                 -0.00141170491602709
         611,3057.85332116216,           1.00027441295229,                                    0
         612,3057.85240237838,           1.00043265341953,                  0.00125406788269449
         613,3057.85148359459,           1.00043565337036,                  0.00172380829998025
         614,3057.85056481081,           1.00028199022434,                  0.00187993482892593
         615,3057.84964602703,           1.00028503503425,                  0.00140951390563774
         616,3057.84872724324,           1.00028964405095,                  0.00109595046303907
         617,3057.84780845946,           1.00029268460651,                  0.00109561082651316
         618,3057.84688967567,           1.00014082082897,                 0.000782337938695999
         619,3057.84597089189,            0.9999890506439,                   0.0014077743556695
         620,3057.84505210811,           1.00015011634016,                  0.00218919662738622
         621,3057.84413332432,           1.00031108283401,                  0.00297013761116522
         622,3057.84321454054,           1.00000312549813,                  0.00406314756414304
         623,3057.84229575676,           1.00000937362325,                   0.0043743575162398
         624,3057.84137697297,          0.999857877121496,                   0.0051539065831005
         625,3057.84045818919,           0.99986416586129,                  0.00562072298110656
         626,3057.83953940541,          0.999714367323622,                  0.00499466975087524
         627,3057.83862062162,          0.999720696106441,                  0.00452503514704024
         628,3057.83770183784,           1.00004055694038,                  0.00374371757394622
         629,3057.83678305405,            1.0002027227221,                  0.00280692999828465
         630,3057.83586427027,           1.00005456260279,                  0.00249429041335069
         631,3057.83494548649,           1.00021818408503,                  0.00155845775021039
         632, 3057.8340267027,          0.999914310864603,                  0.00124638742395089
         633,3057.83310791892,           1.00007787555486,                 0.000934506658359941
         634,3057.83218913513,          0.999929933280913,                 0.000155703820193228
         635,3057.83127035135,          0.999939293847354,                -0.000155656801657434
         636,3057.83035156757,           1.00010270231578,                -0.000466828708098233
         637,3057.82943278378,           1.00026756768529,                 -0.00108893825408974
         638,     3057.828514,           1.00012130222605,                  -0.0012441253953986
         639,3057.82759521621,           1.00044153130519,                 -0.00202109400263675
         640,3057.82667643243,           1.00013987970346,                 -0.00233132839091714
         641,3057.82575764865,           1.00015071402713,                 -0.00295213042822983
         642,3057.82483886486,           1.00000465985396,                 -0.00341722623746305
         643,3057.82392008108,           1.00001552819143,                 -0.00279507445767791
         644, 3057.8230012973,           1.00033686079887,                 -0.00170758930303966
         645,3057.82208251351,           1.00034762312687,                -0.000775944479620594
         646,3057.82116372973,           1.00035837900985,                 0.000620569714025962
         647,3057.82024494594,           1.00021558375894,                  0.00124076983564453
         648,3057.81932616216,           1.00038142255107,                  0.00108534872254455
         649,3057.81840737838,           1.00008370198374,                 0.000620014694348256
         650,3057.81748859459,           1.00025103124254,                  0.00046487267137531
         651,3057.81656981081,           1.00041826096386,                                    0
         652,3057.81565102703,              1.00043052583,                -0.000619461625900929
         653,3057.81473224324,           1.00028796403236,                -0.000928916233430457
         654,3057.81381345946,           1.00045658213448,                 -0.00108341523436593
         655,3057.81289467567,           1.00031409707921,                 -0.00154727625224935
         656,3057.81197589189,           1.00063728947792,                  -0.0018561829453911
         657,3057.81105710811,           1.00034174605948,                 -0.00262881584217208
         658,3057.81013832432,           1.00035555830383,                 -0.00309181133767218
         659,3057.80921954054,           1.00052390732868,                  -0.0040181683025248
         660,3057.80830075676,           1.00053920349293,                 -0.00509848574973233
         661,3057.80738197297,           1.00039849129343,                 -0.00571479761893729
         662,3057.80646318919,           1.00041381525311,                 -0.00555871235516466
         663, 3057.8055444054,            1.0002747668341,                 -0.00555708203796722
         664,3057.80462562162,           1.00059875434406,                 -0.00493818015715758
         665,3057.80370683784,            1.0003054603349,                 -0.00447391399594571
         666,3057.80278805405,             1.000320793594,                 -0.00354723685671631
         667,3057.80186927027,           1.00049184296179,                  -0.0030836549328457
         668,3057.80095048649,            1.0005071126792,                 -0.00277447666433919
         669, 3057.8000317027,           1.00052391518738,                 -0.00277366863905325
         670,3057.79911291892,           1.00038666007342,                 -0.00231071757023426
         671,3057.79819413513,           1.00024948485997,                 -0.00246404799965503
         672,3057.79727535135,           1.00042030585334,                  -0.0023093728205294
         673,3057.79635656757,           1.00028320065998,                 -0.00261652783677792
         674,3057.79543778378,           1.00045545188212,                 -0.00230803318643984
         675,     3057.794519,            1.0006260642708,                 -0.00246118632257231
         676,3057.79360021622,           1.00064433683285,                 -0.00199913575823375
         677,3057.79268143243,           1.00050886360457,                 -0.00184482273559539
         678,3057.79176264865,           1.00037346866321,                 -0.00122952646325176
         679,3057.79084386486,           1.00023815194094,                 -0.00122917130806874
         680,3057.78992508108,           1.00041165411224,                -0.000921613684119982
         681, 3057.7890062973,           1.00042996222475,                 -0.00107490556186849
         682,3057.78808751351,            1.0004497955963,                -0.000767569276965093
         683,3057.78716872973,            1.0004680821676,                -0.000613878252595554
         684,3057.78624994595,           1.00064131872313,                -0.000306851063699212
         685,3057.78533116216,           1.00050769285043,                 0.000306763051617485
         686,3057.78441237838,           1.00037567756132,                 0.000460013340386871
         687,3057.78349359459,           1.00024220424256,                                    0
         688,3057.78257481081,            1.0004153072124,                -0.000459749681623345
         689,3057.78165602703,           1.00028343151299,                 -0.00153206223236788
         690,3057.78073724324,           1.00045795610667,                 -0.00183795092977343
         691,3057.77981845946,           1.00032614337753,                 -0.00199054643562037
         692,3057.77889967567,           1.00019440570787,                 -0.00275535648955337
         693,3057.77798089189,            1.0003688066122,                 -0.00336669936445898
         694,3057.77706210811,           1.00054310826213,                 -0.00382470607133842
         695,3057.77614332432,           1.00025847657881,                 -0.00336478386616725
         696,3057.77522454054,           1.00058714159898,                 -0.00290512770329778
         697,3057.77430575676,           1.00030418785664,                 -0.00229287329123618
         698,3057.77338697297,           1.00032702411115,                 -0.00152815005210992
         699,3057.77246818919,           1.00034984745734,                  -0.0010694027080332
         700,3057.77154940541,           1.00021992925609,                 -0.00152728650062008
         701,3057.77063062162,           1.00009008445036,                 -0.00213759712706946
         702,3057.76971183784,           1.00041824015533,                 -0.00198435110192543
         703,3057.76879305405,          0.999984740046695,                 -0.00152599533045429
         704,3057.76787427027,           1.00016171009956,                 -0.00106789688387689
         705,3057.76695548649,           1.00003202786729,                 -0.00061005461513942
         706, 3057.7660367027,          0.999903943354024,                 0.000304941733258318
         707,3057.76511791892,           1.00008078689484,                  0.00167670913821723
         708,3057.76419913513,          0.999952760537067,                  0.00228578046450107
         709,3057.76328035135,          0.999673986234297,                   0.0027421718610511
         710,3057.76236156757,           1.00030764638333,                  0.00319830398508677
         711,3057.76144278378,          0.999724413465067,                  0.00304515508213545
         712,     3057.760524,          0.999750366838974,                  0.00273987615759768
         713,3057.75960521622,          0.999774784371253,                  0.00197824538764479
         714,3057.75868643243,          0.999648578874266,                  0.00182556428952841
         715,3057.75776764865,          0.999674531644954,                  0.00136879214739154
         716,3057.75684886486,          0.999701989977132,                 0.000608183720138179
         717,3057.75593008108,          0.999575909855764,                -0.000608014543707886
         718, 3057.7550112973,           1.00020970668417,                  -0.0012156909227398
         719,3057.75409251351,          0.999933155486415,                 -0.00197495153772765
         720,3057.75317372973,          0.999656757175446,                 -0.00288566976395221
         721,3057.75225494595,           0.99983601778296,                 -0.00394772003984161
         722,3057.75133616216,          0.999863385904461,                 -0.00409842286616372
         723,3057.75041737838,          0.999738987392484,                 -0.00424904244793406
         724,3057.74949859459,          0.999462947960568,                 -0.00409615962278921
         725,3057.74857981081,          0.999490396398801,                 -0.00394336119975248
         726,3057.74766102703,          0.999974223560575,                 -0.00288089617098574
         727,3057.74674224324,          0.999849931559696,                 -0.00197059568075744
         728,3057.74582345946,          0.999727223131478,                 -0.00121234163787355
         729,3057.74490467568,          0.999756083149891,                -0.000606004596544865
         730,3057.74398589189,            0.9996334677285,                                    0
         731,3057.74306710811,          0.999510919516734,                  0.00075709053137156
         732,3057.74214832432,          0.999539815078322,                  0.00105963633281058
         733,3057.74122954054,          0.999570207511078,                  0.00121068306738662
         734,3057.74031075676,          0.999750364996634,                  0.00105905759003881
         735,3057.73939197297,          0.999629430760272,                 0.000453758252728222
         736,3057.73847318919,          0.999658262339603,                -0.000302422708316322
         737,3057.73755440541,          0.999386248953146,                -0.000453510625753961
         738,3057.73663562162,          0.999416641730368,                -0.000302258170794002
         739,3057.73571683784,          0.999295929991871,                -0.000151087984576939
         740,3057.73479805405,          0.999477377704872,                 0.000151046906106222
         741,3057.73387927027,          0.999509230246517,                  0.00105704254596247
         742,3057.73296048649,          0.999388591571622,                  0.00166061548448457
         743, 3057.7320417027,           0.99942045084095,                  0.00271663668304698
         744,3057.73112291892,          0.999450784894774,                  0.00377208176666204
         745,3057.73020413513,          0.999331767587862,                  0.00467611845965641
         746,3057.72928535135,          0.999363616348123,                  0.00557966708991709
         747,3057.72836656757,          0.999093925683815,                  0.00633196693507171
         748,3057.72744778378,          0.999577982757581,                  0.00693314041116537
         749,     3057.726529,          0.999459059547147,                  0.00783534917781572
         750,3057.72565691111,          0.999341705870568,                  0.00843580577762312
         751,3057.72478482222,          0.999674706633575,                  0.00873472928363172
         752,3057.72391273333,          0.999557358241719,                  0.00873238842868198
         753,3057.72304064444,          0.999438568394562,                  0.00842899997441197
         754,3057.72216855556,          0.999622301373408,                  0.00752387702373482
         755,3057.72129646667,          0.999505061461137,                  0.00616792708005819
         756,3057.72042437778,          0.999688678266284,                  0.00511349707553086
         757,3057.71955228889,          0.999872196786877,                  0.00405963147567604
         758,    3057.7186802,           0.99960466762769,                  0.00270569684470653
         759,3057.71780811111,          0.999789612887713,                  0.00120221207020919
         760,3057.71693602222,          0.999822721140354,                -0.000150236321734088
         761,3057.71606393333,          0.999857313437319,                -0.000901178290614979
         762,3057.71519184444,          0.999890385946578,                 -0.00165171861321705
         763,3057.71431975556,          0.999774825489755,                 -0.00195151242212715
         764,3057.71344766667,          0.999959479354731,                 -0.00150076463958387
         765,3057.71257557778,           1.00014403514458,                 -0.00105025626252806
         766,3057.71170348889,          0.999878502612194,                 -0.00074998387534668
         767,    3057.7108314,           1.00006298192419,                 -0.00059982784940722
         768,3057.70995931111,           1.00009894548104,                -0.000149917395515071
         769,3057.70908722222,           1.00013339108618,                  0.00044963287475776
         770,3057.70821513333,           1.00016931705292,                 0.000599352399732089
         771,3057.70734304444,           1.00020372578509,                                    0
         772,3057.70647095556,            1.0002396142211,                -0.000449276664570042
         773,3057.70559886667,           1.00042520316926,                 -0.00149719425796058
         774,3057.70472677778,           1.00031133436712,                  -0.0022451997629069
         775,3057.70385468889,           1.00019752554364,                 -0.00269353014060227
         776,    3057.7029826,           1.00023337781475,                 -0.00284242210267427
         777,3057.70211051111,           1.00056983124919,                 -0.00299124015321132
         778,3057.70123842222,           1.00045604407928,                 -0.00313997562780822
         779,3057.70036633333,           1.00049180009298,                 -0.00328863284058651
         780,3057.69949424444,           1.00037958831107,                 -0.00388554964088555
         781,3057.69862215556,           1.00071565063699,                 -0.00418334401580109
         782,3057.69775006667,           1.00045257857765,                  -0.0044809760163227
         783,3057.69687797778,           1.00048979201758,                 -0.00507711237740267
         784,3057.69600588889,           1.00052698601322,                 -0.00507578596306321
         785,    3057.6951338,           1.00071340941044,                 -0.00462671374969777
         786,3057.69426171111,           1.00075201881241,                 -0.00402867220932384
         787,3057.69338962222,           1.00078911528094,                 -0.00253590922041675
         788,3057.69251753333,           1.00067706018677,                 -0.00104392539810841
         789,3057.69164544444,           1.00071564885496,                 0.000149093511450382
         790,3057.69077335556,           1.00060367121532,                  0.00134149158959301
         791,3057.68990126667,           1.00064225884373,                  0.00193720764928793
         792,3057.68902917778,           1.00068082646672,                  0.00283056955528773
         793,3057.68815708889,           1.00086831283688,                  0.00297877474058595
         794,     3057.687285,           1.00090680190771,                  0.00312690313003003
         795,3057.68641291111,           1.00094527103972,                   0.0031260932022359
         796,3057.68554082222,           1.00083489721537,                  0.00327410672694992
         797,3057.68466873333,           1.00087336504427,                  0.00282690559474374
         798,3057.68379664444,            1.0009133017793,                  0.00208244705378366
         799,3057.68292455556,           1.00080302174107,                 0.000743538649138982
         800,3057.68205246667,           1.00084295596559,                -0.000148669482466665
         801,3057.68118037778,           1.00103001306467,                 -0.00163494137248869
         802,3057.68030828889,           1.00106986834676,                 -0.00312044934470564
         803,    3057.6794362,           1.00110970314327,                 -0.00415952985428276
         804,3057.67856411111,           1.00114951746999,                 -0.00490104347671113
         805,3057.67769202222,            1.0011893113427,                 -0.00549369783771023
         806,3057.67681993333,           1.00108064458668,                 -0.00549228704770274
         807,3057.67594784444,           1.00097203362791,                 -0.00534247490149812
         808,3057.67507575556,           1.00101332755702,                 -0.00504438315354064
         809,3057.67420366667,           1.00105311559056,                 -0.00504308874352927
         810,3057.67333157778,           1.00109436771348,                 -0.00519009078210219
         811,3057.67245948889,           1.00098586433617,                 -0.00518875966406487
         812,    3057.6715874,           1.00117532499292,                 -0.00444637450033867
         813,3057.67071531111,           1.00106833965792,                 -0.00414889187543249
         814,3057.66984322222,           1.00110806278627,                   -0.003703418403323
         815,3057.66897113333,           1.00100114924825,                 -0.00370247503050839
         816,3057.66809904444,           1.00104235145011,                 -0.00370153213818264
         817,3057.66722695556,           1.00108353267177,                 -0.00399663690405703
         818,3057.66635486667,           1.00112617445493,                 -0.00414361166071516
         819,3057.66548277778,           1.00101936497557,                 -0.00488229959269786
         820,3057.66461068889,           1.00091260984228,                 -0.00473314666986154
         821,    3057.6637386,           1.00095526237183,                 -0.00443620296515806
         822,3057.66286651111,           1.00099641350273,                 -0.00369589578165239
         823,3057.66199442222,           1.00118682169741,                 -0.00280817089050055
         824,3057.66112233333,           1.00122937254717,                 -0.00132985011111636
         825,3057.66025024444,           1.00097645430386,                 0.000147723797860664
         826,3057.65937815555,           1.00086987214799,                  0.00147686273003983
         827,3057.65850606667,           1.00091247072859,                  0.00191943680771082
         828,3057.65763397778,           1.00080743608782,                  0.00221417574355712
         829,3057.65676188889,           1.00085150592586,                  0.00191847089015574
         830,    3057.6558898,           1.00074653950905,                   0.0011802996190583
         831,3057.65501771111,           1.00093662652202,                 0.000737501198439447
         832,3057.65414562222,           1.00097915462385,                                    0
         833,3057.65327353333,           1.00087571096231,                -0.000147426087930816
         834,3057.65240144444,           1.00077084411115,                -0.000442166794158092
         835,3057.65152935556,           1.00081485661913,                -0.000589408042767448
         836,3057.65065726667,           1.00071153197401,                -0.000589260433960847
         837,3057.64978517778,           1.00060825906829,                 -0.00088366934860314
         838,3057.64891308889,           1.00065080585077,                 -0.00132517028438154
         839,     3057.648041,           1.00084200857318,                -0.000883225776061049
         840,3057.64716891111,           1.00059161322035,                -0.000883004806489497
         841,3057.64629682222,           1.00063707668608,                -0.000147130874384073
         842,3057.64542473333,           1.00068104560358,                 0.000441282248538988
         843,3057.64455264444,           1.00072499253684,                  0.00117645847763332
         844,3057.64368055556,           1.00062189694741,                  0.00132318499449408
         845,3057.64280846667,           1.00052032348246,                 0.000881904207564974
         846,3057.64193637778,           1.00041733037871,                -0.000293894632896214
         847,3057.64106428889,           1.00075659078722,                 -0.00117528665976186
         848,    3057.6401922,           1.00050671582055,                  -0.0029374830176763
         849,3057.63932011111,           1.00055210976412,                 -0.00367094258058453
         850,3057.63844802222,            1.0004506799101,                 -0.00425723693578766
         851,3057.63757593333,           1.00064283009619,                 -0.00396265127788165
         852,3057.63670384444,           1.00054142804949,                 -0.00308129784265132
         853,3057.63583175556,           1.00029338418659,                  -0.0020536893061464
         854,3057.63495966667,           1.00033877474999,                -0.000879934415554894
         855,3057.63408757778,           1.00038414281902,                 0.000146619396573211
         856,3057.63321548889,           1.00013632225996,                 0.000293166150449937
         857,    3057.6323434,           1.00032826476898,                 0.000732733859338546
         858,3057.63147131111,           1.00022855669378,                 0.000879064206849668
         859,3057.63059922222,           1.00042038162449,                  0.00146474433619984
         860,3057.62972713333,            1.0001742616942,                  0.00234301437585758
         861,3057.62885504444,           1.00021960325013,                  0.00322084766854549
         862,3057.62798295556,           0.99997365408991,                  0.00409825268069635
         863,3057.62711086667,           1.00002048622594,                  0.00468256592906498
         864,3057.62623877778,           1.00006583230318,                  0.00526658425437602
         865,3057.62536668889,          0.999966360646051,                  0.00570406436524733
         866,    3057.6244946,           1.00001315999187,                   0.0057026631436881
         867,3057.62362251111,          0.999767563908961,                  0.00540889016883047
         868,3057.62275042222,          0.999814389084324,                  0.00511526145562803
         869,3057.62187833333,          0.999861191271123,                  0.00452954799494444
         870,3057.62100624445,          0.999761891893076,                  0.00379804342332262
         871,3057.62013415556,          0.999954726746708,                  0.00350502606132919
         872,3057.61926206667,           1.00000292014285,                  0.00350417142406607
         873,3057.61838997778,          0.999903658917535,                  0.00321136941550157
         874,3057.61751788889,          0.999804446364308,                  0.00233496878438606
         875,    3057.6166458,          0.999706741017302,                  0.00145899991391901
         876,3057.61577371111,          0.999607625198922,                 0.000875185429912963
         877,3057.61490162222,          0.999801672947023,                 0.000437486146272035
         878,3057.61402953333,          0.999412453364397,                                    0
         879,3057.61315744444,          0.999750754659503,                -0.000437272527187419
         880,3057.61228535556,          0.999798903587385,                 -0.00072861019063357
         881,3057.61141326667,          0.999701342501876,                -0.000874119506705225
         882,3057.61054117778,          0.999895131173424,                 -0.00101955803615644
         883,3057.60966908889,          0.999797594136928,                -0.000873694372971391
         884,     3057.608797,          0.999700104526675,                 -0.00043674098057085
         885,3057.60792491111,          0.999893752192271,                 0.000436634826284834
         886,3057.60705282222,          0.999650777021128,                  0.00116407659624003
         887,3057.60618073333,           0.99984434258016,                  0.00130926801734635
         888,3057.60530864444,          0.999892375220704,                  0.00145438890941193
         889,3057.60443655556,          0.999940384534294,                  0.00159943932381522
         890,3057.60356446667,          0.999844455718578,                  0.00116294789848046
         891,3057.60269237778,           1.00003778663341,                  0.00145333205440113
         892,3057.60182028889,          0.999649831962932,                  0.00159827734761515
         893,    3057.6009482,          0.999844568692648,                  0.00159789194473618
         894,3057.60007611111,          0.999747303848243,                  0.00217841510135439
         895,3057.59920402222,          0.999796730261056,                  0.00217789006010977
         896,3057.59833193333,          0.999846132854119,                  0.00217736527189486
         897,3057.59745984444,          0.999894060571231,                  0.00246708258776646
         898,3057.59658775555,          0.999798328301213,                  0.00232140084934254
         899,3057.59571566667,           1.00013779998695,                  0.00275599973890529
         900,3057.59484357778,          0.999897037433419,                  0.00261031858938383
         901,3057.59397148889,           1.00008988920431,                  0.00202975622627722
         902,    3057.5930994,           1.00028409749762,                  0.00144947702868805
         903,3057.59222731111,           1.00004347385048,                  0.00101438984450853
         904,3057.59135522222,           1.00009272190961,                 0.000579511935048302
         905,3057.59048313333,          0.999997103137013,                  0.00028968629870713
         906,3057.58961104444,           1.00019259536004,                -0.000579234165548021
         907,3057.58873895555,            1.0002417721464,                 -0.00130296366323891
         908,3057.58786686667,           1.00000144738956,                 -0.00188160642872547
         909,3057.58699477778,           1.00005064646596,                 -0.00188115445001556
         910,3057.58612268889,           1.00024449134949,                 -0.00188070268839216
         911,    3057.5852506,           1.00015042030906,                 -0.00216952368830598
         912,3057.58437851111,          0.999910347879149,                 -0.00173520233905275
         913,3057.58350642222,           1.00010408715565,                 -0.00159022043346518
         914,3057.58263433333,           1.00015464818982,                 -0.00130077916672087
         915,3057.58176224444,           1.00020373985455,                 -0.00130046715670196
         916,3057.58089015556,          0.999965329142012,                 -0.00101123335798817
         917,3057.58001806667,           1.00016031450529,                -0.000722137411195152
         918,3057.57914597778,           1.00035376251706,                -0.000577571456418624
         919,3057.57827388889,           1.00025984524772,                -0.000721792354775378
         920,    3057.5774018,           1.00002020534402,                -0.000865943315350577
         921,3057.57652971111,           1.00007070186754,                 -0.00202005335826656
         922,3057.57565762222,           1.00012117435258,                 -0.00274084845127637
         923,3057.57478553333,           1.00017162281632,                 -0.00374974220522339
         924,3057.57391344444,            1.0000778607331,                 -0.00475815591179244
         925,3057.57304135556,          0.999984143252738,                 -0.00504532867433268
         926,3057.57216926667,           1.00003314708515,                 -0.00518823941419012
         927,3057.57129717778,           1.00022765192885,                 -0.00576333997077987
         928,3057.57042508889,          0.999845867298947,                 -0.00576197013282782
         929,     3057.569553,           1.00004032420662,                 -0.00633666104047974
         930,3057.56868091111,           1.00009070791045,                 -0.00633515565045491
         931,3057.56780882222,          0.999998560531797,                 -0.00633366009261538
         932,3057.56693673333,          0.999905017658081,                 -0.00604433084940118
         933,3057.56606464444,          0.999811519198424,                  -0.0053235035559565
         934,3057.56519255555,           1.00000575377304,                  -0.0043153297775016
         935,3057.56432046667,           1.00005608597549,                 -0.00345144464529935
         936,3057.56344837778,          0.999675066065107,                  -0.0020128650834045
         937,3057.56257628889,          0.999726889850364,                  -0.0012936796561687
         938,    3057.5617042,          0.999633544344727,                -0.000718540500535313
         939,3057.56083211111,          0.999540243096463,                -0.000431022097066176
         940,3057.55996002222,          0.999592061868701,                 -0.00014364018707698
         941,3057.55908793333,          0.999355208379706,                 0.000143606151513106
         942,3057.55821584444,          0.999550618581419,                   0.0010050063674332
         943,3057.55734375555,          0.999600963429303,                  0.00100476834348149
         944,3057.55647166666,          0.999222205320575,                  0.00143504553399479
         945,3057.55559957778,          0.999416074730957,                 0.000717352910372493
         946,3057.55472748889,          0.999324412518593,                                    0
         947,    3057.5538554,          0.999518166278523,                 -0.00100382025307743
         948,3057.55298331111,          0.999283154121864,                 -0.00129032258064516
         949,3057.55211122222,          0.999333491002129,                 -0.00143335268359456
         950,3057.55123913333,          0.999385236211163,                  -0.0017196189897525
         951,3057.55036704445,          0.999007153366868,                 -0.00171921494914705
         952,3057.54949495555,          0.999200753984055,                 -0.00114587242429364
         953,3057.54862286667,          0.999252493835222,                -0.000286400829416802
         954,3057.54775077778,          0.999017875805671,                -0.000286333584352442
         955,3057.54687868889,          0.999069634294711,                -0.000143133185429042
         956,    3057.5460066,          0.998833739974099,                -0.000429298169043309
         957,3057.54513451111,          0.998885517304526,                -0.000715329072833376
         958,3057.54426242222,          0.998937270343835,                 -0.00128729029683484
         959,3057.54339033333,          0.998846000397536,                 -0.00185898325056091
         960,3057.54251824445,           0.99875477325007,                 -0.00257337330639869
         961,3057.54164615556,          0.998806520542854,                 -0.00328742844483195
         962,3057.54077406667,          0.998571020291512,                 -0.00442983709631323
         963,3057.53990197778,          0.998622786314725,                 -0.00457166368556097
         964,3057.53902988889,          0.998531697061109,                 -0.00485625485625486
         965,    3057.5381578,          0.998440650471518,                 -0.00485511757952397
         966,3057.53728571111,            0.9984924106582,                 -0.00528227326198933
         967,3057.53641362222,          0.998258685164569,                 -0.00556649824441209
         968,3057.53554153333,           0.99816776638736,                 -0.00570789287426654
         969,3057.53466944445,          0.998219554089604,                 -0.00570655740511422
         970,3057.53379735556,           0.99812868700008,                 -0.00541996143269549
         971,3057.53292526667,          0.998037862410805,                 -0.00442051346402843
         972,3057.53205317778,          0.998089644160584,                 -0.00285127737226277
         973,3057.53118108889,          0.997998871158089,                 -0.00114024435436514
         974,     3057.530309,          0.998052060014221,                                    0
         975,3057.52943691111,          0.997818873934902,                  0.00056985658134489
         976,3057.52856482222,          0.997728227661499,                 0.000997016073323411
         977,3057.52769273333,          0.997637623725719,                   0.0012815784489768
         978,3057.52682064444,           0.99754706209791,                  0.00113891487038437
         979,3057.52594855555,          0.997456542748443,                  0.00113864902140233
         980,3057.52507646667,          0.997366065647719,                  0.00170757494475284
         981,3057.52420437778,          0.997277049539488,                  0.00213397371513443
         982,3057.52333228889,            0.9974711198473,                  0.00256017113321708
         983,    3057.5224602,          0.997380702517768,                  0.00312836832839904
         984,3057.52158811111,          0.997148161943458,                  0.00341196975857471
         985,3057.52071602222,           0.99705786204642,                  0.00355330670722174
         986,3057.51984393333,          0.996969020921287,                  0.00312618564142935
         987,3057.51897184444,          0.996878804711485,                  0.00284132479609943
         988,3057.51809975555,          0.996930663678289,                  0.00284066295392019
         989,3057.51722766667,          0.996982498491249,                  0.00312400156200078
         990,3057.51635557778,          0.996751790206534,                  0.00369114749257511
         991,3057.51548348889,          0.996803642598417,                  0.00411609079244683
         992,    3057.5146114,          0.996713569721704,                   0.0041151329046027
         993,3057.51373931111,          0.996624952651448,                  0.00425604961986384
         994,3057.51286722222,          0.996534963115725,                  0.00326221237569907
         995,3057.51199513333,          0.996586817771236,                  0.00226883737682695
         996,3057.51112304445,          0.996356522108964,                 0.000850617406467528
         997,3057.51025095555,          0.996408394209209,                -0.000283473227371041
         998,3057.50937886667,          0.996318538524978,                 -0.00127533307448795
         999,3057.50850677778,          0.996513477866039,                 -0.00240840618762051
        1000,3057.50763468889,          0.996565277433519,                 -0.00325767501150809
        1001,    3057.5067626,          0.996475447790889,                 -0.00311531332263742
        1002,3057.50589051111,          0.996387070469114,                 -0.00353931184451945
        1003,3057.50501842222,          0.996438863380306,                  -0.0036800298931659
        1004,3057.50414633333,          0.996207618724175,                 -0.00396218939265297
        1005,3057.50327424444,           0.99626083868695,                 -0.00396127570054453
        1006,3057.50240215556,          0.996171183595071,                 -0.00381891551285914
        1007,3057.50153006667,           0.99622297860065,                 -0.00381802986830625
        1008,3057.50065797778,          0.996134782153834,                 -0.00353439817681604
        1009,3057.49978588889,          0.996186561658125,                 -0.00282686311480739
        1010,    3057.4989138,          0.995957103754481,                 -0.00268490138639829
        1011,3057.49804171111,          0.996008900505068,                 -0.00240172358987038
        1012,3057.49716962222,          0.995778182994368,                 -0.00225992211743403
        1013,3057.49629753333,          0.995831403427513,                 -0.00197697669426903
        1014,3057.49542544444,          0.995742013451623,                 -0.00155297917878461
        1015,3057.49455335555,          0.995936365086333,                 -0.00112917955225208
        1016,3057.49368126667,          0.995846992067938,                -0.000705573892637054
        1017,3057.49280917778,          0.995898742534992,                -0.000141082128139254
        1018,3057.49193708889,          0.995528724769736,                -0.000141049691806423
        1019,     3057.491065,          0.995580524978354,                 0.000282034143053358
        1020,3057.49019291111,          0.995491316766719,                                    0
        1021,3057.48932082222,          0.995544504912885,                                    0
        1022,3057.48844873333,          0.995455346133521,                                    0
        1023,3057.48757664445,          0.995649405174503,                 0.000422661414394157
