"SCAN INDEX",      WAVENUMBER,"SCIENCE DIRECT ABSORPTION","SCIENCE HARMONIC ABSORPTION SPECTRA"
           0,3058.39122071052,                          1,                                    0
           1,3058.39032610526,                          1,                                    0
           2,3058.38943149999,                          1,                                    0
           3,3058.38853689474,                          1,                                    0
           4,3058.38764228947,                          1,                                    0
           5,3058.38674768421,                          1,                                    0
           6,3058.38585307894,                          1,                                    0
           7,3058.38495847368,                          1,                                    0
           8,3058.38406386842,                          1,                                    0
           9,3058.38316926315,                          1,                                    0
          10,3058.38227465789,                          1,                                    0
          11,3058.38138005263,                          1,                                    0
          12,3058.38048544736,                          1,                                    0
          13, 3058.3795908421,                          1,                                    0
          14,3058.37869623684,                          1,                                    0
          15,3058.37780163157,                          1,                                    0
          16,3058.37690702632,                          1,                                    0
          17,3058.37601242105,                          1,                                    0
          18,3058.37511781578,                          1,                                    0
          19,3058.37422321052,                          1,                                    0
          20,3058.37332860526,                          1,                                    0
          21,     3058.372434,                          1,                                    0
          22,3058.37153939473,                          1,                                    0
          23,3058.37064478947,                          1,                                    0
          24, 3058.3697501842,                          1,                                    0
          25,3058.36885557895,                          1,                                    0
          26,3058.36796097368,                          1,                                    0
          27,3058.36706636842,                          1,                                    0
          28,3058.36617176315,                          1,                                    0
          29,3058.36527715789,                          1,                                    0
          30,3058.36438255263,                          1,                                    0
          31,3058.36348794736,                          1,                                    0
          32,3058.36259334211,                          1,                                    0
          33,3058.36169873684,                          1,                                    0
          34,3058.36080413157,                          1,                                    0
          35,3058.35990952631,                          1,                                    0
          36,3058.35901492105,                          1,                                    0
          37,3058.35812031579,                          1,                                    0
          38,3058.35722571053,                          1,                                    0
          39,3058.35633110526,                          1,                                    0
          40,3058.35543649999,                          1,                                    0
          41,3058.35454189473,                          1,                                    0
          42,3058.35364728947,                          1,                                    0
          43,3058.35275268421,                          1,                                    0
          44,3058.35185807894,                          1,                                    0
          45,3058.35096347368,                          1,                                    0
          46,3058.35006886841,                          1,                                    0
          47,3058.34917426315,                          1,                                    0
          48,3058.34827965789,                          1,                                    0
          49,3058.34738505263,                          1,                                    0
          50,3058.34649044737,                          1,                                    0
          51, 3058.3455958421,                          1,                                    0
          52,3058.34470123683,                          1,                                    0
          53,3058.34380663157,                          1,                                    0
          54,3058.34291202632,                          1,                                    0
          55,3058.34201742105,                          1,                                    0
          56,3058.34112281579,                          1,                                    0
          57,3058.34022821052,                          1,                                    0
          58,3058.33933360526,                          1,                                    0
          59,     3058.338439,                          1,                                    0
          60,3058.33754439473,                          1,                                    0
          61,3058.33664978947,                          1,                                    0
          62,3058.33575518421,                          1,                                    0
          63,3058.33486057894,                          1,                                    0
          64,3058.33396597368,                          1,                                    0
          65,3058.33307136841,                          1,                                    0
          66,3058.33217676316,                          1,                                    0
          67,3058.33128215789,                          1,                                    0
          68,3058.33038755263,                          1,                                    0
          69,3058.32949294736,                          1,                                    0
          70, 3058.3285983421,                          1,                                    0
          71,3058.32770373684,                          1,                                    0
          72,3058.32680913158,                          1,                                    0
          73,3058.32591452631,                          1,                                    0
          74,3058.32501992105,          0.993286482666562,                   0.0011778100584979
          75,3058.32412531578,          0.996486106287927,                 0.000392394607713301
          76,3058.32323071052,          0.998309677976006,                -0.000392186084453351
          77,3058.32233610526,          0.998757432864137,                -0.000587965521701807
          78,3058.32144149999,          0.998814898972586,                -0.000195884467341162
          79,3058.32054689473,          0.998089181950601,                -0.000195780537848294
          80,3058.31965228947,           0.99795126475647,                                    0
          81,3058.31875768421,          0.996248909680473,                 0.000977865046800621
          82,3058.31786307894,          0.995328290232413,                  0.00156375222346019
          83,3058.31696847369,          0.994605957476737,                  0.00156292430952934
          84,3058.31607386842,          0.994274913498864,                  0.00117157295384784
          85,3058.31517926315,          0.993749060797849,                 0.000975794443045806
          86,3058.31428465789,          0.993808931211647,                 0.000975278637106621
          87,3058.31339005263,          0.993866800793846,                  0.00116971377104023
          88,3058.31249544737,          0.994316244395645,                  0.00155879481778663
          89, 3058.3116008421,          0.994375720562116,                  0.00175271866139033
          90,3058.31070623684,          0.994435133983054,                  0.00194643792128216
          91,3058.30981163157,          0.994689025932339,                  0.00252903527031496
          92,3058.30891702631,          0.994748211650376,                  0.00194438665295226
          93,3058.30802242105,          0.994611065874035,                   0.0025263665213682
          94,3058.30712781578,          0.994670230205655,                   0.0023308031170607
          95,3058.30623321052,          0.994923463692574,                   0.0019413140754977
          96,3058.30533860526,           0.99459434288087,                  0.00174626396526099
          97,3058.30444399999,          0.994459495362227,                  0.00193927358689982
          98,3058.30354939473,          0.994712440495573,                  0.00213208044533346
          99,3058.30265478946,          0.994769469197985,                  0.00213095699341341
         100,3058.30176018421,          0.994634742318543,                   0.0019362171351344
         101,3058.30086557895,          0.994887197092553,                  0.00116112102364429
         102,3058.29997097368,          0.994752549742463,                 0.000386837468303505
         103,3058.29907636841,          0.994618043473218,                 0.000773269615916982
         104,3058.29818176314,          0.994676894243124,                  0.00135251325946035
         105,3058.29728715789,          0.994735683414892,                  0.00154492049452905
         106,3058.29639255263,          0.994794411085183,                   0.0030882247918826
         107,3058.29549794736,          0.994851158151819,                  0.00405116818328257
         108, 3058.2946033421,          0.994716952028382,                  0.00482029924417708
         109,3058.29370873684,          0.994775597356772,                  0.00501049312887952
         110,3058.29281413159,          0.994834181462377,                  0.00520048846069394
         111,3058.29191952631,          0.995085214639246,                  0.00596781614506028
         112,3058.29102492105,          0.994951166388314,                  0.00577229452555587
         113,3058.29013031578,          0.994817257858249,                  0.00653852440888855
         114,3058.28923571053,          0.994875698200536,                   0.0067273279437826
         115,3058.28834110526,          0.995126186995353,                  0.00710804419282395
         116,    3058.2874465,          0.995184405769497,                  0.00710434555536781
         117,3058.28655189474,          0.995050654507282,                   0.0061411033643651
         118,3058.28565728946,          0.995108852018797,                  0.00575429174259135
         119,3058.28476268421,          0.995166989059106,                    0.005751302190671
         120,3058.28386807894,          0.995608286771976,                  0.00517348416913844
         121,3058.28297347368,          0.995474593182589,                  0.00497928807671168
         122,3058.28207886841,          0.995341038293832,                  0.00478529345333573
         123,3058.28118426315,          0.995398934389378,                  0.00478281248505371
         124,3058.28028965789,          0.995265557119256,                  0.00420669399743009
         125,3058.27939505263,          0.995516449241848,                  0.00305783512917442
         126,3058.27850044736,          0.995383148971285,                  0.00191015764531047
         127, 3058.2776058421,          0.995440903571674,                  0.00114550161515728
         128,3058.27671123685,          0.995689416649652,                 0.000381636418800173
         129,3058.27581663158,          0.995556233669636,                -0.000381439169988366
         130,3058.27492202631,          0.995804430414734,                 -0.00095310531241839
         131,3058.27402742104,          0.995673222563258,                 -0.00114313802820122
         132,3058.27313281578,          0.995730678559323,                 -0.00152339748106227
         133,3058.27223821053,          0.995978401752526,                 -0.00171293820289943
         134,3058.27134360526,          0.996035641183677,                 -0.00228274020133769
         135,     3058.270449,          0.995904584811599,                 -0.00285196043760481
         136,3058.26955439473,          0.996341868972398,                 -0.00380065561309326
         137,3058.26865978947,          0.995829028140765,                  -0.0049383091229563
         138, 3058.2677651842,          0.996077954917364,                 -0.00512561554845985
         139,3058.26687057895,          0.996134996214687,                 -0.00455375998269571
         140,3058.26597597368,          0.996004225242601,                 -0.00341357122131889
         141,3058.26508136842,          0.996061245920035,                 -0.00208499975359094
         142,3058.26418676315,          0.996498992134099,                 -0.00132613934314424
         143,3058.26329215789,          0.996366349250832,                -0.000378702527271316
         144,3058.26239755263,          0.996235727844448,                 0.000378509015138468
         145,3058.26150294736,          0.996481670638974,                 0.000378314985056558
         146, 3058.2606083421,          0.996351123967255,                 0.000378121868678275
         147,3058.25971373684,          0.996407792124353,                                    0
         148,3058.25881913157,          0.996466284272415,                                    0
         149,3058.25792452631,           0.99671348828956,                -0.000188771493994235
         150,3058.25702992105,           0.99658120948205,                                    0
         151,3058.25613531579,          0.996450944968903,                 0.000188578907072086
         152,3058.25524071052,          0.996509295978528,                 0.000753931754097619
         153,3058.25434610526,          0.996754096940035,                 0.000753546850833517
         154,    3058.2534515,          0.996435652512837,                  0.00131803657739793
         155,3058.25255689473,          0.996682117497831,                  0.00207014790265788
         156,3058.25166228948,          0.996740232453591,                  0.00225719622371072
         157,3058.25076768421,          0.996798288409729,                  0.00282006305660995
         158,3058.24987307894,          0.996856285456045,                  0.00375817638249216
         159,3058.24897847368,          0.996726410150946,                  0.00469533828034174
         160,3058.24808386841,          0.996784384837614,                  0.00544383185692859
         161,3058.24718926316,          0.997029924031348,                  0.00581632059559123
         162,3058.24629465789,          0.997087686332754,                  0.00581337563970573
         163,3058.24540005263,          0.996957956826604,                  0.00581043366452805
         164,3058.24450544736,          0.996828358558467,                  0.00599483320313305
         165, 3058.2436108421,          0.997075245945227,                  0.00561732532926889
         166,3058.24271623684,          0.997132868703353,                  0.00449158949866375
         167,3058.24182163157,           0.99719043325689,                  0.00392815589915489
         168,3058.24092702632,          0.997249804158386,                   0.0033652974268562
         169,3058.24003242105,          0.997120385094769,                   0.0028029995832874
         170,3058.23913781578,          0.997551413773718,                  0.00280158607126114
         171,3058.23824321052,          0.997423835125448,                  0.00317353643966547
         172,3058.23734860526,          0.997294523742887,                  0.00335852225020991
         173,     3058.236454,          0.997353693173871,                  0.00298385547695997
         174,3058.23555939473,          0.997599200727696,                  0.00298235934447742
         175,3058.23466478947,          0.997842603184303,                  0.00279455546074767
         176, 3058.2337701842,          0.997528988300402,                  0.00260694527463237
         177,3058.23287557894,           0.99777403889104,                  0.00223340579494357
         178,3058.23198097368,           0.99783282021709,                  0.00167421614130384
         179,3058.23108636842,          0.997705611768687,                 0.000743723899939387
         180,3058.23019176316,          0.997948351991437,                 0.000929188409675453
         181,3058.22929715789,          0.998006958001237,                 0.000928724137354585
         182,3058.22840255262,          0.998067358407548,                 0.000742609641672283
         183,3058.22750794737,          0.998125846616318,                  0.00111335844575161
         184, 3058.2266133421,          0.997998809300807,                  0.00185467163965956
         185,3058.22571873684,          0.998242648040219,                  0.00278062018952707
         186,3058.22482413158,          0.998300961429786,                  0.00333508116290575
         187,3058.22392952631,          0.998175875255794,                  0.00407418724594202
         188,3058.22303492105,          0.998419262050813,                     0.00351686428976
         189,3058.22214031578,          0.998662406595094,                  0.00277509005167218
         190,3058.22124571053,          0.998722242049147,                  0.00166422887954866
         191,3058.22035110526,          0.998597195499936,                 0.000554468181843385
         192,    3058.2194565,          0.999024620932226,                -0.000738923536192475
         193,3058.21856189473,          0.998714909268163,                 -0.00240031314854615
         194,3058.21766728947,          0.998774600268702,                 -0.00258367413225459
         195,3058.21677268421,            0.9988342322534,                 -0.00295131075088724
         196,3058.21587807895,          0.998891963694757,                 -0.00331857795247428
         197,3058.21498347368,          0.998951478709858,                 -0.00350121344687093
         198,3058.21408886842,          0.999379301834283,                 -0.00386785207123478
         199,3058.21319426315,          0.999256264681409,                 -0.00423413671475173
         200,3058.21229965789,          0.999315512114699,                 -0.00349604027438396
         201,3058.21140505263,          0.999006878287417,                 -0.00312649428035458
         202,3058.21051044737,          0.999617652681578,                 -0.00220584991397185
         203, 3058.2096158421,          0.999494740710119,                 -0.00183730650865831
         204,3058.20872123684,          0.999186473795458,                 -0.00110184136055371
         205,3058.20782663157,          0.999430994291588,                -0.000917751142600173
         206,3058.20693202631,          0.999856901214138,                 -0.00110075989124492
         207,3058.20603742105,            0.9993673729474,                 -0.00128359112121684
         208,3058.20514281579,          0.999611445496067,                 -0.00164952383745226
         209,3058.20424821052,          0.999855279283504,                 -0.00219828936449286
         210,3058.20335360526,          0.999732672215854,                 -0.00274651833026334
         211,3058.20245899999,          0.999610184969977,                 -0.00329421152132178
         212,3058.20156439474,          0.999853662105802,                 -0.00329260261944831
         213,3058.20066978947,          0.999914068456359,                 -0.00310816221681443
         214,3058.19977518421,          0.999791671996696,                  -0.0031066456633054
         215,3058.19888057894,          0.999852049660171,                 -0.00292247584847693
         216,3058.19798597367,           0.99973162792311,                 -0.00200822642570384
         217,3058.19709136842,          0.999791976117398,                 -0.00200724799001485
         218,3058.19619676315,          0.999854089151528,                 -0.00255343984825272
         219, 3058.1953021579,          0.999733841829127,                 -0.00182300117036675
         220,3058.19440755263,          0.999794101087256,                 -0.00218653712648935
         221,3058.19351294737,          0.999856122707297,                 -0.00236760101916118
         222, 3058.1926183421,          0.999918084263987,                 -0.00236645459592788
         223,3058.19172373684,          0.999798038976658,                 -0.00218336241450772
         224,3058.19082913158,           1.00004182753598,                 -0.00090929426035277
         225,3058.18993452632,           1.00010542732604,                 0.000545313755357708
         226,3058.18903992105,          0.999803781921774,                  0.00199851746340896
         227,3058.18814531578,           1.00041040615682,                  0.00236074337993078
         228,3058.18725071052,           1.00011072006157,                  0.00217809957182193
         229,3058.18635610526,           1.00017234967027,                  0.00145136564436099
         230,    3058.1854615,           1.00005440005803,                 0.000725334107023048
         231,3058.18456689474,           1.00011781018061,                -0.000724985726843503
         232,3058.18367228947,                          1,                 -0.00108695652173913
         233,3058.18277768421,           1.00006337537233,                 -0.00108643495423393
         234,3058.18188307895,           1.00030767560132,                -0.000723942591352506
         235,3058.18098847368,           1.00055174160403,                 0.000180898886567353
         236,3058.18009386842,           1.00043394930026,                  0.00180812208440314
         237,3058.17919926316,           1.00031807765432,                  0.00325306691920105
         238,3058.17830465789,           1.00038114919191,                  0.00379342797635069
         239,3058.17741005263,           1.00044596670958,                  0.00415272644546477
         240,3058.17651544736,            1.0005089168733,                  0.00360933952695996
         241,3058.17562084211,           1.00057361169735,                  0.00234495347973058
         242,3058.17472623684,           1.00081854011387,                 0.000901475896337484
         243,3058.17383163158,            1.0008830260763,                -0.000180209403326666
         244,3058.17293702631,           1.00076732700018,                  -0.0010807422537799
         245,3058.17204242104,           1.00065173790774,                 -0.00162034286455014
         246,3058.17114781579,           1.00053805913612,                 -0.00161957599500451
         247,3058.17025321052,           1.00096229079169,                 -0.00161880693928575
         248,3058.16935860526,           1.00084857288738,                 -0.00107869434836074
         249,3058.16846399999,           1.00073496247019,                 -0.00107818455284991
         250,3058.16756939474,           1.00079927436664,                 -0.00125728552056111
         251,3058.16667478947,           1.00104484953808,                 -0.00215432894448653
         252,3058.16578018421,           1.00075186485812,                 -0.00340941105115732
         253,3058.16488557895,           1.00081787267014,                 -0.00412523495903462
         254,3058.16399097368,           1.00106488635834,                 -0.00466111874020717
         255,3058.16309636841,           1.00095149524521,                  -0.0046589221046143
         256,3058.16220176315,           1.00101731586225,                 -0.00340299320117779
         257,3058.16130715789,           1.00108486664733,                 -0.00250629258459633
         258,3058.16041255263,           1.00115235409479,                    -0.00143149576993
         259,3058.15951794737,           1.00104092517143,                 -0.00035770624447791
         260, 3058.1586233421,           1.00110836998105,                                    0
         261,3058.15772873684,           1.00135443730099,                 0.000357371319522123
         262,3058.15683413158,           1.00124307024061,                 0.000535806138195119
         263,3058.15593952632,           1.00131032586769,                 0.000892592552921812
         264,3058.15504492105,           1.00137930542247,                 0.000535306114801749
         265,3058.15415031579,           1.00108973067066,                 0.000356703983848444
         266,3058.15325571052,            1.0013370175595,                                    0
         267,3058.15236110525,            1.0014058883379,                -0.000890930505638699
         268,    3058.1514665,            1.0014746950872,                 -0.00124672289980622
         269,3058.15057189473,           1.00154343789665,                 -0.00195822570509477
         270,3058.14967728948,           1.00125624116983,                 -0.00249112979853877
         271,3058.14878268421,           1.00150465803711,                 -0.00284568895908255
         272,3058.14788807894,           1.00103997226741,                  -0.0026665955574518
         273,3058.14699347368,           1.00146594998001,                 -0.00248767269334992
         274,3058.14609886842,           1.00117932068287,                 -0.00195369390234372
         275,3058.14520426316,           1.00124978696813,                 -0.00142021246378458
         276,3058.14430965789,           1.00167507754331,                 -0.00124211258508471
         277,3058.14341505263,           1.00156966380816,                 -0.00212835770598512
         278,3058.14252044736,           1.00163985285645,                 -0.00230465806851926
         279, 3058.1416258421,           1.00170997722984,                  -0.0035439942587293
         280,3058.14073123684,           1.00142757450487,                 -0.00389660534826796
         281,3058.13983663157,           1.00167654239245,                  -0.0035407442290295
         282,3058.13894202631,            1.0017465533442,                 -0.00318520366723116
         283,3058.13804742105,           1.00164139716859,                 -0.00265312042336727
         284,3058.13715281578,           1.00136131393314,                 -0.00159114615561409
         285,3058.13625821052,           1.00125643014796,                -0.000530139302937502
         286,3058.13536360526,           1.00132827458544,                 0.000353264517405343
         287,     3058.134469,           1.00157837311045,                 0.000882759010321218
         288,3058.13357439473,           1.00165000485296,                  0.00105882664360778
         289,3058.13267978947,           1.00172333809001,                  0.00105834478403593
         290,3058.13178518421,           1.00126767292981,                  0.00158679504426277
         291,3058.13089057894,           1.00151734371448,                  0.00158607356914135
         292,3058.12999597369,           1.00106394971957,                  0.00193765677404808
         293,3058.12910136842,           1.00131348665561,                  0.00281712955626688
         294,3058.12820676315,           1.00138856868311,                  0.00334382826098052
         295,3058.12731215789,           1.00163773222462,                  0.00351822174999868
         296,3058.12641755262,           1.00171259974047,                  0.00369246350615235
         297,3058.12552294737,           1.00143589527279,                  0.00386654785819611
         298, 3058.1246283421,           1.00151078631157,                  0.00386480219239688
         299,3058.12373373684,           1.00141177462177,                   0.0045654403191594
         300,3058.12283913157,           1.00148660910956,                  0.00438786632101981
         301,3058.12194452632,           1.00156313321369,                  0.00456133148774844
         302,3058.12104992105,           1.00146423154148,                   0.0047346409125582
         303,3058.12015531578,           1.00119014024024,                   0.0038561244897208
         304,3058.11926071053,           1.00161709389131,                  0.00332879565925046
         305,3058.11836610526,           1.00134317981623,                  0.00262681841504782
         306,    3058.1174715,            1.0015946394907,                  0.00192547029611983
         307,3058.11657689473,           1.00149769746511,                  0.00139971725711406
         308,3058.11568228947,           1.00157572853398,                 0.000874433148711348
         309,3058.11478768421,           1.00147713069548,                 0.000524425098985237
         310,3058.11389307894,           1.00155510125631,                -0.000524191434711957
         311,3058.11299847368,           1.00163475174828,                 -0.00139722371647536
         312,3058.11210386842,            1.0015380076429,                 -0.00157117693372601
         313,3058.11120926315,           1.00161584716808,                 -0.00139598027479872
         314,3058.11031465789,           1.00169536460804,                 -0.00104652136298942
         315,3058.10942005263,            1.0021234975993,                -0.000871714942240168
         316,3058.10852544737,           1.00185418830467,                 -0.00017426581810831
         317, 3058.1076308421,           1.00175930603216,                                    0
         318,3058.10673623684,             1.001838619364,                                    0
         319,3058.10584163158,           1.00174557124385,                -0.000174035019326589
         320,3058.10494702631,           1.00200052187527,                -0.000347916847873358
         321,3058.10405242105,           1.00190574226575,                -0.000347763187180058
         322,3058.10315781579,           1.00163898240571,                -0.000521415399482408
         323,3058.10226321053,           1.00189364326541,                                    0
         324,3058.10136860526,           1.00180251518593,                 0.000694610861630043
         325,     3058.100474,           1.00188330454857,                  0.00138861164871597
         326,3058.09957939473,           1.00179226083381,                  0.00190850621218772
         327,3058.09868478947,           1.00170129669678,                  0.00138739791786257
         328,3058.09779018421,            1.0021304589761,                 0.000173348980968015
         329,3058.09689557895,            1.0022126998924,                -0.000519819865089418
         330,3058.09600097368,           1.00229486901927,                 -0.00138558129465252
         331,3058.09510636842,           1.00237870178974,                  -0.0019043464109995
         332,3058.09421176315,           1.00211463319247,                 -0.00207656287313239
         333,3058.09331715789,           1.00237144305164,                 -0.00190268953814806
         334,3058.09242255263,           1.00210933988036,                 -0.00172896711504547
         335,3058.09152794737,           1.00236592923642,                 -0.00103693027162388
         336, 3058.0906333421,           1.00210578685429,                -0.000172747075823874
         337,3058.08973873684,           1.00201681136598,                  0.00103603323594621
         338,3058.08884413158,           1.00210223997294,                  0.00224377008605721
         339,3058.08794952631,           1.00218759488779,                  0.00345046512269854
         340,3058.08705492105,           1.00210042732832,                  0.00344897755060512
         341,3058.08616031579,           1.00218570945923,                   0.0039646149497011
         342,3058.08526571052,           1.00210034442892,                  0.00396291401682688
         343,3058.08437110526,           1.00201332688058,                  0.00344452845266615
         344,    3058.0834765,           1.00210026167195,                  0.00258228894091723
         345,3058.08258189473,           1.00235920079707,                  0.00189286716030348
         346,3058.08168728947,           1.00210190272078,                  0.00154804619369842
         347,3058.08079268421,           1.00218868793918,                 0.000687725982459549
         348,3058.07989807895,           1.00227712137487,                 0.000515574650912997
         349,3058.07900347368,           1.00219197284427,                 0.000515354116992256
         350,3058.07810886842,           1.00228032941144,                  0.00103026931239826
         351,3058.07721426315,           1.00219697229755,                  0.00171638460746284
         352,3058.07631965789,           1.00245681698086,                  0.00257348147436469
         353,3058.07542505263,           1.00237517470825,                    0.003258362415647
         354,3058.07453044737,           1.00263472314837,                  0.00428549633761483
         355, 3058.0736358421,           1.00221038021967,                  0.00514041911550522
         356,3058.07274123684,           1.00247149558882,                  0.00496696965181543
         357,3058.07184663158,           1.00238998534508,                  0.00496486926985605
         358,3058.07095202631,           1.00247967403153,                  0.00444938059488219
         359,3058.07005742105,           1.00239994389297,                  0.00427645027258094
         360,3058.06916281579,           1.00231856700248,                  0.00307774380860537
         361,3058.06826821053,           1.00240988565862,                  0.00307644977695739
         362,3058.06737360526,           1.00250112755751,                  0.00307515683299848
         363,     3058.066479,           1.00259229279589,                  0.00273232442254031
         364,3058.06558439474,           1.00251439418122,                  0.00221908515653939
         365,3058.06468978947,           1.00243485026609,                  0.00255940812833896
         366,3058.06379518421,            1.0025276385852,                  0.00255833864899253
         367,3058.06290057895,           1.00262034939128,                   0.0027277547339331
         368,3058.06200597368,           1.00288339627272,                  0.00255620236942918
         369,3058.06111136842,           1.00263519648141,                  0.00204410845358085
         370,3058.06021676316,           1.00272945375168,                 0.000681086400918104
         371,3058.05932215789,           1.00299383362182,                -0.000170200888108234
         372,3058.05842755263,           1.00274760329032,                 -0.00102078140816795
         373,3058.05753294737,           1.00284169658299,                 -0.00136047711932575
         374, 3058.0566383421,           1.00276572271717,                 -0.00169989103698453
         375,3058.05574373684,           1.00302964910105,                 -0.00271869801552037
         376,3058.05484913157,           1.00312521231062,                 -0.00305727291256199
         377,3058.05395452632,            1.0030509182466,                 -0.00424446055453028
         378,3058.05305992105,           1.00297668545904,                  -0.0045821269894068
         379,3058.05216531578,           1.00290251387218,                 -0.00542843038631764
         380,3058.05127071052,           1.00299797196014,                 -0.00593489924236772
         381,3058.05037610526,           1.00309505164634,                 -0.00610196381535457
         382,    3058.0494815,           1.00319205172344,                 -0.00593003239491983
         383,3058.04858689474,           1.00295025217712,                 -0.00508080168276152
         384,3058.04769228947,           1.00304723209751,                  -0.0037243947858473
         385,3058.04679768421,            1.0029749112434,                 -0.00219987748374629
         386,3058.04590307895,             1.002735193671,                -0.000507457081817305
         387,3058.04500847368,           1.00317200519424,                 0.000676333730115788
         388,3058.04411386842,           1.00293070752756,                  0.00101408564967397
         389,3058.04321926316,           1.00286194091629,                  0.00101367446858116
         390,3058.04232465789,           1.00296041354596,                 0.000506630954813585
         391,3058.04143005263,           1.00288999777173,                -0.000168808281059036
         392,3058.04053544737,           1.00299007134324,                  -0.0013499193423193
         393, 3058.0396408421,           1.00292139228294,                 -0.00134937287895451
         394,3058.03874623684,           1.00285276880433,                 -0.00168603357230049
         395,3058.03785163158,           1.00329149721832,                  -0.0018538898823117
         396,3058.03695702631,           1.00305431217328,                 -0.00235854221874805
         397,3058.03606242105,           1.00298740708558,                 -0.00218919346744669
         398,3058.03516781579,           1.00275222408322,                 -0.00235664447493119
         399,3058.03427321052,           1.00302202239931,                 -0.00252396080120612
         400,3058.03337860526,           1.00295521097717,                 -0.00201835695651955
         401,     3058.032484,           1.00272201028614,                 -0.00252193664558888
         402,3058.03158939473,           1.00299149608417,                 -0.00235286208866929
         403,3058.03069478947,           1.00275846775684,                 -0.00251991573401785
         404,3058.02980018421,           1.00286148017787,                  -0.0023509813667934
         405,3058.02890557895,           1.00279655013815,                 -0.00218218198054837
         406,3058.02801097368,           1.00290114787464,                 -0.00184572739277582
         407,3058.02711636842,           1.00267020905456,                -0.000670906797627674
         408,3058.02622176315,           1.00260543284723,                 0.000335319542758271
         409,3058.02532715789,           1.00287925561689,                  0.00167593458492128
         410,3058.02443255263,           1.00281612748128,                  0.00251290376081177
         411,3058.02353794737,           1.00275304945441,                  0.00368412944021328
         412,3058.02264334211,           1.00252430564855,                  0.00401746257064038
         413,3058.02174873684,           1.00246307067273,                  0.00401587609683616
         414,3058.02085413158,           1.00240188404052,                  0.00351250451607723
         415,3058.01995952631,           1.00250794181575,                  0.00267513793679987
         416,3058.01906492105,           1.00244846114635,                   0.0020055654441074
         417,3058.01817031579,            1.0025544171034,                  0.00150358102881697
         418,3058.01727571052,           1.00216096699098,                  0.00100199396799631
         419,3058.01638110526,           1.00260249298462,                 0.000333866964030843
         420,    3058.0154865,           1.00221100496433,                -0.000667473196779442
         421,3058.01459189473,           1.00248536304649,                 -0.00183483177928642
         422,3058.01369728947,           1.00242770248639,                 -0.00183411588944616
         423,3058.01280268421,           1.00220341412518,                 -0.00233341889202604
         424,3058.01190807895,           1.00214590844568,                 -0.00199929358293403
         425,3058.01101347368,           1.00208844758729,                 -0.00166542869800115
         426,3058.01011886842,           1.00203269966155,                  -0.0013318261500735
         427,3058.00922426315,           1.00230815442502,                 -0.00133130752704634
         428,3058.00832965789,            1.0019196667698,                 -0.00116444258133631
         429,3058.00743505263,           1.00219661810605,                 -0.00116399142637172
         430,3058.00654044737,           1.00181013977471,                 -0.00066488145994671
         431,3058.00564584211,           1.00208691953397,                -0.000332312027701531
         432,3058.00475123684,           1.00153468997269,                 0.000332183976773696
         433,3058.00385663157,           1.00181302589373,                 0.000830140061231131
         434,3058.00296202632,           1.00159325521957,                  0.00149367676834733
         435,3058.00206742105,           1.00187135434294,                   0.0024885031156059
         436,3058.00117281579,            1.0016533914425,                  0.00232171315897268
         437,3058.00027821052,           1.00176548111433,                  0.00198927449501438
         438,3057.99938360526,           1.00138201655106,                  0.00115996593014354
         439,     3057.998489,           1.00149744242135,                 0.000331292571095386
         440,3057.99759439474,           1.00144553894759,                 0.000331165852826583
         441,3057.99669978947,            1.0017247143959,                 -0.00016551961572966
         442,3057.99580518421,           1.00150896444006,                 0.000330913254399492
         443,3057.99491057895,           1.00145877231574,                 0.000330787373184391
         444,3057.99401597368,           1.00157394915747,                 0.000495992381557019
         445,3057.99312136842,           1.00152542568962,                 0.000991609332365963
         446,3057.99222676316,           1.00164048986713,                  0.00099123254811195
         447,3057.99133215789,           1.00142683506844,                  0.00132114358188448
         448,3057.99043755263,           1.00137842232549,                  0.00165080518022666
         449,3057.98954294737,           1.00133004617207,                    0.001815199490424
         450, 3057.9886483421,            1.0012833582417,                  0.00263929715516758
         451,3057.98775373684,           1.00090526687234,                  0.00247340675503874
         452,3057.98685913158,           1.00118843737792,                  0.00263730902173967
         453,3057.98596452632,           1.00130662523253,                  0.00280108814035758
         454,3057.98506992105,           1.00109530829222,                  0.00247062020802622
         455,3057.98417531579,           1.00105044438078,                  0.00263434327468627
         456,3057.98328071052,           1.00100396649056,                  0.00230418538817295
         457,3057.98238610526,           1.00112369348011,                  0.00230332484942014
         458,    3057.9814915,           1.00091440750998,                   0.0026313885179362
         459,3057.98059689473,           1.00103407856038,                  0.00263040651288653
         460,3057.97970228947,           1.00099096626606,                  0.00262942956169053
         461,3057.97880768421,           1.00111216431776,                  0.00262845333591798
         462,3057.97791307895,            1.0010674111175,                  0.00262747351999343
         463,3057.97701847368,            1.0011884906825,                  0.00180571788776971
         464,3057.97612386842,           1.00098293242052,                    0.001476860064227
         465,3057.97522926316,           1.00093991899965,                 0.000820173647164578
         466,3057.97433465789,           1.00122652709182,                  0.00016397421013623
         467,3057.97344005263,           1.00102118257204,                                    0
         468,3057.97254544737,           1.00081598946096,                 -0.00049155991623819
         469, 3057.9716508421,           1.00077474051107,                                    0
         470,3057.97075623684,           1.00106262617663,                 0.000327465693875245
         471,3057.96986163158,           1.00085764416278,                 0.000327345100298539
         472,3057.96896702631,           1.00098167539267,                 0.000490837696335079
         473,3057.96807242105,           1.00077851049354,                 0.000327105249385042
         474,3057.96717781579,           1.00106760925828,                                    0
         475,3057.96628321052,           1.00102799446289,                 0.000326866283906248
         476,3057.96538860526,           1.00066329681389,                 0.000163373599479818
         477,     3057.964494,           1.00078880710482,                                    0
         478,3057.96359939473,           1.00091422600973,                -0.000326509289189277
         479,3057.96270478947,           1.00087635839631,                -0.000163195232088099
         480,3057.96181018421,             1.001003287193,                 0.000978816773656778
         481,3057.96091557895,           1.00080233786904,                  0.00146769122385879
         482,3057.96002097369,           1.00109221916111,                  0.00277130234908629
         483,3057.95912636842,           1.00089301428171,                   0.0035850938316831
         484,3057.95823176316,           1.00085848375804,                  0.00374670330833902
         485, 3057.9573371579,           1.00114803084213,                  0.00341966633827014
         486,3057.95644255263,           1.00095065080512,                  0.00276730542587203
         487,3057.95554794737,           1.00107886099616,                  0.00195268958581827
         488,3057.95465334211,           1.00104431337209,                  0.00162665634282108
         489,3057.95375873684,           1.00084881085177,                  0.00178868187154662
         490,3057.95286413158,           1.00113946869224,                  0.00195058834620993
         491,3057.95196952632,           1.00094407224996,                  0.00227487289147719
         492,3057.95107492105,           1.00107368116705,                    0.002111627106145
         493,3057.95018031579,           1.00087844782653,                  0.00243562243955191
         494,3057.94928571052,           1.00117030445771,                    0.002434752685938
         495,3057.94839110526,           1.00113905935116,                  0.00194711000197956
         496,    3057.9474965,           1.00094563491355,                  0.00129761223129289
         497,3057.94660189474,           1.00123877963991,                                    0
         498,3057.94570728947,            1.0010454571241,                -0.000972518254978078
         499,3057.94481268421,           1.00101430066723,                -0.000810144302903233
         500,3057.94391807894,           1.00098478762277,                -0.000809858242413248
         501,3057.94302347368,           1.00127912436651,                -0.000485743430320105
         502,3057.94212886842,            1.0017351107428,                 0.000161857345410049
         503,3057.94123426316,           1.00138177417215,                     0.00113260178045
         504,3057.94033965789,           1.00119042997813,                  0.00226440484970822
         505,3057.93944505263,           1.00116252560709,                  0.00242529681590865
         506,3057.93855044736,           1.00145790030031,                  0.00274770566576908
         507, 3057.9376558421,           1.00142992171785,                  0.00258516920740328
         508,3057.93676123684,           1.00124044630224,                  0.00209971379285839
         509,3057.93586663158,            1.0013740233697,                  0.00145313869885961
         510,3057.93497202632,           1.00134771977113,                 0.000807017827023799
         511,3057.93407742105,           1.00116008719209,                 0.000322694629231938
         512,3057.93318281579,           1.00129516755726,                -0.000483873309064399
         513,3057.93228821052,           1.00143015383425,                -0.000806174652901503
         514,3057.93139360526,           1.00140386732406,                 -0.00161178797251579
         515,     3057.930499,           1.00121808959726,                 -0.00209459851380179
         516,3057.92960439474,           1.00151564203789,                 -0.00273814183252558
         517,3057.92870978947,           1.00165197705909,                 -0.00322022818536922
         518,3057.92781518421,           1.00146630634053,                 -0.00289720242914328
         519,3057.92692057895,           1.00160256410256,                 -0.00241350015446401
         520,3057.92602597368,           1.00141864961285,                 -0.00193013552768297
         521,3057.92513136842,           1.00155482986109,                 -0.00064315609559229
         522,3057.92423676316,           1.00169252604288,                 0.000482201151817818
         523,3057.92334215789,           1.00167105855132,                 0.000642714827431069
         524,3057.92244755263,           1.00164799686463,                                    0
         525,3057.92155294737,           1.00130542223906,                 -0.00064227416436117
         526, 3057.9206583421,           1.00144301534026,                 -0.00160513386013827
         527,3057.91976373684,           1.00158212106917,                  -0.0028882534731248
         528,3057.91886913158,           1.00188314250609,                 -0.00401009903340573
         529,3057.91797452631,           1.00170130476125,                 -0.00481047529099367
         530,3057.91707992105,            1.0016798856139,                  -0.0054500105794323
         531,3057.91618531579,           1.00149984616962,                 -0.00528791918777561
         532,3057.91529071053,           1.00164030012366,                 -0.00480556676854468
         533,3057.91439610526,           1.00130026517723,                 -0.00400327948655539
         534,    3057.9135015,           1.00160237170221,                 -0.00352169604881711
         535,3057.91260689474,            1.0017426481531,                 -0.00336047853214298
         536,3057.91171228947,           1.00156449461065,                 -0.00335934425600123
         537,3057.91081768421,           1.00154637609082,                 -0.00255863675833516
         538,3057.90992307895,           1.00168813065108,                 -0.00319721714219943
         539,3057.90902847368,           1.00151017570774,                 -0.00271671820440907
         540,3057.90813386842,           1.00149369373687,                 -0.00191704009010088
         541,3057.90723926316,           1.00163692258554,                 -0.00143729787998563
         542,3057.90634465789,           1.00130111672534,                                    0
         543,3057.90545005263,           1.00112512867163,                  0.00111714903566099
         544,3057.90455544737,           1.00126833704262,                  0.00191447100772968
         545, 3057.9036608421,           1.00141144948685,                  0.00239228726585488
         546,3057.90276623684,           1.00107776488145,                  0.00255092279632157
         547,3057.90187163158,           1.00122244128058,                  0.00223131394109012
         548,3057.90097702631,           1.00104836833736,                   0.0014339384553615
         549,3057.90008242105,           1.00119295820187,                 0.000477820374579319
         550,3057.89918781579,           1.00133904617241,                                    0
         551,3057.89829321052,            1.0013242756276,                 -0.00127334194961386
         552,3057.89739860526,           1.00131110814096,                 -0.00254584105041402
         553,     3057.896504,           1.00129794936725,                 -0.00349937329405552
         554,3057.89560939474,           1.00112578948373,                 -0.00477029442257176
         555,3057.89471478947,           1.00095533453399,                 -0.00508663978165599
         556,3057.89382018421,           1.00110121133247,                 -0.00492605357957245
         557,3057.89292557894,           1.00108972953739,                 -0.00460672836505622
         558,3057.89203097368,           1.00107825529084,                  -0.0038112116318179
         559,3057.89113636842,           1.00090804028397,                 -0.00301621772647033
         560,3057.89024176316,           1.00105691805235,                 -0.00238044606385309
         561,3057.88934715789,           1.00104546586689,                 -0.00206237576169089
         562,3057.88845255263,           1.00087701630489,                 -0.00237888690295886
         563,3057.88755794737,           1.00070867677205,                 -0.00253665063820545
         564, 3057.8866633421,           1.00101591387079,                 -0.00301128916458914
         565,3057.88576873684,           1.00084763888999,                 -0.00332718068967703
         566,3057.88487413158,           1.00083944438285,                 -0.00316771465226412
         567,3057.88397952631,           1.00082967053846,                 -0.00348334958896475
         568,3057.88308492105,           1.00097976988862,                 -0.00395706740152046
         569,3057.88219031579,           1.00081330915558,                 -0.00395578383065448
         570,3057.88129571052,           1.00080671949888,                 -0.00347996646577769
         571,3057.88040110526,           1.00064042252073,                  -0.0028463223143763
         572,    3057.8795065,            1.0004758148527,                 -0.00158078024151161
         573,3057.87861189474,           1.00046775936941,                -0.000948160883938787
         574,3057.87771728948,           1.00046128958876,                                    0
         575,3057.87682268421,            1.0004564039475,                   0.0003158504826985
         576,3057.87592807894,           1.00029206760181,                 0.000473623138069039
         577,3057.87503347368,           1.00028566062571,                 0.000473470650343503
         578,3057.87413886842,          0.999965289939447,                 0.000315546005029803
         579,3057.87324426316,           1.00027601435275,                 0.000473167461850873
         580, 3057.8723496579,           1.00011352384316,                 0.000315344008779177
         581,3057.87145505263,           1.00010875887212,                 0.000157621553801753
         582,3057.87056044737,           1.00026314421091,                 0.000157571383776135
         583, 3057.8696658421,           1.00025991005537,                                    0
         584,3057.86877123684,          0.999940161061228,                 0.000157470891505705
         585,3057.86787663158,          0.999937031673068,                 0.000944524903973301
         586,3057.86698202631,          0.999620735835428,                  0.00204582329437351
         587,3057.86608742105,          0.999617709940957,                  0.00330374125098522
         588,3057.86519281579,            0.9997719570021,                  0.00424631789193907
         589,3057.86429821052,           0.99977045685375,                  0.00440219732535068
         590,3057.86340360526,          0.999768957653238,                  0.00377211994712745
         591,     3057.862509,          0.999924581426919,                  0.00345668459952738
         592,3057.86161439474,          0.999608889670761,                  0.00235608632071989
         593,3057.86071978947,          0.999609012497468,                  0.00157023093386344
         594,3057.85982518421,          0.999609135247053,                  0.00156973796364173
         595,3057.85893057895,          0.999764613573951,                   0.0020400156924284
         596,3057.85803597368,          0.999607812377441,                  0.00203937563730489
         597,3057.85714136842,          0.999609503033801,                  0.00125460872674465
         598,3057.85624676316,          0.999452848558201,                -0.000156776917420894
         599,3057.85535215789,          0.999453020065857,                 -0.00156727774826071
         600,3057.85445755263,          0.999454757398378,                 -0.00235018362768078
         601,3057.85356294737,          0.999299863575207,                 -0.00266271123523174
         602, 3057.8526683421,          0.999458228815337,                 -0.00250530027589619
         603,3057.85177373684,          0.999459962901799,                 -0.00219145489124905
         604,3057.85087913158,          0.999463259905828,                 -0.00109538794728993
         605,3057.84998452631,          0.999308556071097,                                    0
         606,3057.84908992105,          0.999311897910672,                  0.00109470786938571
         607,3057.84819531579,          0.999471576110237,                  0.00171972271816246
         608,3057.84730071053,          0.999474865434268,                  0.00187548059190167
         609,3057.84640610526,          0.999635956271005,                  0.00187490332529729
         610,    3057.8455115,          0.999170611857283,                  0.00218671073409441
         611,3057.84461689474,           0.99933169692768,                   0.0024983292423192
         612,3057.84372228947,          0.999648780487805,                  0.00265365853658537
         613,3057.84282768421,          0.999341470798443,                  0.00265284275508644
         614,3057.84193307895,           0.99981435807675,                  0.00312003232353487
         615,3057.84103847368,           0.99935123265795,                  0.00327502744784909
         616,3057.84014386842,          0.999357667146857,                  0.00389765080790506
         617,3057.83924926316,          0.999206681951157,                  0.00420817039661227
         618,3057.83835465789,          0.999368967209667,                  0.00467431696543343
         619,3057.83746005263,          0.999375390381012,                  0.00482865291487085
         620,3057.83656544737,          0.999381809631624,                  0.00436003282481855
         621, 3057.8356708421,          0.999389780694654,                  0.00389170475348385
         622,3057.83477623684,          0.999707433067533,                  0.00280117275766121
         623,3057.83388163158,          0.999559726999625,                  0.00264474947221691
         624,3057.83298702631,          0.999412110523222,                  0.00217736843251247
         625,3057.83209242105,          0.999731021047214,                  0.00155479163459909
         626,3057.83119781579,          0.999583442135761,                  0.00124345631116251
         627,3057.83030321053,          0.999903661185713,                 0.000621540737333777
         628,3057.82940860526,          0.999756119156763,                -0.000155338116711741
         629,     3057.828514,          0.999765510108688,                -0.000931747912496448
         630,3057.82761939474,          0.999619650855009,                 -0.00108671184283042
         631,3057.82672478947,          0.999939472855127,                 -0.00108638465155764
         632,3057.82583018421,           1.00010550290754,                -0.000775756673058902
         633,3057.82493557895,           1.00011477744034,                -0.000620418596427009
         634,3057.82404097368,           1.00028065540014,                                    0
         635,3057.82314636842,           1.00013486009428,                -0.000155011602618456
         636,3057.82225176316,           1.00030063256811,                -0.000464895723889132
         637,3057.82135715789,           1.00031138700447,                 -0.00108443235388436
         638,3057.82046255263,            1.0001688113974,                 -0.00123898273322688
         639,3057.81956794737,           1.00033442537669,                 -0.00123861250627048
         640,3057.81867334211,           1.00050148898891,                 -0.00170258607346504
         641,3057.81777873684,           1.00035898419851,                 -0.00201154938817952
         642,3057.81688413158,           1.00021656405655,                 -0.00139219750641958
         643,3057.81598952632,           1.00053815653551,                 -0.00108249877832281
         644,3057.81509492105,           1.00055036453921,                -0.000772983903383196
         645,3057.81420031579,           1.00071711620374,                 0.000154550905977411
         646,3057.81330571053,           1.00073081005582,                   0.0010815370804988
         647,3057.81241110526,           1.00074449582804,                  0.00123567772289309
         648,    3057.8115165,           1.00060375936715,                  0.00092648496237699
         649,3057.81062189474,           1.00077184316147,                 0.000308737264587836
         650,3057.80972728947,           1.00078550473695,                                    0
         651,3057.80883268421,           1.00064642437838,                -0.000154277894600428
         652,3057.80793807895,           1.00096857976594,                -0.000462697340415687
         653,3057.80704347368,           1.00098371474123,                -0.000308374527030569
         654,3057.80614886842,           1.00115298295805,                -0.000308284213382001
         655,3057.80525426316,           1.00101395810411,                -0.000154096976309131
         656,3057.80435965789,           1.00102906650727,                                    0
         657,3057.80346505263,           1.00104570774702,                                    0
         658,3057.80257044737,           1.00106079804653,                -0.000153961980628504
         659, 3057.8016758421,            1.0009235031553,                -0.000153917192550408
         660,3057.80078123684,           1.00109403298102,                -0.000615489722091003
         661,3057.79988663158,           1.00111063595445,                -0.000615310778091244
         662,3057.79899202632,           1.00143479524565,                 -0.00107648089169526
         663,3057.79809742105,           1.00129909063655,                 -0.00122990829496276
         664,3057.79720281579,           1.00146931348018,                  -0.0021517143015228
         665,3057.79630821053,           1.00133367750817,                 -0.00276569068515377
         666,3057.79541360526,           1.00135172498541,                 -0.00291849712758441
         667,     3057.794519,            1.0015233228093,                 -0.00291765457426813
         668,3057.79362439474,           1.00154130513543,                 -0.00353087829830088
         669,3057.79272978947,           1.00156081420172,                 -0.00337639257009468
         670,3057.79183518421,            1.0014253472462,                 -0.00352884678821242
         671,3057.79094057895,           1.00113811012366,                 -0.00291429816031094
         672,3057.79004597368,           1.00146439825499,                 -0.00260678223401237
         673,3057.78915136842,           1.00148390696762,                 -0.00275933113813212
         674,3057.78825676316,           1.00150340449857,                 -0.00306504484926876
         675,3057.78736215789,           1.00152289085745,                 -0.00321737505094177
         676,3057.78646755263,            1.0015439000631,                 -0.00367595253119965
         677,3057.78557294737,           1.00171648452944,                 -0.00398114163830103
         678, 3057.7846783421,           1.00143127214836,                 -0.00398000811309346
         679,3057.78378373684,           1.00160532312293,                 -0.00397887523318504
         680,3057.78288913158,           1.00132030469511,                 -0.00351877265209895
         681,3057.78199452632,           1.00164723480208,                 -0.00275303866642807
         682,3057.78109992105,           1.00151680101772,                 -0.00244645325439444
         683,3057.78020531579,           1.00169062999661,                 -0.00168145840530485
         684,3057.77931071053,           1.00171307453326,                 -0.00137534975908457
         685,3057.77841610526,           1.00142995948448,                 -0.00122218759357374
         686,    3057.7775215,            1.0014524649904,                 -0.00152730282902303
         687,3057.77662689474,             1.001627644923,                 -0.00183224569193232
         688,3057.77573228947,           1.00134479384661,                 -0.00259494839868787
         689,3057.77483768421,           1.00136730433509,                 -0.00350982139587123
         690,3057.77394307895,           1.00139132981839,                  -0.0036613942589338
         691,3057.77304847368,           1.00126282653522,                 -0.00411791261484401
         692,3057.77215386842,             1.001439340343,                 -0.00411675733697641
         693,3057.77125926316,           1.00131089567709,                 -0.00472532162673008
         694,3057.77036465789,           1.00148729702053,                 -0.00548593163310089
         695,3057.76947005263,           1.00120656664757,                 -0.00624611522102107
         696,3057.76857544737,           1.00123212167087,                  -0.0063966761652231
         697, 3057.7676808421,           1.00125613794679,                 -0.00624262494766092
         698,3057.76678623684,           1.00112944815346,                  -0.0056320190940669
         699,3057.76589163158,           1.00130717760724,                 -0.00456523029304213
         700,3057.76499702632,           1.00133267612319,                 -0.00349903548326244
         701,3057.76410242105,           1.00120607080989,                 -0.00258552380430931
         702,3057.76320781579,           1.00123310561679,                 -0.00106433283816515
         703,3057.76231321053,           1.00110659824404,                                    0
         704,3057.76141860526,           1.00098168235434,                 0.000151963212745459
         705,     3057.760524,           1.00100875673771,                 0.000455763586312508
         706,3057.75962939474,           1.00118769535462,                                    0
         707,3057.75873478947,           1.00106286061342,                -0.000607348921955664
         708,3057.75784018421,           1.00108989013057,                 -0.00136615754528812
         709,3057.75694557895,            1.0008133980005,                 -0.00182104029962183
         710,3057.75605097368,           1.00099371155057,                 -0.00212396361953743
         711,3057.75515636842,           1.00086906800419,                   -0.001971707513874
         712,3057.75426176316,           1.00089763884593,                 -0.00227442275150567
         713,3057.75336715789,            1.0006230208477,                 -0.00242538529519213
         714,3057.75247255263,           1.00095473350812,                 -0.00287935502447452
         715,3057.75157794737,           1.00068025046549,                 -0.00287856544418537
         716,3057.75068334211,            1.0007103574355,                 -0.00302924279532467
         717,3057.74978873684,           1.00058751203794,                 -0.00257415068169567
         718,3057.74889413158,           1.00061762782474,                 -0.00196793179451159
         719,3057.74799952632,           1.00064772720394,                 -0.00121070505408825
         720,3057.74710492105,           1.00052651327177,                -0.000756484585870078
         721,3057.74621031579,           1.00055662106811,                -0.000756278625145962
         722,3057.74531571053,           1.00043549791929,                -0.000604858221232943
         723,3057.74442110526,           1.00046561409662,                -0.000453520223978521
         724,    3057.7435265,           1.00049722596275,                -0.000302265022949472
         725,3057.74263189474,            1.0002251261991,                -0.000604365635165619
         726,3057.74173728947,           1.00025678594626,                 0.000151050556621301
         727,3057.74084268421,           1.00028842857768,                   0.0010570680857554
         728,3057.73994807895,           1.00032005410726,                  0.00226453377778583
         729,3057.73905347368,           1.00035166254884,                  0.00332041891612471
         730,3057.73815886842,          0.999930591810437,                  0.00467750842705954
         731,3057.73726426316,          0.999962288343327,                  0.00527963193423087
         732,3057.73636965789,           1.00014628195016,                  0.00603224536761257
         733,3057.73547505263,           1.00002864547605,                  0.00648292352713254
         734,3057.73458044737,           1.00006028999488,                  0.00663189943628855
         735, 3057.7336858421,           1.00024410898713,                   0.0066301206380587
         736,3057.73279123684,          0.999975896935295,                  0.00662834279378623
         737,3057.73189663158,           1.00015963999675,                  0.00707837721425194
         738,3057.73100202632,          0.999893099819173,                  0.00797987265327754
         739,3057.73010742105,          0.999926243585826,                  0.00857982777124674
         740,3057.72921281579,           1.00026184077071,                  0.00948044169829322
         741,3057.72831821053,           1.00014442518775,                  0.00947790294627383
         742,3057.72742360526,           1.00017897939631,                  0.00917457409671806
         743,     3057.726529,           1.00006315238671,                  0.00826995540238596
         744,3057.72565691111,          0.999947387013612,                  0.00661420400309665
         745,3057.72478482222,           1.00028253172471,                  0.00480905063329186
         746,3057.72391273333,           1.00031851535785,                      0.0030048618665
         747,3057.72304064444,           1.00020277425218,                   0.0015020314976005
         748,3057.72216855556,           1.00038892334306,                  0.00105114417042951
         749,3057.72129646667,           1.00027322486406,                 0.000600494206732141
         750,3057.72042437778,           1.00045925672451,                 0.000300167793796732
         751,3057.71955228889,           1.00049514606809,                -0.000300088526115204
         752,    3057.7186802,           1.00053101646151,                 -0.00105003255100908
         753,3057.71780811111,           1.00041690286163,                 -0.00239944093026325
         754,3057.71693602222,           1.00045427490678,                 -0.00374814279524496
         755,3057.71606393333,           1.00049012774798,                  -0.0046464710052715
         756,3057.71519184444,           1.00067730779144,                  -0.0050947931214299
         757,3057.71431975556,           1.00056327562754,                 -0.00494364247577615
         758,3057.71344766667,           1.00045080193321,                 -0.00509211486013907
         759,3057.71257557778,           1.00033838718082,                 -0.00464159407313356
         760,3057.71170348889,           1.00067510017978,                 -0.00359255084582119
         761,    3057.7108314,           1.00071233598314,                 -0.00269370749928168
         762,3057.70995931111,           1.00074955228838,                 -0.00194494605766915
         763,3057.70908722222,           1.00063867371252,                 -0.00149572298013829
         764,3057.70821513333,           1.00067588987182,                 -0.00164486473230574
         765,3057.70734304444,           1.00071458256718,                 -0.00134544834823791
         766,3057.70647095556,           1.00045284913847,                 -0.00164400677330791
         767,3057.70559886667,           1.00079041225453,                 -0.00119533044162977
         768,3057.70472677778,           1.00082904495515,                 -0.00104564228577404
         769,3057.70385468889,           1.00071831892464,                 -0.00089603192263063
         770,    3057.7029826,           1.00060765042334,                -0.000597199433257738
         771,3057.70211051111,           1.00064779406716,                -0.000597045223190431
         772,3057.70123842222,           1.00053720118184,                  -0.0004476676515355
         773,3057.70036633333,            1.0008757103025,                 -0.00014918403790468
         774,3057.69949424444,           1.00121255147378,                -0.000298290645456213
         775,3057.69862215556,           1.00080517698983,                -0.000745534249843438
         776,3057.69775006667,           1.00069614941424,                 -0.00104347877936834
         777,3057.69687797778,           1.00088523798595,                 -0.00134126967568099
         778,3057.69600588889,           1.00077624597909,                 -0.00193689015895909
         779,    3057.6951338,           1.00081626330152,                 -0.00253220367258904
         780,3057.69426171111,           1.00100517478873,                 -0.00327612523733294
         781,3057.69338962222,           1.00089772620691,                 -0.00387079293193211
         782,3057.69251753333,           1.00108651971364,                 -0.00446514950808936
         783,3057.69164544444,           1.00083030524878,                 -0.00312480469970627
         784,3057.69077335556,           1.00087174619987,                 -0.00208267010208059
         785,3057.68990126667,           1.00076295347768,                -0.000297447749584689
         786,3057.68902917778,           1.00080439039549,                  0.00178423008241656
         787,3057.68815708889,           1.00114310177471,                  0.00327025215130565
         788,     3057.687285,              1.00074007805,                  0.00430969145581377
         789,3057.68641291111,           1.00078148910818,                  0.00445716221396161
         790,3057.68554082222,           1.00082287900708,                  0.00430748938723735
         791,3057.68466873333,           1.00086573401028,                   0.0026729351946862
         792,3057.68379664444,            1.0009070813211,                   0.0013361263322293
         793,3057.68292455556,           1.00109831393968,                -0.000445262407979102
         794,3057.68205246667,           1.00084430008413,                 -0.00237413028930261
         795,3057.68118037778,           1.00118231190189,                 -0.00356028678110022
         796,3057.68030828889,           1.00107671362087,                 -0.00489415282214649
         797,    3057.6794362,            1.0011194389461,                 -0.00548599218616789
         798,3057.67856411111,           1.00101539396545,                 -0.00578107513174181
         799,3057.67769202222,           1.00120630837036,                 -0.00592780525974161
         800,3057.67681993333,           1.00124896845281,                 -0.00533367310806466
         801,3057.67594784444,           1.00129309004084,                 -0.00459172866734703
         802,3057.67507575556,           1.00133570660656,                 -0.00355398653631434
         803,3057.67420366667,           1.00123173858717,                 -0.00325700107184944
         804,3057.67333157778,           1.00097981463446,                 -0.00266414855292331
         805,3057.67245948889,           1.00102247824459,                  -0.0029594160480254
         806,    3057.6715874,            1.0010666011814,                 -0.00355040615167039
         807,3057.67071531111,            1.0012585983267,                 -0.00399320268165745
         808,3057.66984322222,            1.0010069212901,                 -0.00414005816781726
         809,3057.66897113333,           1.00105249464883,                  -0.0042868461820461
         810,3057.66809904444,           1.00094878062478,                 -0.00354684345710832
         811,3057.66722695556,           1.00099286672537,                 -0.00251171641835149
         812,3057.66635486667,           1.00118612047025,                 -0.00147711141999152
         813,3057.66548277778,           1.00108245085776,                -0.000147674059722343
         814,3057.66461068889,           1.00112794831516,                  0.00103346049818702
         815,    3057.6637386,           1.00102582268766,                  0.00118080309370411
         816,3057.66286651111,           1.00107131157459,                  0.00132807219990733
         817,3057.66199442222,           1.00096925099175,                  0.00103268751023467
         818,3057.66112233333,           1.00071975127284,                 0.000589960059703958
         819,3057.66025024444,           1.00091273568561,                 0.000442359783007781
         820,3057.65937815555,           1.00095820741505,                 0.000589666101569986
         821,3057.65850606667,           1.00085627668496,                 0.000294759616164028
         822,3057.65763397778,            1.0010505579155,                                    0
         823,3057.65676188889,           1.00080134815042,                -0.000147306645297383
         824,    3057.6558898,           1.00099554654916,                 -0.00103089139706402
         825,3057.65501771111,           1.00074647412444,                 -0.00176680266139374
         826,3057.65414562222,           1.00094058976008,                 -0.00250235147440021
         827,3057.65327353333,            1.0008402879053,                  -0.0026488935718711
         828,3057.65240144444,           1.00074003563352,                 -0.00279536322802661
         829,3057.65152935556,           1.00078692093283,                 -0.00264758444691225
         830,3057.65065726667,           1.00083378306641,                 -0.00249987868235806
         831,3057.64978517778,           1.00073360668391,                 -0.00249926124777823
         832,3057.64891308889,           1.00078045883925,                 -0.00264562318388992
         833,     3057.648041,           1.00082728786238,                 -0.00293885563900273
         834,3057.64716891111,              1.00072865739,                 -0.00337885483264385
         835,3057.64629682222,           1.00092234663784,                 -0.00367176209331563
         836,3057.64542473333,           1.00097057584074,                  -0.0039645306656447
         837,3057.64455264444,           1.00072371540516,                 -0.00381675467222151
         838,3057.64368055556,           1.00062520730172,                 -0.00337553238016126
         839,3057.64280846667,           1.00052674747374,                 -0.00264107368448853
         840,3057.64193637778,            1.0005735585125,                 -0.00205366219310586
         841,3057.64106428889,           1.00032850547607,                 -0.00117323384310344
         842,    3057.6401922,           1.00052342740854,                 -0.00102632825203103
         843,3057.63932011111,            1.0002785066182,                -0.000732912153149323
         844,3057.63844802222,           1.00047334537946,                -0.000879279342650763
         845,3057.63757593333,            1.0002300221378,                 -0.00117208732636625
         846,3057.63670384444,            1.0002783026468,                 -0.00146475077265603
         847,3057.63583175556,             1.000619438054,                 -0.00161083181890736
         848,3057.63495966667,            1.0003762574245,                 -0.00102482566983338
         849,3057.63408757778,           1.00042446685499,                -0.000292735762064373
         850,3057.63321548889,           1.00047411673808,                 0.000877993959401559
         851,    3057.6323434,           1.00022968562329,                  0.00175555890412161
         852,3057.63147131111,           1.00027935861602,                  0.00277896005464313
         853,3057.63059922222,           1.00032900749406,                  0.00277828550539207
         854,3057.62972713333,           1.00008479011523,                  0.00248522751526953
         855,3057.62885504444,           1.00013446203494,                  0.00204616140121133
         856,3057.62798295556,           1.00003799092309,                  0.00131507041471476
         857,3057.62711086667,          0.999941566599468,                  0.00102258450930552
         858,3057.62623877778,          0.999991237114908,                 0.000876288509228778
         859,3057.62536668889,           1.00004088355196,                  0.00102208879907486
         860,    3057.6244946,          0.999945988318879,                  0.00102184261580031
         861,3057.62362251111,          0.999995621735457,                  0.00116753721160007
         862,3057.62275042222,           1.00019113791257,                 0.000729534017441699
         863,3057.62187833333,          0.999804531941523,                 0.000583486741722511
         864,3057.62100624445,                          1,                                    0
         865,3057.62013415556,           1.00004957236545,                -0.000583204299382095
         866,3057.61926206667,          0.999809046529967,                -0.000874596045951276
         867,3057.61838997778,          0.999860098280958,                 -0.00087438574401483
         868,3057.61751788889,          0.999909668658813,                 -0.00160265282751667
         869,    3057.6166458,          0.999815010917269,                 -0.00160226764570075
         870,3057.61577371111,          0.999866024360266,                 -0.00203875973507774
         871,3057.61490162222,          0.999917013293888,                 -0.00218386068715904
         872,3057.61402953333,          0.999676866243002,                  -0.0024744476887203
         873,3057.61315744444,           1.00001891770362,                 -0.00261937434788493
         874,3057.61228535556,          0.999778861485818,                 -0.00247325969808773
         875,3057.61141326667,          0.999975273338696,                  -0.0024726661304375
         876,3057.61054117778,          0.999589926739394,                 -0.00232665679776408
         877,3057.60966908889,          0.999931670851221,                 -0.00188995517898602
         878,     3057.608797,          0.999691865839549,                  -0.0015988093230932
         879,3057.60792491111,          0.999452175821046,                 -0.00130780307973094
         880,3057.60705282222,          0.999795159666503,                -0.000726384161338639
         881,3057.60618073333,          0.999555559428676,                -0.000871452100635289
         882,3057.60530864444,          0.999461281221367,                -0.000871243307762342
         883,3057.60443655556,          0.999658844280561,                 -0.00101620852598953
         884,3057.60356446667,          0.999419448476052,                 -0.00130624092888244
         885,3057.60269237778,          0.999471823832934,                  -0.0011608267408048
         886,3057.60182028889,          0.999524174268273,                 -0.00130561938583664
         887,    3057.6009482,          0.999430015968255,                 -0.00087020462861842
         888,3057.60007611111,           0.99962735098752,                -0.000724998078755091
         889,3057.59920402222,           0.99967962703368,                 -0.00115972114505067
         890,3057.59833193333,          0.999440568359358,                 -0.00130437429165229
         891,3057.59745984444,           0.99934796783308,                -0.000869376222560313
         892,3057.59658775555,           0.99940027291928,                 -0.00101403129590302
         893,3057.59571566667,          0.999452553158826,                -0.000144827206659734
         894,3057.59484357778,          0.999215222937499,                  0.00115834252767715
         895,3057.59397148889,          0.999267522285562,                   0.0020266181822393
         896,    3057.5930994,          0.999319796807387,                   0.0024603094200906
         897,3057.59222731111,          0.999227356778859,                  0.00231503586858699
         898,3057.59135522222,          0.999279616026663,                   0.0018805204123258
         899,3057.59048313333,          0.999331850484915,                  0.00144621107161348
         900,3057.58961104444,          0.999096331104283,                   0.0010121091632026
         901,3057.58873895555,          0.999148584322676,                 0.000722763732872306
         902,3057.58786686667,          0.999056294285884,                 0.000144518486082147
         903,3057.58699477778,          0.999253016469759,                -0.000144484241826165
         904,3057.58612268889,          0.999017738487317,                -0.000144450222453343
         905,    3057.5852506,          0.999214376902681,                -0.000288832021073184
         906,3057.58437851111,          0.999267983141955,                                    0
         907,3057.58350642222,          0.999031425969043,                -0.000144347843659737
         908,3057.58263433333,          0.999229363835517,                -0.000432941665439999
         909,3057.58176224444,          0.998992927407091,                -0.000721398705522163
         910,3057.58089015556,          0.999190780961283,                 -0.00115396654362498
         911,3057.58001806667,          0.999098676857627,                 -0.00173054043335617
         912,3057.57914597778,          0.999152234467724,                 -0.00230684498578407
         913,3057.57827388889,          0.999205766910606,                 -0.00273873479101291
         914,    3057.5774018,          0.999113724303409,                 -0.00302630725665247
         915,3057.57652971111,          0.999023164543466,                 -0.00316967257282323
         916,3057.57565762222,          0.999076689506958,                 -0.00288084397205005
         917,3057.57478553333,          0.999272758692694,                 -0.00259214723396289
         918,3057.57391344444,          0.999038251114362,                 -0.00230359014524136
         919,3057.57304135556,          0.999235675390907,                  -0.0020151684608863
         920,3057.57216926667,          0.999145193367622,                  -0.0015829752451453
         921,3057.57129717778,          0.999198626875206,                 -0.00100711164695845
         922,3057.57042508889,          0.998964356606542,                -0.000431518080607577
         923,     3057.569553,          0.999017807452871,                 0.000143805643796296
         924,3057.56868091111,          0.998927461303782,                 0.000575087772771319
         925,3057.56780882222,          0.998980895748079,                  0.00100616780866713
         926,3057.56693673333,           0.99903430515957,                  0.00114963671479812
         927,3057.56606464444,          0.998944018619753,                  0.00114936748870387
         928,3057.56519255555,           0.99899741165588,                 0.000574549194338392
         929,3057.56432046667,          0.998763572342506,                 0.000430811030485625
         930,3057.56344837778,          0.999104122758153,                                    0
         931,3057.56257628889,          0.998726831417839,                                    0
         932,    3057.5617042,          0.998923728205496,                  0.00028700581186769
         933,3057.56083211111,          0.998977063555486,                 0.000717346735283273
         934,3057.55996002222,          0.998744934915911,                  0.00100405206727149
         935,3057.55908793333,          0.999085092164775,                  0.00114721985608127
         936,3057.55821584444,          0.998994983519737,                  0.00129032073072297
         937,3057.55734375555,          0.999048252453903,                  0.00114668379047794
         938,3057.55647166666,          0.999102928237125,                  0.00100311538979631
         939,3057.55559957778,          0.998869609692989,                 0.000143268733461416
         940,3057.55472748889,          0.999066105948275,                -0.000716176420034606
         941,    3057.5538554,          0.998977537325616,                 -0.00128881849712307
         942,3057.55298331111,          0.998887579691242,                 -0.00272020410120877
         943,3057.55211122222,          0.998940799267148,                 -0.00300583991755411
         944,3057.55123913333,          0.999138525648181,                 -0.00372065334672769
         945,3057.55036704445,          0.999048593277203,                 -0.00386285436323707
         946,3057.54949495555,           0.99910316723571,                 -0.00400499480065854
         947,3057.54862286667,          0.999013284903259,                 -0.00429006563800426
         948,3057.54775077778,          0.999209382188653,                 -0.00471797247277515
         949,3057.54687868889,          0.999120945091229,                 -0.00514568727085611
         950,    3057.5460066,          0.999031121298469,                 -0.00557319607075387
         951,3057.54513451111,           0.99908563591165,                 -0.00542903677458068
         952,3057.54426242222,          0.998995862037443,                 -0.00557060889611957
         953,3057.54339033333,          0.999335965670139,                  -0.0051409109408581
         954,3057.54251824445,          0.998962061713783,                 -0.00513972191249052
         955,3057.54164615556,          0.999015115830942,                 -0.00513852609943048
         956,3057.54077406667,          0.999212274813343,                  -0.0045665228211978
         957,3057.53990197778,          0.998979904838675,                 -0.00413744890607278
         958,3057.53902988889,          0.998891705190728,                 -0.00385121748395683
         959,    3057.5381578,          0.999088755759449,                 -0.00342251357953565
         960,3057.53728571111,          0.998999147421878,                 -0.00327914662347698
         961,3057.53641362222,          0.999053543226277,                 -0.00299331208556881
         962,3057.53554153333,          0.998963984569498,                 -0.00285011122559058
         963,3057.53466944445,          0.999160835972639,                 -0.00327687141414098
         964,3057.53379735556,          0.998645397556588,                 -0.00313367547371915
         965,3057.53292526667,          0.998698402481295,                 -0.00299054134494613
         966,3057.53205317778,          0.998610430880326,                 -0.00213560827818718
         967,3057.53118108889,          0.998664840905403,                 -0.00142341054861089
         968,     3057.530309,          0.998576917603529,                -0.000284616479294151
         969,3057.52943691111,          0.998629889466368,                                    0
         970,3057.52856482222,          0.998399772412076,                 0.000711212261299385
         971,3057.52769273333,          0.998596390433839,                 0.000284419364976884
         972,3057.52682064444,          0.998507144380465,                 0.000142176725670008
         973,3057.52594855555,          0.998561502859937,                -0.000568575944688932
         974,3057.52507646667,          0.998473725048815,                 -0.00099477883224334
         975,3057.52420437778,          0.998385987644849,                 -0.00127870697151041
         976,3057.52333228889,          0.998440336478229,                 -0.00156250443893307
         977,    3057.5224602,          0.998351229335337,                 -0.00127811679431266
         978,3057.52158811111,            0.9984055610849,                 -0.00070990156504899
         979,3057.52071602222,          0.998317920182828,                -0.000425842991688964
         980,3057.51984393333,          0.998372234608251,                                    0
         981,3057.51897184444,          0.998141343056994,                 0.000283764418779529
         982,3057.51809975555,          0.998195673019638,                -0.000851097632246387
         983,3057.51722766667,          0.998391795034703,                 -0.00127635314706141
         984,3057.51635557778,          0.998162473628094,                 -0.00198498219187405
         985,3057.51548348889,            0.9980750094265,                 -0.00184277448125898
         986,    3057.5146114,          0.998127890184674,                 -0.00113375310542062
         987,3057.51373931111,            0.9981821608058,                 0.000141686609056891
         988,3057.51286722222,           0.99795309832919,                 0.000424962284597242
         989,3057.51199513333,          0.998007384149994,                 0.000566486382375476
         990,3057.51112304445,          0.998203234178479,                 -0.00070794555615495
         991,3057.51025095555,          0.997832767814549,                 -0.00169867970120224
         992,3057.50937886667,          0.998027155622607,                 -0.00254743176420972
         993,3057.50850677778,          0.997939883071385,                 -0.00311281404048922
         994,3057.50763468889,          0.997994109642137,                 -0.00297064157370445
         995,    3057.5067626,          0.997765457939696,                 -0.00268710754087232
         996,3057.50589051111,          0.997819699621912,                 -0.00141394317645162
         997,3057.50501842222,          0.997732554523299,                 -0.00056544774980068
         998,3057.50414633333,          0.997502709990715,                 0.000423988117026373
         999,3057.50327424444,          0.997556974491649,                 0.000989079153178688
        1000,3057.50240215556,          0.997469949469622,                  0.00127138217606948
        1001,3057.50153006667,          0.997382964269624,                  0.00112985892299023
        1002,3057.50065797778,          0.997578418982936,                 0.000988400415128174
        1003,3057.49978588889,          0.997491448762453,                 0.000847006608063221
        1004,    3057.4989138,          0.997404518311624,                  0.00211703237224768
        1005,3057.49804171111,           0.99717511732717,                  0.00296316364282872
        1006,3057.49716962222,          0.997229369808595,                  0.00352676959191044
        1007,3057.49629753333,          0.997142558947063,                  0.00366700233841918
        1008,3057.49542544444,          0.997055787745986,                  0.00366616468411761
        1009,3057.49455335555,          0.997251004440685,                  0.00366532741241982
        1010,3057.49368126667,          0.996882364216532,                  0.00324166469347946
        1011,3057.49280917778,          0.996935216824603,                  0.00267728185436996
        1012,3057.49193708889,          0.997130327103265,                  0.00211316119052684
        1013,     3057.491065,          0.997325348345561,                  0.00183098849434999
        1014,3057.49019291111,          0.997097841193758,                  0.00154894453511246
        1015,3057.48932082222,           0.99701121883988,                  0.00112624819976264
        1016,3057.48844873333,          0.996924635988093,                 0.000422246775090255
        1017,3057.48757664445,          0.997119526290831,                 -0.00042215051917478
        1018,3057.48670455555,                          1,                                    0
        1019,3057.48583246667,                          1,                                    0
        1020,3057.48496037778,                          1,                                    0
        1021,3057.48408828889,                          1,                                    0
        1022,    3057.4832162,                          1,                                    0
        1023,3057.48234411111,                          1,                                    0
